secs,km,power,hr,cad,alt
0,0,,104,,18
1,0.00043,,105,,17.9333
2,0.00086,,106,,17.8667
3,0.00129,,107,,17.8
4,0.00387,,109,,18
5,0.00646,,110,,17.6
6,0.00914,,110.75,,17.65
7,0.01182,,111.5,,17.7
8,0.0145,,112.25,,17.75
9,0.01718,,113,,17.8
10,0.019805,,113.5,,17.8
11,0.02243,,114,,17.8
12,0.0248667,,115,,17.8667
13,0.0273033,,116,,17.9333
14,0.02974,,117,,18
15,0.03242,,118,,17.9333
16,0.0351,,119,,17.8667
17,0.03778,,120,,17.8
18,0.0404667,,120.5,,17.7333
19,0.0431533,,121,,17.6667
20,0.04584,,121.5,,17.6
21,0.0485267,,122,,17.5333
22,0.0512133,,122.5,,17.4667
23,0.0539,,123,,17.4
24,0.05661,,123,,17.4
25,0.059325,,124.5,,17.5
26,0.06204,,126,,17.6
27,0.0644725,,126.25,,17.65
28,0.066905,,126.5,,17.7
29,0.0693375,,126.75,,17.75
30,0.07177,,127,,17.8
31,0.074052,,126.8,,17.84
32,0.076334,,126.6,,17.88
33,0.078616,,126.4,,17.92
34,0.080898,,126.2,,17.96
35,0.08318,,126,,18
36,0.0856283,,126.333,,17.9667
37,0.0880767,,126.667,,17.9333
38,0.090525,,127,,17.9
39,0.0929733,,127.333,,17.8667
40,0.0954217,,127.667,,17.8333
41,0.09787,,128,,17.8
42,0.10066,,128,,17.8
43,0.103626,,128.6,,17.76
44,0.106592,,129.2,,17.72
45,0.109558,,129.8,,17.68
46,0.112524,,130.4,,17.64
47,0.11549,,131,,17.6
48,0.11899,,131,,17.8
49,0.122045,,130.833,,17.8
50,0.1251,,130.667,,17.8
51,0.128155,,130.5,,17.8
52,0.13121,,130.333,,17.8
53,0.134265,,130.167,,17.8
54,0.13732,,130,,17.8
55,0.13973,,131,,17.8
56,0.14181,,131,,17.8
57,0.14452,,131.333,,17.9333
58,0.14723,,131.667,,18.0667
59,0.14994,,132,,18.2
60,0.152658,,132.6,,18.24
61,0.155376,,133.2,,18.28
62,0.158094,,133.8,,18.32
63,0.160812,,134.4,,18.36
64,0.16353,,135,,18.4
65,0.16591,,135.5,,18.5
66,0.16829,,136,,18.6
67,0.171153,,136.333,,18.5667
68,0.174017,,136.667,,18.5333
69,0.17688,,137,,18.5
70,0.179743,,137.333,,18.4667
71,0.182607,,137.667,,18.4333
72,0.18547,,138,,18.4
73,0.188225,,138.167,,18.3667
74,0.19098,,138.333,,18.3333
75,0.193735,,138.5,,18.3
76,0.19649,,138.667,,18.2667
77,0.199245,,138.833,,18.2333
78,0.202,,139,,18.2
79,0.20465,,139,,18.2
80,0.20732,,138.833,,18.2667
81,0.20999,,138.667,,18.3333
82,0.21266,,138.5,,18.4
83,0.21533,,138.333,,18.4667
84,0.218,,138.167,,18.5333
85,0.22067,,138,,18.6
86,0.22332,,138,,18.6
87,0.22593,,138,,18.6
88,0.22854,,138,,18.6
89,0.23115,,138,,18.6
90,0.23376,,138,,18.6
91,0.23637,,138,,18.6
92,0.23898,,138,,18.6
93,0.24154,,137,,18.6
94,0.244147,,137.167,,18.6
95,0.246753,,137.333,,18.6
96,0.24936,,137.5,,18.6
97,0.251967,,137.667,,18.6
98,0.254573,,137.833,,18.6
99,0.25718,,138,,18.6
100,0.260105,,138,,18.6
101,0.26303,,138,,18.6
102,0.265982,,138.25,,18.7
103,0.268935,,138.5,,18.8
104,0.271887,,138.75,,18.9
105,0.27484,,139,,19
106,0.277725,,139.25,,19.15
107,0.28061,,139.5,,19.3
108,0.283495,,139.75,,19.45
109,0.28638,,140,,19.6
110,0.289248,,140.4,,19.56
111,0.292116,,140.8,,19.52
112,0.294984,,141.2,,19.48
113,0.297852,,141.6,,19.44
114,0.30072,,142,,19.4
115,0.303467,,141.25,,19.4
116,0.306215,,140.5,,19.4
117,0.308962,,139.75,,19.4
118,0.31171,,139,,19.4
119,0.314607,,139,,19.45
120,0.317505,,139,,19.5
121,0.320403,,139,,19.55
122,0.3233,,139,,19.6
123,0.32613,,138.5,,19.6
124,0.32896,,138,,19.6
125,0.33179,,137.5,,19.6
126,0.33462,,137,,19.6
127,0.33745,,136.5,,19.6
128,0.34028,,136,,19.6
129,0.343152,,136.75,,19.65
130,0.346025,,137.5,,19.7
131,0.348898,,138.25,,19.75
132,0.35177,,139,,19.8
133,0.35452,,139,,19.8
134,0.35727,,139,,19.8
135,0.36002,,139,,19.8
136,0.362646,,139.4,,19.84
137,0.365272,,139.8,,19.88
138,0.367898,,140.2,,19.92
139,0.370524,,140.6,,19.96
140,0.37315,,141,,20
141,0.3758,,141.5,,20
142,0.37845,,142,,20
143,0.381058,,142,,19.9667
144,0.383667,,142,,19.9333
145,0.386275,,142,,19.9
146,0.388883,,142,,19.8667
147,0.391492,,142,,19.8333
148,0.3941,,142,,19.8
149,0.396883,,141.833,,19.8667
150,0.399667,,141.667,,19.9333
151,0.40245,,141.5,,20
152,0.405233,,141.333,,20.0667
153,0.408017,,141.167,,20.1333
154,0.4108,,141,,20.2
155,0.413685,,141,,20.3
156,0.41657,,141,,20.4
157,0.419344,,141.2,,20.4
158,0.422118,,141.4,,20.4
159,0.424892,,141.6,,20.4
160,0.427666,,141.8,,20.4
161,0.43044,,142,,20.4
162,0.433298,,142.333,,20.4
163,0.436157,,142.667,,20.4
164,0.439015,,143,,20.4
165,0.441873,,143.333,,20.4
166,0.444732,,143.667,,20.4
167,0.44759,,144,,20.4
168,0.45048,,143,,20.4
169,0.45327,,144,,20.4
170,0.456233,,143.667,,20.3333
171,0.459197,,143.333,,20.2667
172,0.46216,,143,,20.2
173,0.464514,,142.8,,20.24
174,0.466868,,142.6,,20.28
175,0.469222,,142.4,,20.32
176,0.471576,,142.2,,20.36
177,0.47393,,142,,20.4
178,0.47606,,142,,20.4
179,0.478573,,141.833,,20.4
180,0.481087,,141.667,,20.4
181,0.4836,,141.5,,20.4
182,0.486113,,141.333,,20.4
183,0.488627,,141.167,,20.4
184,0.49114,,141,,20.4
185,0.49355,,141,,20.4
186,0.495797,,141,,20.5
187,0.498043,,141,,20.6
188,0.50029,,141,,20.7
189,0.502537,,141,,20.8
190,0.504783,,141,,20.9
191,0.50703,,141,,21
192,0.50986,,141,,20.9333
193,0.51269,,141,,20.8667
194,0.51552,,141,,20.8
195,0.51835,,141,,20.7333
196,0.52118,,141,,20.6667
197,0.52401,,141,,20.6
198,0.526235,,141.5,,20.6
199,0.52846,,142,,20.6
200,0.531142,,142,,20.6667
201,0.533823,,142,,20.7333
202,0.536505,,142,,20.8
203,0.539187,,142,,20.8667
204,0.541868,,142,,20.9333
205,0.54455,,142,,21
206,0.547258,,142.167,,20.9333
207,0.549967,,142.333,,20.8667
208,0.552675,,142.5,,20.8
209,0.555383,,142.667,,20.7333
210,0.558092,,142.833,,20.6667
211,0.5608,,143,,20.6
212,0.56308,,143,,20.6
213,0.56536,,143,,20.6
214,0.56764,,143,,20.6
215,0.56992,,143,,20.6
216,0.5722,,143,,20.6
217,0.57448,,143,,20.6
218,0.57618,,143,,20.8
219,0.578453,,143.167,,20.8333
220,0.580727,,143.333,,20.8667
221,0.583,,143.5,,20.9
222,0.585273,,143.667,,20.9333
223,0.587547,,143.833,,20.9667
224,0.58982,,144,,21
225,0.591838,,144,,20.9333
226,0.593857,,144,,20.8667
227,0.595875,,144,,20.8
228,0.597893,,144,,20.7333
229,0.599912,,144,,20.6667
230,0.60193,,144,,20.6
231,0.60544,,144.167,,20.6667
232,0.60895,,144.333,,20.7333
233,0.61246,,144.5,,20.8
234,0.61597,,144.667,,20.8667
235,0.61948,,144.833,,20.9333
236,0.62299,,145,,21
237,0.62725,,145.5,,21.1
238,0.63151,,146,,21.2
239,0.634895,,146,,21.2
240,0.63828,,146,,21.2
241,0.641665,,146,,21.2
242,0.64505,,146,,21.2
243,0.648435,,146,,21.2
244,0.65182,,146,,21.2
245,0.65519,,145,,21.2
246,0.658378,,145,,21.2
247,0.661566,,145,,21.2
248,0.664754,,145,,21.2
249,0.667942,,145,,21.2
250,0.67113,,145,,21.2
251,0.674045,,144.833,,21.2
252,0.67696,,144.667,,21.2
253,0.679875,,144.5,,21.2
254,0.68279,,144.333,,21.2
255,0.685705,,144.167,,21.2
256,0.68862,,144,,21.2
257,0.692125,,144.167,,21.1667
258,0.69563,,144.333,,21.1333
259,0.699135,,144.5,,21.1
260,0.70264,,144.667,,21.0667
261,0.706145,,144.833,,21.0333
262,0.70965,,145,,21
263,0.71239,,145,,21.2
264,0.714997,,144.833,,21.1333
265,0.717603,,144.667,,21.0667
266,0.72021,,144.5,,21
267,0.722817,,144.333,,20.9333
268,0.725423,,144.167,,20.8667
269,0.72803,,144,,20.8
270,0.73069,,144.5,,20.9
271,0.73335,,145,,21
272,0.736053,,145.167,,21.0333
273,0.738757,,145.333,,21.0667
274,0.74146,,145.5,,21.1
275,0.744163,,145.667,,21.1333
276,0.746867,,145.833,,21.1667
277,0.74957,,146,,21.2
278,0.75207,,146,,21.2
279,0.754642,,146.167,,21.2
280,0.757213,,146.333,,21.2
281,0.759785,,146.5,,21.2
282,0.762357,,146.667,,21.2
283,0.764928,,146.833,,21.2
284,0.7675,,147,,21.2
285,0.7703,,146.667,,21.2333
286,0.7731,,146.333,,21.2667
287,0.7759,,146,,21.3
288,0.7787,,145.667,,21.3333
289,0.7815,,145.333,,21.3667
290,0.7843,,145,,21.4
291,0.78702,,144,,21.4
292,0.79007,,144.333,,21.4333
293,0.79312,,144.667,,21.4667
294,0.79617,,145,,21.5
295,0.79922,,145.333,,21.5333
296,0.80227,,145.667,,21.5667
297,0.80532,,146,,21.6
298,0.8081,,146,,21.6
299,0.810895,,146,,21.5667
300,0.81369,,146,,21.5333
301,0.816485,,146,,21.5
302,0.81928,,146,,21.4667
303,0.822075,,146,,21.4333
304,0.82487,,146,,21.4
305,0.82793,,146,,21.4
306,0.830853,,146,,21.4
307,0.833777,,146,,21.4
308,0.8367,,146,,21.4
309,0.839623,,146,,21.4
310,0.842547,,146,,21.4
311,0.84547,,146,,21.4
312,0.848315,,146,,21.4
313,0.85116,,146,,21.4
314,0.854005,,146,,21.4
315,0.85685,,146,,21.4
316,0.859302,,145.667,,21.4
317,0.861753,,145.333,,21.4
318,0.864205,,145,,21.4
319,0.866657,,144.667,,21.4
320,0.869108,,144.333,,21.4
321,0.87156,,144,,21.4
322,0.874395,,144,,21.4
323,0.87723,,144,,21.4
324,0.880065,,144,,21.4
325,0.8829,,144,,21.4
326,0.885735,,144,,21.4
327,0.88857,,144,,21.4
328,0.89158,,145,,21.6
329,0.894527,,144.667,,21.5667
330,0.897473,,144.333,,21.5333
331,0.90042,,144,,21.5
332,0.903367,,143.667,,21.4667
333,0.906313,,143.333,,21.4333
334,0.90926,,143,,21.4
335,0.9124,,143,,21.4
336,0.915122,,143,,21.28
337,0.917844,,143,,21.16
338,0.920566,,143,,21.04
339,0.923288,,143,,20.92
340,0.92601,,143,,20.8
341,0.92859,,143.333,,20.8
342,0.93117,,143.667,,20.8
343,0.93375,,144,,20.8
344,0.935995,,144,,20.7
345,0.93824,,144,,20.6
346,0.940485,,144,,20.5
347,0.94273,,144,,20.4
348,0.945727,,143,,20.3333
349,0.948723,,142,,20.2667
350,0.95172,,141,,20.2
351,0.95456,,139.5,,20.2
352,0.9574,,138,,20.2
353,0.960357,,139,,20.15
354,0.963315,,140,,20.1
355,0.966273,,141,,20.05
356,0.96923,,142,,20
357,0.97228,,141,,20
358,0.9752,,141,,20
359,0.97833,,142,,20
360,0.981152,,142.167,,19.9333
361,0.983973,,142.333,,19.8667
362,0.986795,,142.5,,19.8
363,0.989617,,142.667,,19.7333
364,0.992438,,142.833,,19.6667
365,0.99526,,143,,19.6
366,0.997515,,143.5,,19.6
367,0.99977,,144,,19.6
368,1.00222,,144,,19.52
369,1.00467,,144,,19.44
370,1.00712,,144,,19.36
371,1.00957,,144,,19.28
372,1.01202,,144,,19.2
373,1.01494,,144.167,,19.2
374,1.01786,,144.333,,19.2
375,1.02078,,144.5,,19.2
376,1.02369,,144.667,,19.2
377,1.02661,,144.833,,19.2
378,1.02953,,145,,19.2
379,1.03285,,145,,19.2
380,1.03616,,145,,19.2
381,1.03914,,144.667,,19.1667
382,1.04211,,144.333,,19.1333
383,1.04509,,144,,19.1
384,1.04807,,143.667,,19.0667
385,1.05104,,143.333,,19.0333
386,1.05402,,143,,19
387,1.05669,,143,,19
388,1.05936,,143,,19
389,1.0623,,142.667,,19
390,1.06525,,142.333,,19
391,1.06819,,142,,19
392,1.07162,,142.25,,19
393,1.07505,,142.5,,19
394,1.07849,,142.75,,19
395,1.08192,,143,,19
396,1.08494,,143.167,,19
397,1.08797,,143.333,,19
398,1.09099,,143.5,,19
399,1.09401,,143.667,,19
400,1.09704,,143.833,,19
401,1.10006,,144,,19
402,1.10255,,144.5,,19.1
403,1.10505,,145,,19.2
404,1.10761,,144.5,,19.2
405,1.11017,,144,,19.2
406,1.11298,,144,,19.2
407,1.11579,,144,,19.2
408,1.11859,,144,,19.2
409,1.1214,,144,,19.2
410,1.12421,,144,,19.2
411,1.12702,,144,,19.2
412,1.12993,,144.4,,19.12
413,1.13284,,144.8,,19.04
414,1.13575,,145.2,,18.96
415,1.13866,,145.6,,18.88
416,1.14157,,146,,18.8
417,1.14384,,145,,18.8
418,1.14654,,144.833,,18.8
419,1.14924,,144.667,,18.8
420,1.15194,,144.5,,18.8
421,1.15464,,144.333,,18.8
422,1.15734,,144.167,,18.8
423,1.16004,,144,,18.8
424,1.1629,,144,,18.8
425,1.16575,,143.833,,18.8
426,1.1686,,143.667,,18.8
427,1.17146,,143.5,,18.8
428,1.17431,,143.333,,18.8
429,1.17716,,143.167,,18.8
430,1.18001,,143,,18.8
431,1.18265,,143,,18.7667
432,1.1853,,143,,18.7333
433,1.18794,,143,,18.7
434,1.19058,,143,,18.6667
435,1.19323,,143,,18.6333
436,1.19587,,143,,18.6
437,1.19864,,143.333,,18.6
438,1.2014,,143.667,,18.6
439,1.20417,,144,,18.6
440,1.20693,,144.333,,18.6
441,1.20969,,144.667,,18.6
442,1.21246,,145,,18.6
443,1.21558,,145,,18.8
444,1.21841,,145,,18.8667
445,1.22124,,145,,18.9333
446,1.22407,,145,,19
447,1.2269,,145,,19.0667
448,1.22973,,145,,19.1333
449,1.23256,,145,,19.2
450,1.23533,,145,,19.4
451,1.23828,,144.833,,19.4333
452,1.24123,,144.667,,19.4667
453,1.24418,,144.5,,19.5
454,1.24714,,144.333,,19.5333
455,1.25009,,144.167,,19.5667
456,1.25304,,144,,19.6
457,1.25623,,145,,19.6
458,1.25932,,145,,19.4667
459,1.26242,,145,,19.3333
460,1.26551,,145,,19.2
461,1.26865,,143.5,,19.1
462,1.27178,,142,,19
463,1.27471,,142.5,,18.95
464,1.27763,,143,,18.9
465,1.28056,,143.5,,18.85
466,1.28348,,144,,18.8
467,1.28628,,144.2,,18.88
468,1.28908,,144.4,,18.96
469,1.29187,,144.6,,19.04
470,1.29467,,144.8,,19.12
471,1.29747,,145,,19.2
472,1.30012,,145.4,,19.2
473,1.30277,,145.8,,19.2
474,1.30541,,146.2,,19.2
475,1.30806,,146.6,,19.2
476,1.31071,,147,,19.2
477,1.31334,,147,,19.24
478,1.31596,,147,,19.28
479,1.31859,,147,,19.32
480,1.32121,,147,,19.36
481,1.32384,,147,,19.4
482,1.32647,,147,,19.4
483,1.32909,,147,,19.4
484,1.33172,,147,,19.4
485,1.33434,,147,,19.4
486,1.33697,,147,,19.4
487,1.33948,,147,,19.45
488,1.34199,,147,,19.5
489,1.34449,,147,,19.55
490,1.347,,147,,19.6
491,1.34924,,147,,19.6
492,1.35198,,147.6,,19.6
493,1.35472,,148.2,,19.6
494,1.35747,,148.8,,19.6
495,1.36021,,149.4,,19.6
496,1.36295,,150,,19.6
497,1.36582,,150,,19.7
498,1.36869,,150,,19.8
499,1.37153,,150,,20
500,1.3739,,150.5,,20
501,1.37627,,151,,20
502,1.37864,,151.5,,20
503,1.381,,152,,20
504,1.38337,,152.5,,20
505,1.38574,,153,,20
506,1.38848,,151,,20
507,1.39122,,149,,20
508,1.39415,,149.333,,20
509,1.39707,,149.667,,20
510,1.4,,150,,20
511,1.403,,150,,20.0333
512,1.40599,,150,,20.0667
513,1.40899,,150,,20.1
514,1.41198,,150,,20.1333
515,1.41498,,150,,20.1667
516,1.41797,,150,,20.2
517,1.42031,,149.8,,20.2
518,1.42266,,149.6,,20.2
519,1.425,,149.4,,20.2
520,1.42735,,149.2,,20.2
521,1.42969,,149,,20.2
522,1.43235,,149.2,,20.12
523,1.43501,,149.4,,20.04
524,1.43768,,149.6,,19.96
525,1.44034,,149.8,,19.88
526,1.443,,150,,19.8
527,1.44576,,150,,19.88
528,1.44852,,150,,19.96
529,1.45127,,150,,20.04
530,1.45403,,150,,20.12
531,1.45679,,150,,20.2
532,1.45973,,150,,20.2
533,1.46268,,150,,20.2
534,1.46562,,150,,20.2
535,1.46857,,150,,20.2
536,1.47158,,150,,21.2
537,1.47467,,150,,21.24
538,1.47776,,150,,21.28
539,1.48086,,150,,21.32
540,1.48395,,150,,21.36
541,1.48704,,150,,21.4
542,1.49016,,149.833,,21.3667
543,1.49328,,149.667,,21.3333
544,1.49639,,149.5,,21.3
545,1.49951,,149.333,,21.2667
546,1.50263,,149.167,,21.2333
547,1.50575,,149,,21.2
548,1.50856,,150,,21.1
549,1.51137,,151,,21
550,1.51406,,151,,21
551,1.51564,,150.667,,21
552,1.51722,,150.333,,21
553,1.5188,,150,,21
554,1.5219,,149.667,,20.9
555,1.52499,,149.333,,20.8
556,1.52809,,149,,20.7
557,1.53119,,148.667,,20.6
558,1.53428,,148.333,,20.5
559,1.53738,,148,,20.4
560,1.54013,,150,,20.6
561,1.54308,,149.833,,20.5667
562,1.54602,,149.667,,20.5333
563,1.54896,,149.5,,20.5
564,1.55191,,149.333,,20.4667
565,1.55485,,149.167,,20.4333
566,1.5578,,149,,20.4
567,1.5607,,150,,20.4
568,1.56333,,149.6,,20.32
569,1.56596,,149.2,,20.24
570,1.5686,,148.8,,20.16
571,1.57123,,148.4,,20.08
572,1.57386,,148,,20
573,1.57628,,148,,20.2
574,1.57893,,148,,20.24
575,1.58158,,148,,20.28
576,1.58423,,148,,20.32
577,1.58688,,148,,20.36
578,1.58953,,148,,20.4
579,1.59197,,148,,21.2
580,1.59479,,148.167,,21.1667
581,1.59762,,148.333,,21.1333
582,1.60044,,148.5,,21.1
583,1.60326,,148.667,,21.0667
584,1.60609,,148.833,,21.0333
585,1.60891,,149,,21
586,1.61125,,148.8,,20.96
587,1.61359,,148.6,,20.92
588,1.61593,,148.4,,20.88
589,1.61827,,148.2,,20.84
590,1.62061,,148,,20.8
591,1.62325,,147.667,,20.7667
592,1.62588,,147.333,,20.7333
593,1.62852,,147,,20.7
594,1.63116,,146.667,,20.6667
595,1.63379,,146.333,,20.6333
596,1.63643,,146,,20.6
597,1.63932,,146,,20.7
598,1.64221,,146,,20.8
599,1.6451,,146,,20.9
600,1.64799,,146,,21
601,1.65101,,145.4,,21
602,1.65403,,144.8,,21
603,1.65704,,144.2,,21
604,1.66006,,143.6,,21
605,1.66308,,143,,21
606,1.66584,,143.167,,21
607,1.66859,,143.333,,21
608,1.67135,,143.5,,21
609,1.67411,,143.667,,21
610,1.67686,,143.833,,21
611,1.67962,,144,,21
612,1.68195,,144.4,,21.08
613,1.68428,,144.8,,21.16
614,1.68661,,145.2,,21.24
615,1.68894,,145.6,,21.32
616,1.69127,,146,,21.4
617,1.69387,,145,,21.6
618,1.69619,,145,,21.8667
619,1.69851,,145,,22.1333
620,1.70083,,145,,22.4
621,1.70322,,145,,22.35
622,1.70562,,145,,22.3
623,1.70801,,145,,22.25
624,1.7104,,145,,22.2
625,1.71298,,145.167,,22.2
626,1.71556,,145.333,,22.2
627,1.71814,,145.5,,22.2
628,1.72071,,145.667,,22.2
629,1.72329,,145.833,,22.2
630,1.72587,,146,,22.2
631,1.72949,,146.167,,22.1333
632,1.73312,,146.333,,22.0667
633,1.73674,,146.5,,22
634,1.74036,,146.667,,21.9333
635,1.74399,,146.833,,21.8667
636,1.74761,,147,,21.8
637,1.75042,,146.8,,21.8
638,1.75323,,146.6,,21.8
639,1.75605,,146.4,,21.8
640,1.75886,,146.2,,21.8
641,1.76167,,146,,21.8
642,1.76451,,145.8,,21.72
643,1.76736,,145.6,,21.64
644,1.7702,,145.4,,21.56
645,1.77305,,145.2,,21.48
646,1.77589,,145,,21.4
647,1.77868,,145.25,,21.35
648,1.78147,,145.5,,21.3
649,1.78426,,145.75,,21.25
650,1.78705,,146,,21.2
651,1.79008,,145,,21.2
652,1.793,,145.2,,21.16
653,1.79592,,145.4,,21.12
654,1.79884,,145.6,,21.08
655,1.80176,,145.8,,21.04
656,1.80468,,146,,21
657,1.80768,,146.333,,20.9333
658,1.81068,,146.667,,20.8667
659,1.81368,,147,,20.8
660,1.81669,,147.333,,20.7333
661,1.81969,,147.667,,20.6667
662,1.82269,,148,,20.6
663,1.82557,,148,,20.2
664,1.82846,,148,,19.8
665,1.83119,,148,,19.8333
666,1.83392,,148,,19.8667
667,1.83665,,148,,19.9
668,1.83938,,148,,19.9333
669,1.84211,,148,,19.9667
670,1.84484,,148,,20
671,1.84753,,148,,20
672,1.85022,,148,,20
673,1.85292,,148,,20
674,1.85561,,148,,20
675,1.8583,,148,,20
676,1.86116,,148,,20
677,1.86402,,148,,20
678,1.86688,,148,,20
679,1.86974,,148,,20
680,1.87256,,149,,20
681,1.87578,,149,,20
682,1.879,,149,,20
683,1.88222,,149,,20
684,1.88544,,149,,20
685,1.88866,,149,,20
686,1.89164,,149,,19.96
687,1.89462,,149,,19.92
688,1.89761,,149,,19.88
689,1.90059,,149,,19.84
690,1.90357,,149,,19.8
691,1.90671,,149,,19.85
692,1.90984,,149,,19.9
693,1.91298,,149,,19.95
694,1.91612,,149,,20
695,1.91921,,148.75,,19.95
696,1.92231,,148.5,,19.9
697,1.9254,,148.25,,19.85
698,1.92849,,148,,19.8
699,1.93145,,147.5,,19.7
700,1.93441,,147,,19.6
701,1.93705,,148,,19.6
702,1.94006,,147.5,,19.5
703,1.94307,,147,,19.4
704,1.94587,,147,,19.2
705,1.94892,,146.8,,19.24
706,1.95197,,146.6,,19.28
707,1.95501,,146.4,,19.32
708,1.95806,,146.2,,19.36
709,1.96111,,146,,19.4
710,1.96415,,146.167,,19.4333
711,1.96718,,146.333,,19.4667
712,1.97022,,146.5,,19.5
713,1.97326,,146.667,,19.5333
714,1.97629,,146.833,,19.5667
715,1.97933,,147,,19.6
716,1.98208,,147.5,,19.6
717,1.98483,,148,,19.6
718,1.98759,,148.5,,19.6
719,1.99034,,149,,19.6
720,1.99314,,148,,19.6
721,1.99595,,147,,19.6
722,1.99875,,146,,19.6
723,2.00156,,145,,19.6
724,2.00443,,144,,19.6
725,2.00647,,145,,19.6
726,2.00852,,146,,19.6
727,2.01056,,147,,19.6
728,2.01455,,147,,19.3333
729,2.01855,,147,,19.0667
730,2.02254,,147,,18.8
731,2.02254,,148,,19
732,2.02574,,148,,19.8
733,2.02896,,148.167,,19.8
734,2.03218,,148.333,,19.8
735,2.0354,,148.5,,19.8
736,2.03862,,148.667,,19.8
737,2.04184,,148.833,,19.8
738,2.04506,,149,,19.8
739,2.04757,,149.167,,19.8
740,2.05009,,149.333,,19.8
741,2.0526,,149.5,,19.8
742,2.05511,,149.667,,19.8
743,2.05763,,149.833,,19.8
744,2.06014,,150,,19.8
745,2.06256,,150,,19.8
746,2.06499,,150,,19.8
747,2.0677,,150.2,,19.6
748,2.07041,,150.4,,19.4
749,2.07311,,150.6,,19.2
750,2.07582,,150.8,,19
751,2.07853,,151,,18.8
752,2.08128,,150,,18.8
753,2.08436,,150.333,,18.7333
754,2.08744,,150.667,,18.6667
755,2.09052,,151,,18.6
756,2.0936,,151.333,,18.5333
757,2.09668,,151.667,,18.4667
758,2.09976,,152,,18.4
759,2.10245,,152.2,,18.44
760,2.10514,,152.4,,18.48
761,2.10782,,152.6,,18.52
762,2.11051,,152.8,,18.56
763,2.1132,,153,,18.6
764,2.11666,,153,,18.6
765,2.12012,,153,,18.6
766,2.12357,,153,,18.6
767,2.12703,,153,,18.6
768,2.13049,,153,,18.6
769,2.1331,,153.167,,18.6
770,2.1357,,153.333,,18.6
771,2.13831,,153.5,,18.6
772,2.14092,,153.667,,18.6
773,2.14352,,153.833,,18.6
774,2.14613,,154,,18.6
775,2.14888,,153.833,,18.6333
776,2.15163,,153.667,,18.6667
777,2.15438,,153.5,,18.7
778,2.15713,,153.333,,18.7333
779,2.15988,,153.167,,18.7667
780,2.16263,,153,,18.8
781,2.16263,,152,,19
782,2.16526,,151.833,,19.0333
783,2.16789,,151.667,,19.0667
784,2.17052,,151.5,,19.1
785,2.17314,,151.333,,19.1333
786,2.17577,,151.167,,19.1667
787,2.1784,,151,,19.2
788,2.18179,,152,,19.3
789,2.18518,,153,,19.4
790,2.18741,,153.2,,19.52
791,2.18964,,153.4,,19.64
792,2.19188,,153.6,,19.76
793,2.19411,,153.8,,19.88
794,2.19634,,154,,20
795,2.20085,,154,,19.9
796,2.20536,,154,,19.8
797,2.20775,,153.833,,19.9667
798,2.21015,,153.667,,20.1333
799,2.21254,,153.5,,20.3
800,2.21494,,153.333,,20.4667
801,2.21733,,153.167,,20.6333
802,2.21973,,153,,20.8
803,2.22245,,152,,20.4
804,2.2252,,152,,20.7
805,2.22794,,152,,21
806,2.23016,,151.333,,20.8667
807,2.23239,,150.667,,20.7333
808,2.23461,,150,,20.6
809,2.23721,,150.25,,20.65
810,2.23981,,150.5,,20.7
811,2.24242,,150.75,,20.75
812,2.24502,,151,,20.8
813,2.2473,,151,,20.8667
814,2.24959,,151,,20.9333
815,2.25187,,151,,21
816,2.25415,,151,,21.0667
817,2.25644,,151,,21.1333
818,2.25872,,151,,21.2
819,2.261,,151,,21.2
820,2.26327,,151,,21.2
821,2.26555,,151,,21.2
822,2.26782,,151,,21.2
823,2.2701,,151,,21.2
824,2.27237,,151,,21.2
825,2.27477,,151,,20.7333
826,2.27717,,151,,20.2667
827,2.27957,,151,,19.8
828,2.2818,,150.667,,19.8667
829,2.28403,,150.333,,19.9333
830,2.28626,,150,,20
831,2.28988,,150,,20.0333
832,2.2935,,150,,20.0667
833,2.29712,,150,,20.1
834,2.30073,,150,,20.1333
835,2.30435,,150,,20.1667
836,2.30797,,150,,20.2
837,2.31153,,150.5,,20.2333
838,2.3151,,151,,20.2667
839,2.31866,,151.5,,20.3
840,2.32222,,152,,20.3333
841,2.32579,,152.5,,20.3667
842,2.32935,,153,,20.4
843,2.33266,,151,,21.2
844,2.33599,,150,,21.4
845,2.33887,,150.2,,21.32
846,2.34175,,150.4,,21.24
847,2.34462,,150.6,,21.16
848,2.3475,,150.8,,21.08
849,2.35038,,151,,21
850,2.35303,,150,,21.1333
851,2.35567,,149,,21.2667
852,2.35832,,148,,21.4
853,2.36106,,148.333,,21.4667
854,2.3638,,148.667,,21.5333
855,2.36654,,149,,21.6
856,2.36913,,149.167,,21.6333
857,2.37172,,149.333,,21.6667
858,2.37431,,149.5,,21.7
859,2.3769,,149.667,,21.7333
860,2.37949,,149.833,,21.7667
861,2.38208,,150,,21.8
862,2.38486,,150,,21.8
863,2.3877,,149.833,,21.8
864,2.39055,,149.667,,21.8
865,2.39339,,149.5,,21.8
866,2.39623,,149.333,,21.8
867,2.39908,,149.167,,21.8
868,2.40192,,149,,21.8
869,2.40464,,149.167,,21.7333
870,2.40736,,149.333,,21.6667
871,2.41008,,149.5,,21.6
872,2.41281,,149.667,,21.5333
873,2.41553,,149.833,,21.4667
874,2.41825,,150,,21.4
875,2.42078,,151,,21.3333
876,2.42331,,152,,21.2667
877,2.42584,,153,,21.2
878,2.42836,,153.25,,21.25
879,2.43088,,153.5,,21.3
880,2.43339,,153.75,,21.35
881,2.43591,,154,,21.4
882,2.43867,,154,,21.4333
883,2.44143,,154,,21.4667
884,2.44419,,154,,21.5
885,2.44694,,154,,21.5333
886,2.4497,,154,,21.5667
887,2.45246,,154,,21.6
888,2.45519,,153,,21.6
889,2.45791,,152,,21.6
890,2.46073,,151.833,,21.4667
891,2.46355,,151.667,,21.3333
892,2.46637,,151.5,,21.2
893,2.46919,,151.333,,21.0667
894,2.47201,,151.167,,20.9333
895,2.47483,,151,,20.8
896,2.47783,,151.167,,20.9
897,2.48084,,151.333,,21
898,2.48384,,151.5,,21.1
899,2.48685,,151.667,,21.2
900,2.48986,,151.833,,21.3
901,2.49286,,152,,21.4
902,2.49582,,152,,21.4333
903,2.49878,,152,,21.4667
904,2.50175,,152,,21.5
905,2.50471,,152,,21.5333
906,2.50767,,152,,21.5667
907,2.51063,,152,,21.6
908,2.51321,,152,,21.6
909,2.5158,,152,,21.6
910,2.51847,,152.167,,21.5667
911,2.52113,,152.333,,21.5333
912,2.5238,,152.5,,21.5
913,2.52647,,152.667,,21.4667
914,2.52913,,152.833,,21.4333
915,2.5318,,153,,21.4
916,2.53459,,152.833,,21.4
917,2.53738,,152.667,,21.4
918,2.54017,,152.5,,21.4
919,2.54297,,152.333,,21.4
920,2.54576,,152.167,,21.4
921,2.54855,,152,,21.4
922,2.55129,,151.833,,21.4
923,2.55402,,151.667,,21.4
924,2.55676,,151.5,,21.4
925,2.5595,,151.333,,21.4
926,2.56223,,151.167,,21.4
927,2.56497,,151,,21.4
928,2.57035,,151,,21.4
929,2.57307,,151.333,,21.4
930,2.57578,,151.667,,21.4
931,2.5785,,152,,21.4
932,2.58119,,149,,21.4
933,2.58389,,149,,21.4
934,2.58652,,148.833,,21.4
935,2.58915,,148.667,,21.4
936,2.59178,,148.5,,21.4
937,2.59441,,148.333,,21.4
938,2.59704,,148.167,,21.4
939,2.59967,,148,,21.4
940,2.60219,,148.75,,21.35
941,2.60471,,149.5,,21.3
942,2.60724,,150.25,,21.25
943,2.60976,,151,,21.2
944,2.61227,,150.5,,21.1
945,2.61478,,150,,21
946,2.6178,,150.333,,20.9333
947,2.62082,,150.667,,20.8667
948,2.62384,,151,,20.8
949,2.62687,,151.333,,20.7333
950,2.62989,,151.667,,20.6667
951,2.63291,,152,,20.6
952,2.63605,,152,,20.5667
953,2.63918,,152,,20.5333
954,2.64232,,152,,20.5
955,2.64545,,152,,20.4667
956,2.64859,,152,,20.4333
957,2.65172,,152,,20.4
958,2.65499,,152.5,,20.4
959,2.65826,,153,,20.4
960,2.66117,,153.2,,20.36
961,2.66408,,153.4,,20.32
962,2.66699,,153.6,,20.28
963,2.6699,,153.8,,20.24
964,2.67281,,154,,20.2
965,2.67571,,153,,20.2
966,2.67856,,153,,20.2
967,2.68141,,153,,20.2
968,2.68427,,153,,20.2
969,2.68712,,153,,20.2
970,2.68997,,153,,20.2
971,2.69311,,153,,20.2
972,2.69624,,153,,20.2
973,2.69938,,153,,20.2
974,2.70252,,153,,20.2
975,2.70565,,153,,20.2
976,2.70879,,153,,20.2
977,2.71224,,152.833,,20.1333
978,2.71569,,152.667,,20.0667
979,2.71914,,152.5,,20
980,2.7226,,152.333,,19.9333
981,2.72605,,152.167,,19.8667
982,2.7295,,152,,19.8
983,2.73303,,154,,20
984,2.73645,,154,,19.8333
985,2.73988,,154,,19.6667
986,2.7433,,154,,19.5
987,2.74673,,154,,19.3333
988,2.75015,,154,,19.1667
989,2.75358,,154,,19
990,2.7564,,154.167,,18.9667
991,2.75923,,154.333,,18.9333
992,2.76205,,154.5,,18.9
993,2.76488,,154.667,,18.8667
994,2.7677,,154.833,,18.8333
995,2.77053,,155,,18.8
996,2.7732,,154,,18.8
997,2.77571,,154,,18.8
998,2.77822,,154,,18.8
999,2.78091,,155,,19
1000,2.78366,,154,,18.9333
1001,2.7864,,153,,18.8667
1002,2.78915,,152,,18.8
1003,2.79205,,152.25,,18.8
1004,2.79494,,152.5,,18.8
1005,2.79783,,152.75,,18.8
1006,2.80073,,153,,18.8
1007,2.80358,,153,,18.8
1008,2.80642,,153,,18.8
1009,2.80927,,153,,18.8
1010,2.81211,,153,,18.8
1011,2.81496,,153,,18.8
1012,2.81773,,152.667,,18.8333
1013,2.82051,,152.333,,18.8667
1014,2.82328,,152,,18.9
1015,2.82605,,151.667,,18.9333
1016,2.82883,,151.333,,18.9667
1017,2.8316,,151,,19
1018,2.83459,,151.2,,19
1019,2.83758,,151.4,,19
1020,2.84057,,151.6,,19
1021,2.84356,,151.8,,19
1022,2.84655,,152,,19
1023,2.84933,,152,,19
1024,2.8521,,152,,19
1025,2.85488,,152,,19
1026,2.85783,,151.667,,18.9333
1027,2.86079,,151.333,,18.8667
1028,2.86374,,151,,18.8
1029,2.86667,,151.167,,18.8667
1030,2.8696,,151.333,,18.9333
1031,2.87252,,151.5,,19
1032,2.87545,,151.667,,19.0667
1033,2.87838,,151.833,,19.1333
1034,2.88131,,152,,19.2
1035,2.88361,,152.333,,19.2
1036,2.8859,,152.667,,19.2
1037,2.8882,,153,,19.2
1038,2.89145,,153.2,,19.16
1039,2.89469,,153.4,,19.12
1040,2.89794,,153.6,,19.08
1041,2.90118,,153.8,,19.04
1042,2.90443,,154,,19
1043,2.90685,,154,,18.9667
1044,2.90928,,154,,18.9333
1045,2.9117,,154,,18.9
1046,2.91412,,154,,18.8667
1047,2.91655,,154,,18.8333
1048,2.91897,,154,,18.8
1049,2.92526,,155,,18.8
1050,2.92812,,154.75,,18.75
1051,2.93098,,154.5,,18.7
1052,2.93383,,154.25,,18.65
1053,2.93669,,154,,18.6
1054,2.9392,,154,,18.5667
1055,2.94171,,154,,18.5333
1056,2.94421,,154,,18.5
1057,2.94672,,154,,18.4667
1058,2.94923,,154,,18.4333
1059,2.95174,,154,,18.4
1060,2.95531,,153.8,,18.4
1061,2.95888,,153.6,,18.4
1062,2.96246,,153.4,,18.4
1063,2.96603,,153.2,,18.4
1064,2.9696,,153,,18.4
1065,2.97227,,153,,18.5
1066,2.97493,,153,,18.6
1067,2.9776,,153,,18.7
1068,2.98027,,153,,18.8
1069,2.9838,,153,,18.8
1070,2.98658,,153.167,,18.8667
1071,2.98936,,153.333,,18.9333
1072,2.99214,,153.5,,19
1073,2.99493,,153.667,,19.0667
1074,2.99771,,153.833,,19.1333
1075,3.00049,,154,,19.2
1076,3.0032,,153.6,,19.24
1077,3.00591,,153.2,,19.28
1078,3.00862,,152.8,,19.32
1079,3.01133,,152.4,,19.36
1080,3.01404,,152,,19.4
1081,3.01604,,152,,19.6
1082,3.01805,,152,,19.8
1083,3.02005,,152,,20
1084,3.02403,,152,,20
1085,3.02801,,152,,20
1086,3.03199,,152,,20
1087,3.03483,,152.167,,19.9333
1088,3.03768,,152.333,,19.8667
1089,3.04052,,152.5,,19.8
1090,3.04337,,152.667,,19.7333
1091,3.04621,,152.833,,19.6667
1092,3.04906,,153,,19.6
1093,3.05224,,154,,19.6
1094,3.05479,,154.167,,19.6
1095,3.05733,,154.333,,19.6
1096,3.05988,,154.5,,19.6
1097,3.06243,,154.667,,19.6
1098,3.06497,,154.833,,19.6
1099,3.06752,,155,,19.6
1100,3.0698,,155,,19.6333
1101,3.07208,,155,,19.6667
1102,3.07436,,155,,19.7
1103,3.07663,,155,,19.7333
1104,3.07891,,155,,19.7667
1105,3.08119,,155,,19.8
1106,3.0838,,154,,20
1107,3.08616,,154,,20.0333
1108,3.08851,,154,,20.0667
1109,3.09087,,154,,20.1
1110,3.09323,,154,,20.1333
1111,3.09558,,154,,20.1667
1112,3.09794,,154,,20.2
1113,3.10028,,154,,20.2
1114,3.10342,,154,,20.2
1115,3.10656,,154,,20.2
1116,3.1097,,154,,20.2
1117,3.11284,,154,,20.2
1118,3.1158,,154,,20.28
1119,3.11876,,154,,20.36
1120,3.12172,,154,,20.44
1121,3.12468,,154,,20.52
1122,3.12764,,154,,20.6
1123,3.12975,,153.667,,20.7333
1124,3.13187,,153.333,,20.8667
1125,3.13398,,153,,21
1126,3.13869,,153.333,,21
1127,3.14341,,153.667,,21
1128,3.14812,,154,,21
1129,3.15152,,154.167,,21.0333
1130,3.15492,,154.333,,21.0667
1131,3.15831,,154.5,,21.1
1132,3.16171,,154.667,,21.1333
1133,3.16511,,154.833,,21.1667
1134,3.16851,,155,,21.2
1135,3.17183,,155,,21.4
1136,3.17463,,155.4,,21.52
1137,3.17743,,155.8,,21.64
1138,3.18024,,156.2,,21.76
1139,3.18304,,156.6,,21.88
1140,3.18584,,157,,22
1141,3.18871,,157.167,,21.8
1142,3.19158,,157.333,,21.6
1143,3.19445,,157.5,,21.4
1144,3.19733,,157.667,,21.2
1145,3.2002,,157.833,,21
1146,3.20307,,158,,20.8
1147,3.20307,,158,,20.4
1148,3.20598,,158.167,,20.4667
1149,3.2089,,158.333,,20.5333
1150,3.21181,,158.5,,20.6
1151,3.21472,,158.667,,20.6667
1152,3.21764,,158.833,,20.7333
1153,3.22055,,159,,20.8
1154,3.22318,,158.5,,20.8
1155,3.22582,,158,,20.8
1156,3.22883,,158,,20.8
1157,3.23184,,158,,20.8
1158,3.23485,,158,,20.8
1159,3.23786,,158,,20.8
1160,3.24087,,158,,20.8
1161,3.24455,,157.5,,20.7
1162,3.24823,,157,,20.6
1163,3.2519,,156.5,,20.5
1164,3.25558,,156,,20.4
1165,3.25834,,156,,20.5667
1166,3.26111,,156,,20.7333
1167,3.26387,,156,,20.9
1168,3.26663,,156,,21.0667
1169,3.2694,,156,,21.2333
1170,3.27216,,156,,21.4
1171,3.27216,,156,,22.2
1172,3.27532,,156.2,,22.16
1173,3.27849,,156.4,,22.12
1174,3.28165,,156.6,,22.08
1175,3.28482,,156.8,,22.04
1176,3.28798,,157,,22
1177,3.29098,,157.333,,21.9333
1178,3.29399,,157.667,,21.8667
1179,3.29699,,158,,21.8
1180,3.29999,,158.333,,21.7333
1181,3.303,,158.667,,21.6667
1182,3.306,,159,,21.6
1183,3.306,,159,,21.6
1184,3.30894,,158,,21.6
1185,3.31187,,157,,21.6
1186,3.31481,,156,,21.6
1187,3.31839,,156.667,,21.6
1188,3.32197,,157.333,,21.6
1189,3.32555,,158,,21.6
1190,3.32773,,157.25,,21.6
1191,3.32991,,156.5,,21.6
1192,3.3321,,155.75,,21.6
1193,3.33428,,155,,21.6
1194,3.33719,,155,,21.6
1195,3.33988,,156,,21.3
1196,3.34257,,157,,21
1197,3.34518,,156.25,,21.05
1198,3.34779,,155.5,,21.1
1199,3.35041,,154.75,,21.15
1200,3.35302,,154,,21.2
1201,3.35606,,154,,21.2333
1202,3.3591,,154,,21.2667
1203,3.36214,,154,,21.3
1204,3.36519,,154,,21.3333
1205,3.36823,,154,,21.3667
1206,3.37127,,154,,21.4
1207,3.37437,,153.8,,21.4
1208,3.37746,,153.6,,21.4
1209,3.38056,,153.4,,21.4
1210,3.38365,,153.2,,21.4
1211,3.38675,,153,,21.4
1212,3.39037,,153.4,,21.36
1213,3.39398,,153.8,,21.32
1214,3.3976,,154.2,,21.28
1215,3.40121,,154.6,,21.24
1216,3.40483,,155,,21.2
1217,3.40804,,154.833,,21.1667
1218,3.41126,,154.667,,21.1333
1219,3.41448,,154.5,,21.1
1220,3.41769,,154.333,,21.0667
1221,3.42091,,154.167,,21.0333
1222,3.42412,,154,,21
1223,3.42722,,154,,21.2
1224,3.43007,,154.5,,21.2
1225,3.43292,,155,,21.2
1226,3.43576,,155.5,,21.2
1227,3.43861,,156,,21.2
1228,3.44149,,156,,21.1667
1229,3.44437,,156,,21.1333
1230,3.44726,,156,,21.1
1231,3.45014,,156,,21.0667
1232,3.45302,,156,,21.0333
1233,3.4559,,156,,21
1234,3.45873,,155,,21
1235,3.46218,,155.333,,20.9
1236,3.46564,,155.667,,20.8
1237,3.46909,,156,,20.7
1238,3.47255,,156.333,,20.6
1239,3.47601,,156.667,,20.5
1240,3.47946,,157,,20.4
1241,3.48247,,156,,20.4
1242,3.48486,,155.833,,20.3333
1243,3.48725,,155.667,,20.2667
1244,3.48964,,155.5,,20.2
1245,3.49202,,155.333,,20.1333
1246,3.49441,,155.167,,20.0667
1247,3.4968,,155,,20
1248,3.4996,,154,,20.1
1249,3.5024,,153,,20.2
1250,3.50621,,152.5,,20.15
1251,3.51002,,152,,20.1
1252,3.51383,,151.5,,20.05
1253,3.51764,,151,,20
1254,3.51943,,151.667,,19.7333
1255,3.52121,,152.333,,19.4667
1256,3.523,,153,,19.2
1257,3.52665,,152.833,,19.2
1258,3.53031,,152.667,,19.2
1259,3.53396,,152.5,,19.2
1260,3.53761,,152.333,,19.2
1261,3.54127,,152.167,,19.2
1262,3.54492,,152,,19.2
1263,3.54762,,152.167,,19.2
1264,3.55032,,152.333,,19.2
1265,3.55302,,152.5,,19.2
1266,3.55572,,152.667,,19.2
1267,3.55842,,152.833,,19.2
1268,3.56112,,153,,19.2
1269,3.56601,,153.5,,19.2
1270,3.57089,,154,,19.2
1271,3.57349,,153.8,,19.12
1272,3.57609,,153.6,,19.04
1273,3.57868,,153.4,,18.96
1274,3.58128,,153.2,,18.88
1275,3.58388,,153,,18.8
1276,3.59063,,154,,18.8
1277,3.59305,,154.167,,18.8333
1278,3.59547,,154.333,,18.8667
1279,3.59789,,154.5,,18.9
1280,3.6003,,154.667,,18.9333
1281,3.60272,,154.833,,18.9667
1282,3.60514,,155,,19
1283,3.60767,,155.2,,19.04
1284,3.6102,,155.4,,19.08
1285,3.61272,,155.6,,19.12
1286,3.61525,,155.8,,19.16
1287,3.61778,,156,,19.2
1288,3.6201,,156,,19.2
1289,3.62279,,155.667,,19.1333
1290,3.62549,,155.333,,19.0667
1291,3.62818,,155,,19
1292,3.63136,,154.8,,18.96
1293,3.63454,,154.6,,18.92
1294,3.63771,,154.4,,18.88
1295,3.64089,,154.2,,18.84
1296,3.64407,,154,,18.8
1297,3.64721,,152.5,,18.8
1298,3.65036,,151,,18.8
1299,3.6539,,152.5,,18.7
1300,3.65744,,154,,18.6
1301,3.6588,,154,,18.6
1302,3.66015,,154,,18.6
1303,3.66299,,154,,18.6667
1304,3.66583,,154,,18.7333
1305,3.66867,,154,,18.8
1306,3.67151,,154,,18.8667
1307,3.67435,,154,,18.9333
1308,3.67719,,154,,19
1309,3.68369,,156,,19
1310,3.68689,,156,,19
1311,3.69008,,156,,19
1312,3.69328,,156,,19
1313,3.69647,,156,,19
1314,3.69967,,156,,19
1315,3.70273,,157,,19.1333
1316,3.7058,,158,,19.2667
1317,3.70886,,159,,19.4
1318,3.71131,,158.25,,19.45
1319,3.71375,,157.5,,19.5
1320,3.7162,,156.75,,19.55
1321,3.71864,,156,,19.6
1322,3.72188,,156.5,,19.6
1323,3.72511,,157,,19.6
1324,3.72835,,157.5,,19.6
1325,3.73159,,158,,19.6
1326,3.73482,,158.5,,19.6
1327,3.73806,,159,,19.6
1328,3.74078,,159,,19.5667
1329,3.7435,,159,,19.5333
1330,3.74622,,159,,19.5
1331,3.74894,,159,,19.4667
1332,3.75166,,159,,19.4333
1333,3.75438,,159,,19.4
1334,3.75763,,159.75,,19.3
1335,3.76088,,160.5,,19.2
1336,3.76412,,161.25,,19.1
1337,3.76737,,162,,19
1338,3.77093,,162,,19
1339,3.77464,,161.833,,18.9
1340,3.77835,,161.667,,18.8
1341,3.78207,,161.5,,18.7
1342,3.78578,,161.333,,18.6
1343,3.78949,,161.167,,18.5
1344,3.7932,,161,,18.4
1345,3.7963,,160.667,,18.4
1346,3.79939,,160.333,,18.4
1347,3.80249,,160,,18.4
1348,3.80382,,159.5,,18.3
1349,3.80516,,159,,18.2
1350,3.8081,,159.5,,18.25
1351,3.81105,,160,,18.3
1352,3.81399,,160.5,,18.35
1353,3.81693,,161,,18.4
1354,3.82232,,160,,18.4
1355,3.82465,,159.833,,18.5
1356,3.82698,,159.667,,18.6
1357,3.82931,,159.5,,18.7
1358,3.83165,,159.333,,18.8
1359,3.83398,,159.167,,18.9
1360,3.83631,,159,,19
1361,3.83918,,159.333,,19.4667
1362,3.84204,,159.667,,19.9333
1363,3.84491,,160,,20.4
1364,3.84762,,160,,20.3
1365,3.85032,,160,,20.2
1366,3.85346,,160.333,,20.1667
1367,3.85661,,160.667,,20.1333
1368,3.85976,,161,,20.1
1369,3.8629,,161.333,,20.0667
1370,3.86605,,161.667,,20.0333
1371,3.86919,,162,,20
1372,3.87222,,162.167,,20
1373,3.87526,,162.333,,20
1374,3.87829,,162.5,,20
1375,3.88132,,162.667,,20
1376,3.88436,,162.833,,20
1377,3.88739,,163,,20
1378,3.88739,,162,,20
1379,3.89108,,161.6,,20.04
1380,3.89476,,161.2,,20.08
1381,3.89845,,160.8,,20.12
1382,3.90213,,160.4,,20.16
1383,3.90582,,160,,20.2
1384,3.90826,,160.167,,20.2667
1385,3.9107,,160.333,,20.3333
1386,3.91315,,160.5,,20.4
1387,3.91559,,160.667,,20.4667
1388,3.91803,,160.833,,20.5333
1389,3.92047,,161,,20.6
1390,3.92502,,161.5,,20.9
1391,3.92956,,162,,21.2
1392,3.93281,,162,,21.2
1393,3.93606,,162,,21.2
1394,3.93931,,162,,21.2
1395,3.94256,,162,,21.2
1396,3.94524,,161.5,,21.15
1397,3.94791,,161,,21.1
1398,3.95059,,160.5,,21.05
1399,3.95327,,160,,21
1400,3.95473,,159.5,,20.9
1401,3.95618,,159,,20.8
1402,3.95973,,159.75,,20.8
1403,3.96328,,160.5,,20.8
1404,3.96682,,161.25,,20.8
1405,3.97037,,162,,20.8
1406,3.97037,,162,,20.8
1407,3.97389,,161.833,,20.8
1408,3.97741,,161.667,,20.8
1409,3.98093,,161.5,,20.8
1410,3.98445,,161.333,,20.8
1411,3.98797,,161.167,,20.8
1412,3.99149,,161,,20.8
1413,3.99614,,160.333,,20.8
1414,4.0008,,159.667,,20.8
1415,4.00545,,159,,20.8
1416,4.00882,,160,,20.8667
1417,4.01219,,161,,20.9333
1418,4.01556,,162,,21
1419,4.01811,,162,,21
1420,4.02066,,162,,21
1421,4.02322,,162,,21
1422,4.02577,,162,,21
1423,4.02832,,162,,21
1424,4.03424,,161,,21
1425,4.03737,,160,,21.0667
1426,4.04051,,159,,21.1333
1427,4.04364,,158,,21.2
1428,4.04629,,158.75,,21.2
1429,4.04893,,159.5,,21.2
1430,4.05158,,160.25,,21.2
1431,4.05423,,161,,21.2
1432,4.0573,,160.5,,21.2
1433,4.06037,,160,,21.2
1434,4.06347,,160.2,,21.04
1435,4.06658,,160.4,,20.88
1436,4.06968,,160.6,,20.72
1437,4.07279,,160.8,,20.56
1438,4.07589,,161,,20.4
1439,4.07899,,161,,20.4
1440,4.0821,,161,,20.4
1441,4.0852,,161,,20.4
1442,4.08752,,160.25,,20.35
1443,4.08984,,159.5,,20.3
1444,4.09216,,158.75,,20.25
1445,4.09448,,158,,20.2
1446,4.09741,,158.5,,20.25
1447,4.10035,,159,,20.3
1448,4.10329,,159.5,,20.35
1449,4.10622,,160,,20.4
1450,4.10942,,159.4,,20.4
1451,4.11261,,158.8,,20.4
1452,4.11581,,158.2,,20.4
1453,4.119,,157.6,,20.4
1454,4.1222,,157,,20.4
1455,4.1222,,158,,20.6
1456,4.12524,,157.667,,20.5667
1457,4.12828,,157.333,,20.5333
1458,4.13132,,157,,20.5
1459,4.13435,,156.667,,20.4667
1460,4.13739,,156.333,,20.4333
1461,4.14043,,156,,20.4
1462,4.1436,,156.6,,20.4
1463,4.14676,,157.2,,20.4
1464,4.14993,,157.8,,20.4
1465,4.15309,,158.4,,20.4
1466,4.15626,,159,,20.4
1467,4.15911,,158.5,,20.4
1468,4.16195,,158,,20.4
1469,4.16464,,157,,21.6
1470,4.16704,,158,,22.1333
1471,4.16943,,159,,22.6667
1472,4.17183,,160,,23.2
1473,4.17444,,159.5,,22.9
1474,4.17706,,159,,22.6
1475,4.18039,,159.2,,22.8
1476,4.18371,,159.4,,23
1477,4.18704,,159.6,,23.2
1478,4.19036,,159.8,,23.4
1479,4.19369,,160,,23.6
1480,4.19652,,159.8,,23.52
1481,4.19935,,159.6,,23.44
1482,4.20218,,159.4,,23.36
1483,4.20501,,159.2,,23.28
1484,4.20784,,159,,23.2
1485,4.21048,,159.167,,23.1333
1486,4.21312,,159.333,,23.0667
1487,4.21577,,159.5,,23
1488,4.21841,,159.667,,22.9333
1489,4.22105,,159.833,,22.8667
1490,4.22369,,160,,22.8
1491,4.22614,,159,,23
1492,4.22927,,159,,23.04
1493,4.2324,,159,,23.08
1494,4.23552,,159,,23.12
1495,4.23865,,159,,23.16
1496,4.24178,,159,,23.2
1497,4.24515,,158,,23.2
1498,4.24851,,157,,23.2
1499,4.25188,,156,,23.2
1500,4.25485,,156,,23.2
1501,4.25783,,156,,23.2
1502,4.26041,,156,,22.3
1503,4.26299,,156,,21.4
1504,4.26548,,156,,21.6
1505,4.26841,,155,,21.8
1506,4.27135,,154,,22
1507,4.27746,,156,,22.4
1508,4.27929,,156.333,,22.0667
1509,4.28111,,156.667,,21.7333
1510,4.28294,,157,,21.4
1511,4.28607,,156,,21.8
1512,4.28921,,155,,22.2
1513,4.2932,,156,,22.1333
1514,4.29718,,157,,22.0667
1515,4.30117,,158,,22
1516,4.30414,,157,,22
1517,4.30711,,156,,22
1518,4.30966,,155.667,,21.9333
1519,4.3122,,155.333,,21.8667
1520,4.31475,,155,,21.8
1521,4.3173,,154.667,,21.7333
1522,4.31984,,154.333,,21.6667
1523,4.32239,,154,,21.6
1524,4.32698,,154.5,,21.7
1525,4.33156,,155,,21.8
1526,4.33459,,155.2,,21.4
1527,4.33762,,155.4,,21
1528,4.34065,,155.6,,20.6
1529,4.34368,,155.8,,20.2
1530,4.34671,,156,,19.8
1531,4.34823,,156,,20.2
1532,4.34975,,156,,20.6
1533,4.35522,,156,,21
1534,4.35754,,156,,20.9667
1535,4.35985,,156,,20.9333
1536,4.36217,,156,,20.9
1537,4.36449,,156,,20.8667
1538,4.3668,,156,,20.8333
1539,4.36912,,156,,20.8
1540,4.37243,,156,,20.8
1541,4.37639,,156.167,,20.8
1542,4.38035,,156.333,,20.8
1543,4.38431,,156.5,,20.8
1544,4.38827,,156.667,,20.8
1545,4.39223,,156.833,,20.8
1546,4.39619,,157,,20.8
1547,4.39619,,157,,20.8
1548,4.39951,,157.167,,20.9
1549,4.40283,,157.333,,21
1550,4.40615,,157.5,,21.1
1551,4.40947,,157.667,,21.2
1552,4.41279,,157.833,,21.3
1553,4.41611,,158,,21.4
1554,4.41897,,159,,21.6
1555,4.42316,,158.6,,21.56
1556,4.42735,,158.2,,21.52
1557,4.43153,,157.8,,21.48
1558,4.43572,,157.4,,21.44
1559,4.43991,,157,,21.4
1560,4.44355,,158,,21.4
1561,4.44718,,159,,21.4
1562,4.45017,,158,,21.4667
1563,4.45315,,157,,21.5333
1564,4.45614,,156,,21.6
1565,4.45837,,155,,21.8
1566,4.46091,,155.2,,21.72
1567,4.46345,,155.4,,21.64
1568,4.466,,155.6,,21.56
1569,4.46854,,155.8,,21.48
1570,4.47108,,156,,21.4
1571,4.47108,,153,,21.2
1572,4.47414,,153,,21.16
1573,4.4772,,153,,21.12
1574,4.48026,,153,,21.08
1575,4.48332,,153,,21.04
1576,4.48638,,153,,21
1577,4.48918,,153.167,,20.9333
1578,4.49197,,153.333,,20.8667
1579,4.49477,,153.5,,20.8
1580,4.49757,,153.667,,20.7333
1581,4.50036,,153.833,,20.6667
1582,4.50316,,154,,20.6
1583,4.50702,,155,,20.6667
1584,4.51087,,156,,20.7333
1585,4.51473,,157,,20.8
1586,4.51761,,157,,20.8333
1587,4.52049,,157,,20.8667
1588,4.52337,,157,,20.9
1589,4.52625,,157,,20.9333
1590,4.52913,,157,,20.9667
1591,4.53201,,157,,21
1592,4.53406,,157,,21
1593,4.53611,,157,,21
1594,4.53816,,157,,21
1595,4.54021,,157,,21
1596,4.54226,,157,,21
1597,4.5453,,156.667,,21.0333
1598,4.54834,,156.333,,21.0667
1599,4.55139,,156,,21.1
1600,4.55443,,155.667,,21.1333
1601,4.55747,,155.333,,21.1667
1602,4.56051,,155,,21.2
1603,4.5631,,155,,19.6
1604,4.56513,,155.667,,20
1605,4.56716,,156.333,,20.4
1606,4.56919,,157,,20.8
1607,4.57188,,157.5,,20.3
1608,4.57458,,158,,19.8
1609,4.57734,,157.333,,19.6667
1610,4.58011,,156.667,,19.5333
1611,4.58287,,156,,19.4
1612,4.58575,,156.333,,19.3333
1613,4.58862,,156.667,,19.2667
1614,4.5915,,157,,19.2
1615,4.59574,,156.25,,19.3
1616,4.59998,,155.5,,19.4
1617,4.60422,,154.75,,19.5
1618,4.60846,,154,,19.6
1619,4.60846,,155,,19.4
1620,4.61389,,156.5,,19.4
1621,4.61932,,158,,19.4
1622,4.62241,,158,,19.3
1623,4.6255,,158,,19.2
1624,4.62859,,158,,19.1
1625,4.63169,,158,,19
1626,4.63478,,158,,18.9
1627,4.63787,,158,,18.8
1628,4.64097,,158,,18.7
1629,4.64406,,158,,18.6
1630,4.64406,,158,,18.2
1631,4.64733,,158,,18
1632,4.65095,,158.167,,18.0333
1633,4.65458,,158.333,,18.0667
1634,4.6582,,158.5,,18.1
1635,4.66182,,158.667,,18.1333
1636,4.66545,,158.833,,18.1667
1637,4.66907,,159,,18.2
1638,4.67164,,159,,18.3667
1639,4.67421,,159,,18.5333
1640,4.67679,,159,,18.7
1641,4.67936,,159,,18.8667
1642,4.68193,,159,,19.0333
1643,4.6845,,159,,19.2
1644,4.68716,,159,,18.8
1645,4.69006,,159,,20.4
1646,4.69279,,158.667,,20.6
1647,4.69553,,158.333,,20.8
1648,4.69826,,158,,21
1649,4.70124,,159,,21.3
1650,4.70421,,160,,21.6
1651,4.7074,,159.5,,21.45
1652,4.7106,,159,,21.3
1653,4.7138,,158.5,,21.15
1654,4.71699,,158,,21
1655,4.72006,,158.2,,20.96
1656,4.72313,,158.4,,20.92
1657,4.72619,,158.6,,20.88
1658,4.72926,,158.8,,20.84
1659,4.73233,,159,,20.8
1660,4.7352,,159,,20.84
1661,4.73808,,159,,20.88
1662,4.74095,,159,,20.92
1663,4.74383,,159,,20.96
1664,4.7467,,159,,21
1665,4.74955,,159,,20.96
1666,4.7524,,159,,20.92
1667,4.75526,,159,,20.88
1668,4.75811,,159,,20.84
1669,4.76096,,159,,20.8
1670,4.76347,,159,,20.8
1671,4.76599,,159,,20.8
1672,4.76851,,159,,20.8
1673,4.77102,,159,,20.8
1674,4.77354,,159,,20.8
1675,4.77605,,159,,20.8
1676,4.77886,,158.8,,20.84
1677,4.78168,,158.6,,20.88
1678,4.78449,,158.4,,20.92
1679,4.78731,,158.2,,20.96
1680,4.79012,,158,,21
1681,4.7934,,158.5,,20.95
1682,4.79667,,159,,20.9
1683,4.79995,,159.5,,20.85
1684,4.80323,,160,,20.8
1685,4.80697,,159.833,,20.8
1686,4.81072,,159.667,,20.8
1687,4.81446,,159.5,,20.8
1688,4.81821,,159.333,,20.8
1689,4.82196,,159.167,,20.8
1690,4.8257,,159,,20.8
1691,4.8257,,159,,20.8
1692,4.8288,,159.2,,20.72
1693,4.8319,,159.4,,20.64
1694,4.835,,159.6,,20.56
1695,4.8381,,159.8,,20.48
1696,4.8412,,160,,20.4
1697,4.84406,,160,,20.4
1698,4.84738,,160.333,,20.3667
1699,4.85071,,160.667,,20.3333
1700,4.85404,,161,,20.3
1701,4.85736,,161.333,,20.2667
1702,4.86069,,161.667,,20.2333
1703,4.86401,,162,,20.2
1704,4.86735,,161.667,,20.1667
1705,4.87068,,161.333,,20.1333
1706,4.87402,,161,,20.1
1707,4.87736,,160.667,,20.0667
1708,4.88069,,160.333,,20.0333
1709,4.88403,,160,,20
1710,4.88752,,160,,20.2
1711,4.8913,,160.2,,20.24
1712,4.89508,,160.4,,20.28
1713,4.89886,,160.6,,20.32
1714,4.90264,,160.8,,20.36
1715,4.90642,,161,,20.4
1716,4.90794,,160,,20.4
1717,4.90946,,159,,20.4
1718,4.91248,,159,,20.4
1719,4.91549,,159,,20.4
1720,4.91975,,160,,20.3333
1721,4.92402,,161,,20.2667
1722,4.92828,,162,,20.2
1723,4.9316,,162,,20
1724,4.93492,,162,,19.8
1725,4.93817,,161.25,,19.55
1726,4.94142,,160.5,,19.3
1727,4.94467,,159.75,,19.05
1728,4.94792,,159,,18.8
1729,4.95022,,160,,19.0667
1730,4.95252,,161,,19.3333
1731,4.95482,,162,,19.6
1732,4.95759,,161,,19.6
1733,4.96185,,160,,19.5333
1734,4.9661,,159,,19.4667
1735,4.97036,,158,,19.4
1736,4.97174,,159,,19.4
1737,4.97313,,160,,19.4
1738,4.97641,,160,,19.24
1739,4.97969,,160,,19.08
1740,4.98296,,160,,18.92
1741,4.98624,,160,,18.76
1742,4.98952,,160,,18.6
1743,4.99353,,159.667,,18.6
1744,4.99755,,159.333,,18.6
1745,5.00156,,159,,18.6
1746,5.00488,,159.333,,18.6
1747,5.0082,,159.667,,18.6
1748,5.01152,,160,,18.6
1749,5.0141,,159.833,,18.5667
1750,5.01669,,159.667,,18.5333
1751,5.01928,,159.5,,18.5
1752,5.02186,,159.333,,18.4667
1753,5.02445,,159.167,,18.4333
1754,5.02703,,159,,18.4
1755,5.03187,,158.5,,18.4
1756,5.0367,,158,,18.4
1757,5.03974,,158.167,,18.3667
1758,5.04277,,158.333,,18.3333
1759,5.04581,,158.5,,18.3
1760,5.04884,,158.667,,18.2667
1761,5.05188,,158.833,,18.2333
1762,5.05491,,159,,18.2
1763,5.05798,,159.167,,18.2
1764,5.06105,,159.333,,18.2
1765,5.06412,,159.5,,18.2
1766,5.06719,,159.667,,18.2
1767,5.07026,,159.833,,18.2
1768,5.07333,,160,,18.2
1769,5.07519,,159.5,,18.2
1770,5.07706,,159,,18.2
1771,5.07838,,158.5,,18.2
1772,5.07971,,158,,18.2
1773,5.08317,,158.6,,18.2
1774,5.08663,,159.2,,18.2
1775,5.0901,,159.8,,18.2
1776,5.09356,,160.4,,18.2
1777,5.09702,,161,,18.2
1778,5.09973,,160.5,,18.2
1779,5.10245,,160,,18.2
1780,5.10516,,159.5,,18.2
1781,5.10787,,159,,18.2
1782,5.11059,,158.5,,18.2
1783,5.1133,,158,,18.2
1784,5.11551,,158.167,,18.2333
1785,5.11771,,158.333,,18.2667
1786,5.11992,,158.5,,18.3
1787,5.12212,,158.667,,18.3333
1788,5.12433,,158.833,,18.3667
1789,5.12653,,159,,18.4
1790,5.13158,,158,,18.4
1791,5.13344,,158,,18.4
1792,5.13531,,158,,18.4
1793,5.13717,,158,,18.4
1794,5.13985,,159.5,,18.3
1795,5.14253,,161,,18.2
1796,5.14539,,161,,18.2667
1797,5.14826,,161,,18.3333
1798,5.15112,,161,,18.4
1799,5.15368,,160.8,,18.4
1800,5.15624,,160.6,,18.4
1801,5.15881,,160.4,,18.4
1802,5.16137,,160.2,,18.4
1803,5.16393,,160,,18.4
1804,5.16624,,159,,18.2
1805,5.16908,,160,,18
1806,5.17215,,160.667,,18.0667
1807,5.17522,,161.333,,18.1333
1808,5.17829,,162,,18.2
1809,5.18131,,161.667,,18.2667
1810,5.18432,,161.333,,18.3333
1811,5.18734,,161,,18.4
1812,5.19036,,160.667,,18.4667
1813,5.19337,,160.333,,18.5333
1814,5.19639,,160,,18.6
1815,5.19917,,161,,18.6
1816,5.20219,,161,,18.55
1817,5.20522,,161,,18.5
1818,5.20824,,161,,18.45
1819,5.21127,,161,,18.4
1820,5.21412,,160,,18.2
1821,5.21697,,159,,18
1822,5.21982,,158,,17.8
1823,5.2211,,156,,17.6
1824,5.22172,,154,,17.5
1825,5.22234,,152,,17.4
1826,5.22299,,153,,17.2
