secs,km,power,hr,cad,alt
0,0,,54,47,43.8
1,0.002015,,56,64,43.8
2,0.00403,,58,81,43.8
3,0.00645,,59.5,80.5,43.8
4,0.00887,,61,80,43.8
5,0.01229,,63,80,43.6
6,0.01571,,65,80,43.4
7,0.019235,,66.5,79.5,43.3
8,0.02276,,68,79,43.2
9,0.02588,,72,80,43
10,0.029185,,74,80,42.7
11,0.03249,,76,80,42.4
12,0.0355833,,77.3333,79.6667,42
13,0.0386767,,78.6667,79.3333,41.6
14,0.04177,,80,79,41.2
15,0.04466,,83,79,40.6
16,0.047758,,84.2,79.2,40.16
17,0.050856,,85.4,79.4,39.72
18,0.053954,,86.6,79.6,39.28
19,0.057052,,87.8,79.8,38.84
20,0.06015,,89,80,38.4
21,0.06301,,92,81,38.6
22,0.06595,,92,82,38.4
23,0.068955,,92.5,82,38.1
24,0.07196,,93,82,37.8
25,0.074965,,93.5,82,37.5
26,0.07797,,94,82,37.2
27,0.0808271,,94,82.1429,37.1429
28,0.0836843,,94,82.2857,37.0857
29,0.0865414,,94,82.4286,37.0286
30,0.0893986,,94,82.5714,36.9714
31,0.0922557,,94,82.7143,36.9143
32,0.0951129,,94,82.8571,36.8571
33,0.09797,,94,83,36.8
34,0.10112,,94,82.5,37
35,0.10427,,94,82,37.2
36,0.106463,,94,81.3333,37.8
37,0.108657,,94,80.6667,38.4
38,0.11085,,94,80,39
39,0.11357,,94.125,80,39.3
40,0.11629,,94.25,80,39.6
41,0.11901,,94.375,80,39.9
42,0.12173,,94.5,80,40.2
43,0.12445,,94.625,80,40.5
44,0.12717,,94.75,80,40.8
45,0.12989,,94.875,80,41.1
46,0.13261,,95,80,41.4
47,0.135632,,95,79.5,41.6
48,0.138655,,95,79,41.8
49,0.141677,,95,78.5,42
50,0.1447,,95,78,42.2
51,0.148196,,95.4,78.2,42.12
52,0.151692,,95.8,78.4,42.04
53,0.155188,,96.2,78.6,41.96
54,0.158684,,96.6,78.8,41.88
55,0.16218,,97,79,41.8
56,0.164642,,97.75,79,41.8
57,0.167105,,98.5,79,41.8
58,0.169567,,99.25,79,41.8
59,0.17203,,100,79,41.8
60,0.17521,,102.5,79,41.7
61,0.17839,,105,79,41.6
62,0.18055,,105,79,41.6
63,0.182987,,105.75,79.25,41.5
64,0.185425,,106.5,79.5,41.4
65,0.187862,,107.25,79.75,41.3
66,0.1903,,108,80,41.2
67,0.193415,,109,80,41.7
68,0.19653,,110,80,42.2
69,0.199645,,111,80,42.7
70,0.20276,,112,80,43.2
71,0.20597,,112,79.8571,43.5143
72,0.20918,,112,79.7143,43.8286
73,0.21239,,112,79.5714,44.1429
74,0.2156,,112,79.4286,44.4571
75,0.21881,,112,79.2857,44.7714
76,0.22202,,112,79.1429,45.0857
77,0.22523,,112,79,45.4
78,0.228499,,112,79.1429,45.3143
79,0.231767,,112,79.2857,45.2286
80,0.235036,,112,79.4286,45.1429
81,0.238304,,112,79.5714,45.0571
82,0.241573,,112,79.7143,44.9714
83,0.244841,,112,79.8571,44.8857
84,0.24811,,112,80,44.8
85,0.251513,,112.333,80,44.4
86,0.254917,,112.667,80,44
87,0.25832,,113,80,43.6
88,0.261723,,113.333,80,43.2
89,0.265127,,113.667,80,42.8
90,0.26853,,114,80,42.4
91,0.271905,,114.333,80,42.3
92,0.27528,,114.667,80,42.2
93,0.278655,,115,80,42.1
94,0.28203,,115.333,80,42
95,0.285405,,115.667,80,41.9
96,0.28878,,116,80,41.8
97,0.292063,,117.25,80,41.95
98,0.295345,,118.5,80,42.1
99,0.298627,,119.75,80,42.25
100,0.30191,,121,80,42.4
101,0.305407,,121,80.1667,42.4
102,0.308903,,121,80.3333,42.4
103,0.3124,,121,80.5,42.4
104,0.315897,,121,80.6667,42.4
105,0.319393,,121,80.8333,42.4
106,0.32289,,121,81,42.4
107,0.326413,,121.333,81,42.1667
108,0.329937,,121.667,81,41.9333
109,0.33346,,122,81,41.7
110,0.336983,,122.333,81,41.4667
111,0.340507,,122.667,81,41.2333
112,0.34403,,123,81,41
113,0.347417,,123.75,80.75,41
114,0.350805,,124.5,80.5,41
115,0.354193,,125.25,80.25,41
116,0.35758,,126,80,41
117,0.361333,,126.167,80.1667,41
118,0.365087,,126.333,80.3333,41
119,0.36884,,126.5,80.5,41
120,0.372593,,126.667,80.6667,41
121,0.376347,,126.833,80.8333,41
122,0.3801,,127,81,41
123,0.383728,,127.6,80.8,41.2
124,0.387356,,128.2,80.6,41.4
125,0.390984,,128.8,80.4,41.6
126,0.394612,,129.4,80.2,41.8
127,0.39824,,130,80,42
128,0.40197,,130,80,42.6
129,0.405388,,130.167,80.1667,42.8
130,0.408807,,130.333,80.3333,43
131,0.412225,,130.5,80.5,43.2
132,0.415643,,130.667,80.6667,43.4
133,0.419062,,130.833,80.8333,43.6
134,0.42248,,131,81,43.8
135,0.425156,,131.25,81,44.05
136,0.427833,,131.5,81,44.3
137,0.430509,,131.75,81,44.55
138,0.433185,,132,81,44.8
139,0.435861,,132.25,81,45.05
140,0.438538,,132.5,81,45.3
141,0.441214,,132.75,81,45.55
142,0.44389,,133,81,45.8
143,0.447558,,133,81,45.9667
144,0.451227,,133,81,46.1333
145,0.454895,,133,81,46.3
146,0.458563,,133,81,46.4667
147,0.462232,,133,81,46.6333
148,0.4659,,133,81,46.8
149,0.469673,,133.333,81,47.0333
150,0.473447,,133.667,81,47.2667
151,0.47722,,134,81,47.5
152,0.480993,,134.333,81,47.7333
153,0.484767,,134.667,81,47.9667
154,0.48854,,135,81,48.2
155,0.491876,,134.857,81,48.4571
156,0.495211,,134.714,81,48.7143
157,0.498547,,134.571,81,48.9714
158,0.501883,,134.429,81,49.2286
159,0.505219,,134.286,81,49.4857
160,0.508554,,134.143,81,49.7429
161,0.51189,,134,81,50
162,0.515658,,134.167,81,49.8333
163,0.519427,,134.333,81,49.6667
164,0.523195,,134.5,81,49.5
165,0.526963,,134.667,81,49.3333
166,0.530732,,134.833,81,49.1667
167,0.5345,,135,81,49
168,0.538177,,135.167,81.1667,49.0333
169,0.541853,,135.333,81.3333,49.0667
170,0.54553,,135.5,81.5,49.1
171,0.549207,,135.667,81.6667,49.1333
172,0.552883,,135.833,81.8333,49.1667
173,0.55656,,136,82,49.2
174,0.559743,,135.857,81.8571,48.8857
175,0.562926,,135.714,81.7143,48.5714
176,0.566109,,135.571,81.5714,48.2571
177,0.569291,,135.429,81.4286,47.9429
178,0.572474,,135.286,81.2857,47.6286
179,0.575657,,135.143,81.1429,47.3143
180,0.57884,,135,81,47
181,0.582054,,135.286,81,46.7714
182,0.585269,,135.571,81,46.5429
183,0.588483,,135.857,81,46.3143
184,0.591697,,136.143,81,46.0857
185,0.594911,,136.429,81,45.8571
186,0.598126,,136.714,81,45.6286
187,0.60134,,137,81,45.4
188,0.604213,,137,81,45.1143
189,0.607086,,137,81,44.8286
190,0.609959,,137,81,44.5429
191,0.612831,,137,81,44.2571
192,0.615704,,137,81,43.9714
193,0.618577,,137,81,43.6857
194,0.62145,,137,81,43.4
195,0.624559,,137.143,81,43.2286
196,0.627667,,137.286,81,43.0571
197,0.630776,,137.429,81,42.8857
198,0.633884,,137.571,81,42.7143
199,0.636993,,137.714,81,42.5429
200,0.640101,,137.857,81,42.3714
201,0.64321,,138,81,42.2
202,0.646371,,138,81,42.4
203,0.649533,,138,81,42.6
204,0.652694,,138,81,42.8
205,0.655856,,138,81,43
206,0.659017,,138,81,43.2
207,0.662179,,138,81,43.4
208,0.66534,,138,81,43.6
209,0.668788,,138,81,44.1333
210,0.672237,,138,81,44.6667
211,0.675685,,138,81,45.2
212,0.679133,,138,81,45.7333
213,0.682582,,138,81,46.2667
214,0.68603,,138,81,46.8
215,0.68941,,138.167,81.1667,47.0667
216,0.69279,,138.333,81.3333,47.3333
217,0.69617,,138.5,81.5,47.6
218,0.69955,,138.667,81.6667,47.8667
219,0.70293,,138.833,81.8333,48.1333
220,0.70631,,139,82,48.4
221,0.709183,,139.5,82.25,48.75
222,0.712055,,140,82.5,49.1
223,0.714927,,140.5,82.75,49.45
224,0.7178,,141,83,49.8
225,0.720673,,141.5,83.25,50.15
226,0.723545,,142,83.5,50.5
227,0.726417,,142.5,83.75,50.85
228,0.72929,,143,84,51.2
229,0.73308,,143.167,83.8333,51.0667
230,0.73687,,143.333,83.6667,50.9333
231,0.74066,,143.5,83.5,50.8
232,0.74445,,143.667,83.3333,50.6667
233,0.74824,,143.833,83.1667,50.5333
234,0.75203,,144,83,50.4
235,0.755177,,143.857,82.8571,50.6
236,0.758324,,143.714,82.7143,50.8
237,0.761471,,143.571,82.5714,51
238,0.764619,,143.429,82.4286,51.2
239,0.767766,,143.286,82.2857,51.4
240,0.770913,,143.143,82.1429,51.6
241,0.77406,,143,82,51.8
242,0.777855,,143,82,51.9333
243,0.78165,,143,82,52.0667
244,0.785445,,143,82,52.2
245,0.78924,,143,82,52.3333
246,0.793035,,143,82,52.4667
247,0.79683,,143,82,52.6
248,0.8009,,143,82.5,52.5
249,0.80497,,143,83,52.4
250,0.80831,,143.333,82.8333,52.3333
251,0.81165,,143.667,82.6667,52.2667
252,0.81499,,144,82.5,52.2
253,0.81833,,144.333,82.3333,52.1333
254,0.82167,,144.667,82.1667,52.0667
255,0.82501,,145,82,52
256,0.828351,,145.143,82,51.9714
257,0.831693,,145.286,82,51.9429
258,0.835034,,145.429,82,51.9143
259,0.838376,,145.571,82,51.8857
260,0.841717,,145.714,82,51.8571
261,0.845059,,145.857,82,51.8286
262,0.8484,,146,82,51.8
263,0.852078,,146,82,51.4667
264,0.855757,,146,82,51.1333
265,0.859435,,146,82,50.8
266,0.863113,,146,82,50.4667
267,0.866792,,146,82,50.1333
268,0.87047,,146,82,49.8
269,0.873992,,146.333,82,49.4
270,0.877513,,146.667,82,49
271,0.881035,,147,82,48.6
272,0.884557,,147.333,82,48.2
273,0.888078,,147.667,82,47.8
274,0.8916,,148,82,47.4
275,0.895058,,147.833,82,46.8667
276,0.898517,,147.667,82,46.3333
277,0.901975,,147.5,82,45.8
278,0.905433,,147.333,82,45.2667
279,0.908892,,147.167,82,44.7333
280,0.91235,,147,82,44.2
281,0.915705,,146.833,81.8333,44.0667
282,0.91906,,146.667,81.6667,43.9333
283,0.922415,,146.5,81.5,43.8
284,0.92577,,146.333,81.3333,43.6667
285,0.929125,,146.167,81.1667,43.5333
286,0.93248,,146,81,43.4
287,0.935673,,146.143,81,43.1714
288,0.938866,,146.286,81,42.9429
289,0.942059,,146.429,81,42.7143
290,0.945251,,146.571,81,42.4857
291,0.948444,,146.714,81,42.2571
292,0.951637,,146.857,81,42.0286
293,0.95483,,147,81,41.8
294,0.957987,,147.333,81,41.9
295,0.961143,,147.667,81,42
296,0.9643,,148,81,42.1
297,0.967457,,148.333,81,42.2
298,0.970613,,148.667,81,42.3
299,0.97377,,149,81,42.4
300,0.97624,,149,81,42.08
301,0.97871,,149,81,41.76
302,0.98118,,149,81,41.44
303,0.98365,,149,81,41.12
304,0.98612,,149,81,40.8
305,0.989467,,149,81,40.6333
306,0.992813,,149,81,40.4667
307,0.99616,,149,81,40.3
308,0.999507,,149,81,40.1333
309,1.00285,,149,81,39.9667
310,1.0062,,149,81,39.8
311,1.00949,,149,81,39.6857
312,1.01279,,149,81,39.5714
313,1.01608,,149,81,39.4571
314,1.01937,,149,81,39.3429
315,1.02266,,149,81,39.2286
316,1.02596,,149,81,39.1143
317,1.02925,,149,81,39
318,1.03292,,149.167,81,39
319,1.03658,,149.333,81,39
320,1.04024,,149.5,81,39
321,1.04391,,149.667,81,39
322,1.04757,,149.833,81,39
323,1.05124,,150,81,39
324,1.05478,,150.167,81,39.1333
325,1.05831,,150.333,81,39.2667
326,1.06184,,150.5,81,39.4
327,1.06538,,150.667,81,39.5333
328,1.06891,,150.833,81,39.6667
329,1.07245,,151,81,39.8
330,1.07631,,151,81.1667,39.7667
331,1.08017,,151,81.3333,39.7333
332,1.08402,,151,81.5,39.7
333,1.08788,,151,81.6667,39.6667
334,1.09174,,151,81.8333,39.6333
335,1.0956,,151,82,39.6
336,1.099,,151,81.8333,39.4667
337,1.1024,,151,81.6667,39.3333
338,1.1058,,151,81.5,39.2
339,1.10921,,151,81.3333,39.0667
340,1.11261,,151,81.1667,38.9333
341,1.11601,,151,81,38.8
342,1.11927,,151,81,38.6
343,1.12254,,151,81,38.4
344,1.1258,,151,81,38.2
345,1.12906,,151,81,38
346,1.13232,,151,81,37.8
347,1.13559,,151,81,37.6
348,1.13885,,151,81,37.4
349,1.14227,,151,81.1667,37.1333
350,1.14568,,151,81.3333,36.8667
351,1.1491,,151,81.5,36.6
352,1.15252,,151,81.6667,36.3333
353,1.15593,,151,81.8333,36.0667
354,1.15935,,151,82,35.8
355,1.16267,,151,81.8571,35.9143
356,1.16599,,151,81.7143,36.0286
357,1.16931,,151,81.5714,36.1429
358,1.17263,,151,81.4286,36.2571
359,1.17595,,151,81.2857,36.3714
360,1.17927,,151,81.1429,36.4857
361,1.18259,,151,81,36.6
362,1.1861,,150.833,81.1667,36.6
363,1.18961,,150.667,81.3333,36.6
364,1.19312,,150.5,81.5,36.6
365,1.19663,,150.333,81.6667,36.6
366,1.20014,,150.167,81.8333,36.6
367,1.20365,,150,82,36.6
368,1.20654,,150,82,36.6
369,1.20963,,150.429,82,37
370,1.21272,,150.857,82,37.4
371,1.21581,,151.286,82,37.8
372,1.2189,,151.714,82,38.2
373,1.22199,,152.143,82,38.6
374,1.22508,,152.571,82,39
375,1.22817,,153,82,39.4
376,1.23136,,152.857,81.8571,39.6571
377,1.23454,,152.714,81.7143,39.9143
378,1.23773,,152.571,81.5714,40.1714
379,1.24091,,152.429,81.4286,40.4286
380,1.2441,,152.286,81.2857,40.6857
381,1.24728,,152.143,81.1429,40.9429
382,1.25047,,152,81,41.2
383,1.25338,,152.143,81.1429,41.5143
384,1.25629,,152.286,81.2857,41.8286
385,1.2592,,152.429,81.4286,42.1429
386,1.2621,,152.571,81.5714,42.4571
387,1.26501,,152.714,81.7143,42.7714
388,1.26792,,152.857,81.8571,43.0857
389,1.27083,,153,82,43.4
390,1.27399,,152.857,81.8571,43.9143
391,1.27714,,152.714,81.7143,44.4286
392,1.2803,,152.571,81.5714,44.9429
393,1.28345,,152.429,81.4286,45.4571
394,1.28661,,152.286,81.2857,45.9714
395,1.28976,,152.143,81.1429,46.4857
396,1.29292,,152,81,47
397,1.29656,,152,81.1667,47.2667
398,1.3002,,152,81.3333,47.5333
399,1.30385,,152,81.5,47.8
400,1.30749,,152,81.6667,48.0667
401,1.31113,,152,81.8333,48.3333
402,1.31477,,152,82,48.6
403,1.31784,,151.857,82,48.5714
404,1.3209,,151.714,82,48.5429
405,1.32397,,151.571,82,48.5143
406,1.32704,,151.429,82,48.4857
407,1.33011,,151.286,82,48.4571
408,1.33317,,151.143,82,48.4286
409,1.33624,,151,82,48.4
410,1.33967,,150.75,82,48.55
411,1.34309,,150.5,82,48.7
412,1.34652,,150.25,82,48.85
413,1.34995,,150,82,49
414,1.35356,,150,81.8,49.16
415,1.35717,,150,81.6,49.32
416,1.36079,,150,81.4,49.48
417,1.3644,,150,81.2,49.64
418,1.36801,,150,81,49.8
419,1.37177,,149.25,81,49.4
420,1.37553,,148.5,81,49
421,1.3793,,147.75,81,48.6
422,1.38306,,147,81,48.2
423,1.38648,,146.833,81,48.1667
424,1.3899,,146.667,81,48.1333
425,1.39332,,146.5,81,48.1
426,1.39673,,146.333,81,48.0667
427,1.40015,,146.167,81,48.0333
428,1.40357,,146,81,48
429,1.40684,,146,81,48
430,1.41011,,146,81,48
431,1.41351,,145.833,81.3333,48.0333
432,1.41692,,145.667,81.6667,48.0667
433,1.42032,,145.5,82,48.1
434,1.42372,,145.333,82.3333,48.1333
435,1.42713,,145.167,82.6667,48.1667
436,1.43053,,145,83,48.2
437,1.43427,,145,83.5,48.4
438,1.43802,,145,84,48.6
439,1.44115,,144.714,83.8571,48.3429
440,1.44429,,144.429,83.7143,48.0857
441,1.44742,,144.143,83.5714,47.8286
442,1.45056,,143.857,83.4286,47.5714
443,1.45369,,143.571,83.2857,47.3143
444,1.45683,,143.286,83.1429,47.0571
445,1.45996,,143,83,46.8
446,1.46212,,143,80.6667,46.6667
447,1.46427,,143,78.3333,46.5333
448,1.46643,,143,76,46.4
449,1.46993,,143,76.8333,46.6333
450,1.47343,,143,77.6667,46.8667
451,1.47693,,143,78.5,47.1
452,1.48044,,143,79.3333,47.3333
453,1.48394,,143,80.1667,47.5667
454,1.48744,,143,81,47.8
455,1.49097,,143.5,81,48.2
456,1.4945,,144,81,48.6
457,1.49781,,143.714,80.8571,48.7143
458,1.50112,,143.429,80.7143,48.8286
459,1.50443,,143.143,80.5714,48.9429
460,1.50773,,142.857,80.4286,49.0571
461,1.51104,,142.571,80.2857,49.1714
462,1.51435,,142.286,80.1429,49.2857
463,1.51766,,142,80,49.4
464,1.52143,,141.833,80.1667,49.2333
465,1.5252,,141.667,80.3333,49.0667
466,1.52897,,141.5,80.5,48.9
467,1.53274,,141.333,80.6667,48.7333
468,1.53651,,141.167,80.8333,48.5667
469,1.54028,,141,81,48.4
470,1.54368,,140.25,81.25,48.3
471,1.54707,,139.5,81.5,48.2
472,1.55047,,138.75,81.75,48.1
473,1.55387,,138,82,48
474,1.55781,,136.5,82,48.2
475,1.56175,,135,82,48.4
476,1.56506,,134.4,81.6,48.64
477,1.56838,,133.8,81.2,48.88
478,1.57169,,133.2,80.8,49.12
479,1.57501,,132.6,80.4,49.36
480,1.57832,,132,80,49.6
481,1.58146,,132,80.2857,49.1714
482,1.58461,,132,80.5714,48.7429
483,1.58775,,132,80.8571,48.3143
484,1.59089,,132,81.1429,47.8857
485,1.59403,,132,81.4286,47.4571
486,1.59718,,132,81.7143,47.0286
487,1.60032,,132,82,46.6
488,1.60312,,132,82,46.2667
489,1.60592,,132,82,45.9333
490,1.60872,,132,82,45.6
491,1.61129,,132.25,81.75,45.4
492,1.61385,,132.5,81.5,45.2
493,1.61642,,132.75,81.25,45
494,1.61899,,133,81,44.8
495,1.62156,,133.25,80.75,44.6
496,1.62413,,133.5,80.5,44.4
497,1.62669,,133.75,80.25,44.2
498,1.62926,,134,80,44
499,1.63233,,134,80.5,43.4
500,1.6354,,134,81,42.8
501,1.63847,,134,81,42.6
502,1.64155,,134,81,42.4
503,1.64462,,134,81,42.2
504,1.6477,,134,81,42
505,1.65077,,134,81,41.8
506,1.65391,,134,81.1429,41.5429
507,1.65704,,134,81.2857,41.2857
508,1.66018,,134,81.4286,41.0286
509,1.66331,,134,81.5714,40.7714
510,1.66645,,134,81.7143,40.5143
511,1.66958,,134,81.8571,40.2571
512,1.67272,,134,82,40
513,1.67615,,134,82,39.4333
514,1.67959,,134,82,38.8667
515,1.68302,,134,82,38.3
516,1.68645,,134,82,37.7333
517,1.68989,,134,82,37.1667
518,1.69332,,134,82,36.6
519,1.6962,,133.857,81.8571,36.2
520,1.69909,,133.714,81.7143,35.8
521,1.70197,,133.571,81.5714,35.4
522,1.70485,,133.429,81.4286,35
523,1.70773,,133.286,81.2857,34.6
524,1.71062,,133.143,81.1429,34.2
525,1.7135,,133,81,33.8
526,1.7165,,132.857,81,33.4
527,1.7195,,132.714,81,33
528,1.7225,,132.571,81,32.6
529,1.7255,,132.429,81,32.2
530,1.7285,,132.286,81,31.8
531,1.7315,,132.143,81,31.4
532,1.7345,,132,81,31
533,1.73797,,131.833,81,30.8
534,1.74144,,131.667,81,30.6
535,1.74491,,131.5,81,30.4
536,1.74838,,131.333,81,30.2
537,1.75185,,131.167,81,30
538,1.75532,,131,81,29.8
539,1.75845,,131,81.1429,29.4
540,1.76157,,131,81.2857,29
541,1.7647,,131,81.4286,28.6
542,1.76782,,131,81.5714,28.2
543,1.77095,,131,81.7143,27.8
544,1.77407,,131,81.8571,27.4
545,1.7772,,131,82,27
546,1.78103,,131.167,82,26.5
547,1.78486,,131.333,82,26
548,1.78869,,131.5,82,25.5
549,1.79252,,131.667,82,25
550,1.79635,,131.833,82,24.5
551,1.80018,,132,82,24
552,1.80346,,132,82,23.8
553,1.80786,,131.75,82,24.25
554,1.81226,,131.5,82,24.7
555,1.81666,,131.25,82,25.15
556,1.82106,,131,82,25.6
557,1.82519,,131.2,81.8,25.52
558,1.82932,,131.4,81.6,25.44
559,1.83345,,131.6,81.4,25.36
560,1.83758,,131.8,81.2,25.28
561,1.84171,,132,81,25.2
562,1.84546,,131.833,81.1667,25.5
563,1.84922,,131.667,81.3333,25.8
564,1.85297,,131.5,81.5,26.1
565,1.85672,,131.333,81.6667,26.4
566,1.86048,,131.167,81.8333,26.7
567,1.86423,,131,82,27
568,1.86771,,131,82,26.9
569,1.87119,,131,82,26.8
570,1.87467,,131,82,26.7
571,1.87814,,131,82,26.6
572,1.88162,,131,82,26.5
573,1.8851,,131,82,26.4
574,1.88846,,131.167,82,26.5667
575,1.89182,,131.333,82,26.7333
576,1.89518,,131.5,82,26.9
577,1.89855,,131.667,82,27.0667
578,1.90191,,131.833,82,27.2333
579,1.90527,,132,82,27.4
580,1.90875,,132.333,81.8333,27.7333
581,1.91223,,132.667,81.6667,28.0667
582,1.91571,,133,81.5,28.4
583,1.9192,,133.333,81.3333,28.7333
584,1.92268,,133.667,81.1667,29.0667
585,1.92616,,134,81,29.4
586,1.92934,,133.857,80.8571,29.3714
587,1.93253,,133.714,80.7143,29.3429
588,1.93571,,133.571,80.5714,29.3143
589,1.9389,,133.429,80.4286,29.2857
590,1.94208,,133.286,80.2857,29.2571
591,1.94527,,133.143,80.1429,29.2286
592,1.94845,,133,80,29.2
593,1.95128,,132,80,30
594,1.95398,,132,80.125,30.15
595,1.95667,,132,80.25,30.3
596,1.95937,,132,80.375,30.45
597,1.96207,,132,80.5,30.6
598,1.96477,,132,80.625,30.75
599,1.96747,,132,80.75,30.9
600,1.97016,,132,80.875,31.05
601,1.97286,,132,81,31.2
602,1.97624,,132.167,81.1667,31.1667
603,1.97962,,132.333,81.3333,31.1333
604,1.98301,,132.5,81.5,31.1
605,1.98639,,132.667,81.6667,31.0667
606,1.98977,,132.833,81.8333,31.0333
607,1.99315,,133,82,31
608,1.99651,,133,82,30.9667
609,1.99988,,133,82,30.9333
610,2.00324,,133,82,30.9
611,2.0066,,133,82,30.8667
612,2.00997,,133,82,30.8333
613,2.01333,,133,82,30.8
614,2.01682,,133.167,82,30.6
615,2.02031,,133.333,82,30.4
616,2.0238,,133.5,82,30.2
617,2.02728,,133.667,82,30
618,2.03077,,133.833,82,29.8
619,2.03426,,134,82,29.6
620,2.03761,,134.167,82,29.7667
621,2.04095,,134.333,82,29.9333
622,2.0443,,134.5,82,30.1
623,2.04764,,134.667,82,30.2667
624,2.05099,,134.833,82,30.4333
625,2.05433,,135,82,30.6
626,2.05769,,134.833,82,30.7333
627,2.06104,,134.667,82,30.8667
628,2.0644,,134.5,82,31
629,2.06776,,134.333,82,31.1333
630,2.07111,,134.167,82,31.2667
631,2.07447,,134,82,31.4
632,2.07762,,134,81.8571,31.6286
633,2.08077,,134,81.7143,31.8571
634,2.08392,,134,81.5714,32.0857
635,2.08706,,134,81.4286,32.3143
636,2.09021,,134,81.2857,32.5429
637,2.09336,,134,81.1429,32.7714
638,2.09651,,134,81,33
639,2.09967,,134,81,33.8
640,2.10211,,134,81,33.95
641,2.10455,,134,81,34.1
642,2.10699,,134,81,34.25
643,2.10943,,134,81,34.4
644,2.11186,,134,81,34.55
645,2.1143,,134,81,34.7
646,2.11674,,134,81,34.85
647,2.11918,,134,81,35
648,2.12208,,134.125,81.125,34.85
649,2.12497,,134.25,81.25,34.7
650,2.12787,,134.375,81.375,34.55
651,2.13076,,134.5,81.5,34.4
652,2.13366,,134.625,81.625,34.25
653,2.13655,,134.75,81.75,34.1
654,2.13945,,134.875,81.875,33.95
655,2.14234,,135,82,33.8
656,2.14543,,135.143,81.8571,33.3429
657,2.14852,,135.286,81.7143,32.8857
658,2.15161,,135.429,81.5714,32.4286
659,2.15469,,135.571,81.4286,31.9714
660,2.15778,,135.714,81.2857,31.5143
661,2.16087,,135.857,81.1429,31.0571
662,2.16396,,136,81,30.6
663,2.16715,,135.857,81,30.2286
664,2.17035,,135.714,81,29.8571
665,2.17354,,135.571,81,29.4857
666,2.17674,,135.429,81,29.1143
667,2.17993,,135.286,81,28.7429
668,2.18313,,135.143,81,28.3714
669,2.18632,,135,81,28
670,2.1894,,134.857,81,27.7429
671,2.19247,,134.714,81,27.4857
672,2.19555,,134.571,81,27.2286
673,2.19863,,134.429,81,26.9714
674,2.20171,,134.286,81,26.7143
675,2.20478,,134.143,81,26.4571
676,2.20786,,134,81,26.2
677,2.21128,,134,81.1667,26.0333
678,2.2147,,134,81.3333,25.8667
679,2.21812,,134,81.5,25.7
680,2.22153,,134,81.6667,25.5333
681,2.22495,,134,81.8333,25.3667
682,2.22837,,134,82,25.2
683,2.23178,,133.8,81.8,25.08
684,2.2352,,133.6,81.6,24.96
685,2.23861,,133.4,81.4,24.84
686,2.24203,,133.2,81.2,24.72
687,2.24544,,133,81,24.6
688,2.24915,,133,81,24.35
689,2.25285,,133,81,24.1
690,2.25656,,133,81,23.85
691,2.26026,,133,81,23.6
692,2.26344,,133.143,81,23.7143
693,2.26663,,133.286,81,23.8286
694,2.26981,,133.429,81,23.9429
695,2.273,,133.571,81,24.0571
696,2.27618,,133.714,81,24.1714
697,2.27937,,133.857,81,24.2857
698,2.28255,,134,81,24.4
699,2.28594,,134.167,81.1667,24.5667
700,2.28934,,134.333,81.3333,24.7333
701,2.29273,,134.5,81.5,24.9
702,2.29612,,134.667,81.6667,25.0667
703,2.29952,,134.833,81.8333,25.2333
704,2.30291,,135,82,25.4
705,2.30663,,135,81.6,25.64
706,2.31035,,135,81.2,25.88
707,2.31407,,135,80.8,26.12
708,2.31779,,135,80.4,26.36
709,2.32151,,135,80,26.6
710,2.32518,,135,80.1667,26.1
711,2.32885,,135,80.3333,25.6
712,2.33252,,135,80.5,25.1
713,2.33619,,135,80.6667,24.6
714,2.33986,,135,80.8333,24.1
715,2.34353,,135,81,23.6
716,2.34698,,134.833,81,23
717,2.35044,,134.667,81,22.4
718,2.35389,,134.5,81,21.8
719,2.35734,,134.333,81,21.2
720,2.3608,,134.167,81,20.6
721,2.36425,,134,81,20
722,2.36777,,134,81,19.5
723,2.3713,,134,81,19
724,2.37482,,134,81,18.5
725,2.37834,,134,81,18
726,2.38187,,134,81,17.5
727,2.38539,,134,81,17
728,2.3887,,134,81,16.3143
729,2.39201,,134,81,15.6286
730,2.39532,,134,81,14.9429
731,2.39863,,134,81,14.2571
732,2.40194,,134,81,13.5714
733,2.40525,,134,81,12.8857
734,2.40856,,134,81,12.2
735,2.41124,,134,80.5,12.2
736,2.41392,,134,80,12.2
737,2.41612,,133,71,12
738,2.41832,,132,62,11.8
739,2.42263,,132,66,11.84
740,2.42694,,132,70,11.88
741,2.43124,,132,74,11.92
742,2.43555,,132,78,11.96
743,2.43986,,132,82,12
744,2.44365,,131,81,12.2
745,2.4476,,131.5,81,12.1
746,2.45155,,132,81,12
747,2.45533,,132.333,81,12.1333
748,2.45911,,132.667,81,12.2667
749,2.46289,,133,81,12.4
750,2.46667,,133.333,81,12.5333
751,2.47045,,133.667,81,12.6667
752,2.47423,,134,81,12.8
753,2.47761,,134.167,81,12.8667
754,2.48099,,134.333,81,12.9333
755,2.48438,,134.5,81,13
756,2.48776,,134.667,81,13.0667
757,2.49114,,134.833,81,13.1333
758,2.49452,,135,81,13.2
759,2.49775,,135,81.1429,12.9143
760,2.50098,,135,81.2857,12.6286
761,2.50421,,135,81.4286,12.3429
762,2.50743,,135,81.5714,12.0571
763,2.51066,,135,81.7143,11.7714
764,2.51389,,135,81.8571,11.4857
765,2.51712,,135,82,11.2
766,2.52042,,135.286,81.8571,10.6571
767,2.52372,,135.571,81.7143,10.1143
768,2.52702,,135.857,81.5714,9.57143
769,2.53033,,136.143,81.4286,9.02857
770,2.53363,,136.429,81.2857,8.48571
771,2.53693,,136.714,81.1429,7.94286
772,2.54023,,137,81,7.4
773,2.54343,,137,81.3333,7.36667
774,2.54663,,137,81.6667,7.33333
775,2.54983,,137,82,7.3
776,2.55302,,137,82.3333,7.26667
777,2.55622,,137,82.6667,7.23333
778,2.55942,,137,83,7.2
779,2.56242,,136.8,83,7.4
780,2.56543,,136.6,83,7.6
781,2.56843,,136.4,83,7.8
782,2.57144,,136.2,83,8
783,2.57444,,136,83,8.2
784,2.57825,,136,82.5,8.36667
785,2.58206,,136,82,8.53333
786,2.58587,,136,81.5,8.7
787,2.58967,,136,81,8.86667
788,2.59348,,136,80.5,9.03333
789,2.59729,,136,80,9.2
790,2.60047,,136,80.1429,9.65714
791,2.60366,,136,80.2857,10.1143
792,2.60684,,136,80.4286,10.5714
793,2.61003,,136,80.5714,11.0286
794,2.61321,,136,80.7143,11.4857
795,2.6164,,136,80.8571,11.9429
796,2.61958,,136,81,12.4
797,2.62248,,135.857,81,12.3429
798,2.62537,,135.714,81,12.2857
799,2.62827,,135.571,81,12.2286
800,2.63117,,135.429,81,12.1714
801,2.63407,,135.286,81,12.1143
802,2.63696,,135.143,81,12.0571
803,2.63986,,135,81,12
804,2.64323,,135,81,11.8857
805,2.64659,,135,81,11.7714
806,2.64996,,135,81,11.6571
807,2.65332,,135,81,11.5429
808,2.65669,,135,81,11.4286
809,2.66005,,135,81,11.3143
810,2.66342,,135,81,11.2
811,2.6668,,135,81.1667,10.9667
812,2.67018,,135,81.3333,10.7333
813,2.67356,,135,81.5,10.5
814,2.67693,,135,81.6667,10.2667
815,2.68031,,135,81.8333,10.0333
816,2.68369,,135,82,9.8
817,2.68664,,135,81.7143,9.74286
818,2.68958,,135,81.4286,9.68571
819,2.69253,,135,81.1429,9.62857
820,2.69548,,135,80.8571,9.57143
821,2.69843,,135,80.5714,9.51429
822,2.70137,,135,80.2857,9.45714
823,2.70432,,135,80,9.4
824,2.70725,,135.143,80.2857,9.22857
825,2.71018,,135.286,80.5714,9.05714
826,2.71311,,135.429,80.8571,8.88571
827,2.71603,,135.571,81.1429,8.71429
828,2.71896,,135.714,81.4286,8.54286
829,2.72189,,135.857,81.7143,8.37143
830,2.72482,,136,82,8.2
831,2.7281,,136,82,8.11429
832,2.73138,,136,82,8.02857
833,2.73466,,136,82,7.94286
834,2.73795,,136,82,7.85714
835,2.74123,,136,82,7.77143
836,2.74451,,136,82,7.68571
837,2.74779,,136,82,7.6
838,2.75115,,136.167,81.8333,7.7
839,2.7545,,136.333,81.6667,7.8
840,2.75786,,136.5,81.5,7.9
841,2.76121,,136.667,81.3333,8
842,2.76457,,136.833,81.1667,8.1
843,2.76792,,137,81,8.2
844,2.77096,,137,81,8.28571
845,2.77401,,137,81,8.37143
846,2.77705,,137,81,8.45714
847,2.7801,,137,81,8.54286
848,2.78314,,137,81,8.62857
849,2.78619,,137,81,8.71429
850,2.78923,,137,81,8.8
851,2.79264,,137,81,8.73333
852,2.79604,,137,81,8.66667
853,2.79944,,137,81,8.6
854,2.80285,,137,81,8.53333
855,2.80626,,137,81,8.46667
856,2.80966,,137,81,8.4
857,2.81311,,137,80.5,8.5
858,2.81655,,137,80,8.6
859,2.82024,,136.667,80,8.56667
860,2.82393,,136.333,80,8.53333
861,2.82762,,136,80,8.5
862,2.8313,,135.667,80,8.46667
863,2.83499,,135.333,80,8.43333
864,2.83868,,135,80,8.4
865,2.84261,,135.167,80.1667,8.53333
866,2.84654,,135.333,80.3333,8.66667
867,2.85047,,135.5,80.5,8.8
868,2.85441,,135.667,80.6667,8.93333
869,2.85834,,135.833,80.8333,9.06667
870,2.86227,,136,81,9.2
871,2.86737,,136.25,81,10.1
872,2.87248,,136.5,81,11
873,2.87758,,136.75,81,11.9
874,2.88268,,137,81,12.8
875,2.88603,,137.167,81.1667,13.0667
876,2.88939,,137.333,81.3333,13.3333
877,2.89274,,137.5,81.5,13.6
878,2.89609,,137.667,81.6667,13.8667
879,2.89945,,137.833,81.8333,14.1333
880,2.9028,,138,82,14.4
881,2.90606,,137.857,81.8571,14.2
882,2.90932,,137.714,81.7143,14
883,2.91258,,137.571,81.5714,13.8
884,2.91583,,137.429,81.4286,13.6
885,2.91909,,137.286,81.2857,13.4
886,2.92235,,137.143,81.1429,13.2
887,2.92561,,137,81,13
888,2.92881,,137.143,81.1429,13.1429
889,2.932,,137.286,81.2857,13.2857
890,2.9352,,137.429,81.4286,13.4286
891,2.93839,,137.571,81.5714,13.5714
892,2.94159,,137.714,81.7143,13.7143
893,2.94478,,137.857,81.8571,13.8571
894,2.94798,,138,82,14
895,2.95093,,138,81.7143,13.9143
896,2.95388,,138,81.4286,13.8286
897,2.95683,,138,81.1429,13.7429
898,2.95978,,138,80.8571,13.6571
899,2.96273,,138,80.5714,13.5714
900,2.96568,,138,80.2857,13.4857
901,2.96863,,138,80,13.4
902,2.97116,,137.875,80.125,13.525
903,2.97369,,137.75,80.25,13.65
904,2.97622,,137.625,80.375,13.775
905,2.97876,,137.5,80.5,13.9
906,2.98129,,137.375,80.625,14.025
907,2.98382,,137.25,80.75,14.15
908,2.98635,,137.125,80.875,14.275
909,2.98888,,137,81,14.4
910,2.99216,,137.143,81.4286,14.4571
911,2.99544,,137.286,81.8571,14.5143
912,2.99872,,137.429,82.2857,14.5714
913,3.002,,137.571,82.7143,14.6286
914,3.00528,,137.714,83.1429,14.6857
915,3.00856,,137.857,83.5714,14.7429
916,3.01184,,138,84,14.8
917,3.01519,,138,83.8333,14.9333
918,3.01854,,138,83.6667,15.0667
919,3.0219,,138,83.5,15.2
920,3.02525,,138,83.3333,15.3333
921,3.0286,,138,83.1667,15.4667
922,3.03195,,138,83,15.6
923,3.03486,,138.143,83,15.6571
924,3.03777,,138.286,83,15.7143
925,3.04068,,138.429,83,15.7714
926,3.0436,,138.571,83,15.8286
927,3.04651,,138.714,83,15.8857
928,3.04942,,138.857,83,15.9429
929,3.05233,,139,83,16
930,3.05537,,139,82.7143,16.5143
931,3.05841,,139,82.4286,17.0286
932,3.06145,,139,82.1429,17.5429
933,3.06449,,139,81.8571,18.0571
934,3.06753,,139,81.5714,18.5714
935,3.07057,,139,81.2857,19.0857
936,3.07361,,139,81,19.6
937,3.07698,,139,81,20.2
938,3.08034,,139,81,20.8
939,3.08371,,139,81,21.4
940,3.08708,,139,81,22
941,3.09044,,139,81,22.6
942,3.09381,,139,81,23.2
943,3.09724,,139.167,81.1667,23.8
944,3.10066,,139.333,81.3333,24.4
945,3.10409,,139.5,81.5,25
946,3.10752,,139.667,81.6667,25.6
947,3.11094,,139.833,81.8333,26.2
948,3.11437,,140,82,26.8
949,3.11813,,140,82,27
950,3.12189,,140,82,27.2
951,3.12565,,140,82,27.4
952,3.1294,,140,82,27.6
953,3.13316,,140,82,27.8
954,3.13692,,140,82,28
955,3.14046,,140,82.1667,28.1667
956,3.14401,,140,82.3333,28.3333
957,3.14755,,140,82.5,28.5
958,3.15109,,140,82.6667,28.6667
959,3.15464,,140,82.8333,28.8333
960,3.15818,,140,83,29
961,3.16143,,140.143,82.7143,29.4571
962,3.16469,,140.286,82.4286,29.9143
963,3.16794,,140.429,82.1429,30.3714
964,3.17119,,140.571,81.8571,30.8286
965,3.17444,,140.714,81.5714,31.2857
966,3.1777,,140.857,81.2857,31.7429
967,3.18095,,141,81,32.2
968,3.18453,,141,81,33.0333
969,3.1881,,141,81,33.8667
970,3.19168,,141,81,34.7
971,3.19526,,141,81,35.5333
972,3.19883,,141,81,36.3667
973,3.20241,,141,81,37.2
974,3.2059,,141,81,37.55
975,3.20939,,141,81,37.9
976,3.21287,,141,81,38.25
977,3.21636,,141,81,38.6
978,3.21995,,140,81,39
979,3.22363,,140,80.8,39.44
980,3.22731,,140,80.6,39.88
981,3.231,,140,80.4,40.32
982,3.23468,,140,80.2,40.76
983,3.23836,,140,80,41.2
984,3.24144,,139.8,80.2,41.16
985,3.24451,,139.6,80.4,41.12
986,3.24759,,139.4,80.6,41.08
987,3.25066,,139.2,80.8,41.04
988,3.25374,,139,81,41
989,3.2571,,139,81,41.2333
990,3.26046,,139,81,41.4667
991,3.26382,,139,81,41.7
992,3.26717,,139,81,41.9333
993,3.27053,,139,81,42.1667
994,3.27389,,139,81,42.4
995,3.27714,,139,81,42.7429
996,3.28039,,139,81,43.0857
997,3.28364,,139,81,43.4286
998,3.2869,,139,81,43.7714
999,3.29015,,139,81,44.1143
1000,3.2934,,139,81,44.4571
1001,3.29665,,139,81,44.8
1002,3.30003,,139,81,45.1333
1003,3.30341,,139,81,45.4667
1004,3.3068,,139,81,45.8
1005,3.31018,,139,81,46.1333
1006,3.31356,,139,81,46.4667
1007,3.31694,,139,81,46.8
1008,3.31982,,139.143,80.8571,46.9429
1009,3.3227,,139.286,80.7143,47.0857
1010,3.32558,,139.429,80.5714,47.2286
1011,3.32847,,139.571,80.4286,47.3714
1012,3.33135,,139.714,80.2857,47.5143
1013,3.33423,,139.857,80.1429,47.6571
1014,3.33711,,140,80,47.8
1015,3.34037,,140,80,47.8286
1016,3.34364,,140,80,47.8571
1017,3.3469,,140,80,47.8857
1018,3.35016,,140,80,47.9143
1019,3.35342,,140,80,47.9429
1020,3.35669,,140,80,47.9714
1021,3.35995,,140,80,48
1022,3.36333,,140,80.1667,47.9667
1023,3.3667,,140,80.3333,47.9333
1024,3.37008,,140,80.5,47.9
1025,3.37346,,140,80.6667,47.8667
1026,3.37683,,140,80.8333,47.8333
1027,3.38021,,140,81,47.8
1028,3.38348,,140.143,81,47.8857
1029,3.38674,,140.286,81,47.9714
1030,3.39001,,140.429,81,48.0571
1031,3.39327,,140.571,81,48.1429
1032,3.39654,,140.714,81,48.2286
1033,3.3998,,140.857,81,48.3143
1034,3.40307,,141,81,48.4
1035,3.40647,,140.833,81,48.5333
1036,3.40988,,140.667,81,48.6667
1037,3.41328,,140.5,81,48.8
1038,3.41668,,140.333,81,48.9333
1039,3.42009,,140.167,81,49.0667
1040,3.42349,,140,81,49.2
1041,3.42708,,139.833,80.8333,49.4333
1042,3.43068,,139.667,80.6667,49.6667
1043,3.43427,,139.5,80.5,49.9
1044,3.43786,,139.333,80.3333,50.1333
1045,3.44146,,139.167,80.1667,50.3667
1046,3.44505,,139,80,50.6
1047,3.44848,,139,80.1667,50.7333
1048,3.45191,,139,80.3333,50.8667
1049,3.45534,,139,80.5,51
1050,3.45877,,139,80.6667,51.1333
1051,3.4622,,139,80.8333,51.2667
1052,3.46563,,139,81,51.4
1053,3.46897,,139,81,51.5333
1054,3.47231,,139,81,51.6667
1055,3.47565,,139,81,51.8
1056,3.47899,,139,81,51.9333
1057,3.48233,,139,81,52.0667
1058,3.48567,,139,81,52.2
1059,3.48897,,139.143,81,52.5143
1060,3.49226,,139.286,81,52.8286
1061,3.49556,,139.429,81,53.1429
1062,3.49886,,139.571,81,53.4571
1063,3.50216,,139.714,81,53.7714
1064,3.50545,,139.857,81,54.0857
1065,3.50875,,140,81,54.4
1066,3.51221,,140,81,54.5
1067,3.51567,,140,81,54.6
1068,3.51913,,140,81,54.7
1069,3.52259,,140,81,54.8
1070,3.52605,,140,81,54.9
1071,3.52951,,140,81,55
1072,3.53307,,139.667,81,55.1333
1073,3.53664,,139.333,81,55.2667
1074,3.5402,,139,81,55.4
1075,3.54376,,138.667,81,55.5333
1076,3.54733,,138.333,81,55.6667
1077,3.55089,,138,81,55.8
1078,3.55414,,137,81.3333,55.9333
1079,3.5574,,136,81.6667,56.0667
1080,3.56065,,135,82,56.2
1081,3.56412,,133.667,82,56.1333
1082,3.5676,,132.333,82,56.0667
1083,3.57107,,131,82,56
1084,3.57473,,131,81.8333,56.0333
1085,3.5784,,131,81.6667,56.0667
1086,3.58207,,131,81.5,56.1
1087,3.58573,,131,81.3333,56.1333
1088,3.5894,,131,81.1667,56.1667
1089,3.59306,,131,81,56.2
1090,3.59637,,131.75,81,56.15
1091,3.59968,,132.5,81,56.1
1092,3.60299,,133.25,81,56.05
1093,3.6063,,134,81,56
1094,3.60989,,134.75,81,56.1
1095,3.61348,,135.5,81,56.2
1096,3.61706,,136.25,81,56.3
1097,3.62065,,137,81,56.4
1098,3.62388,,137.286,81,56.3429
1099,3.62712,,137.571,81,56.2857
1100,3.63035,,137.857,81,56.2286
1101,3.63358,,138.143,81,56.1714
1102,3.63681,,138.429,81,56.1143
1103,3.64005,,138.714,81,56.0571
1104,3.64328,,139,81,56
1105,3.64684,,138.833,81.1667,55.7667
1106,3.6504,,138.667,81.3333,55.5333
1107,3.65396,,138.5,81.5,55.3
1108,3.65752,,138.333,81.6667,55.0667
1109,3.66108,,138.167,81.8333,54.8333
1110,3.66464,,138,82,54.6
1111,3.66811,,137.833,82,54.5
1112,3.67157,,137.667,82,54.4
1113,3.67504,,137.5,82,54.3
1114,3.6785,,137.333,82,54.2
1115,3.68197,,137.167,82,54.1
1116,3.68543,,137,82,54
1117,3.68886,,137,81.8333,53.9333
1118,3.6923,,137,81.6667,53.8667
1119,3.69573,,137,81.5,53.8
1120,3.69916,,137,81.3333,53.7333
1121,3.7026,,137,81.1667,53.6667
1122,3.70603,,137,81,53.6
1123,3.70976,,136.833,80.8333,53.6
1124,3.7135,,136.667,80.6667,53.6
1125,3.71724,,136.5,80.5,53.6
1126,3.72097,,136.333,80.3333,53.6
1127,3.72471,,136.167,80.1667,53.6
1128,3.72844,,136,80,53.6
1129,3.73183,,135.833,80.1667,53.6
1130,3.73522,,135.667,80.3333,53.6
1131,3.73861,,135.5,80.5,53.6
1132,3.74199,,135.333,80.6667,53.6
1133,3.74538,,135.167,80.8333,53.6
1134,3.74877,,135,81,53.6
1135,3.75204,,135.167,81,53.5333
1136,3.7553,,135.333,81,53.4667
1137,3.75857,,135.5,81,53.4
1138,3.76183,,135.667,81,53.3333
1139,3.7651,,135.833,81,53.2667
1140,3.76836,,136,81,53.2
1141,3.77172,,135.857,81.1429,53.0286
1142,3.77508,,135.714,81.2857,52.8571
1143,3.77844,,135.571,81.4286,52.6857
1144,3.7818,,135.429,81.5714,52.5143
1145,3.78516,,135.286,81.7143,52.3429
1146,3.78852,,135.143,81.8571,52.1714
1147,3.79188,,135,82,52
1148,3.79548,,135,82,51.9
1149,3.79908,,135,82,51.8
1150,3.80267,,135,82,51.7
1151,3.80627,,135,82,51.6
1152,3.80931,,135.5,82,51.4667
1153,3.81234,,136,82,51.3333
1154,3.81537,,136.5,82,51.2
1155,3.81841,,137,82,51.0667
1156,3.82145,,137.5,82,50.9333
1157,3.82448,,138,82,50.8
1158,3.82796,,138.167,81.8333,50.8667
1159,3.83143,,138.333,81.6667,50.9333
1160,3.83491,,138.5,81.5,51
1161,3.83839,,138.667,81.3333,51.0667
1162,3.84186,,138.833,81.1667,51.1333
1163,3.84534,,139,81,51.2
1164,3.8488,,139.167,80.8333,51.3667
1165,3.85226,,139.333,80.6667,51.5333
1166,3.85572,,139.5,80.5,51.7
1167,3.85918,,139.667,80.3333,51.8667
1168,3.86264,,139.833,80.1667,52.0333
1169,3.8661,,140,80,52.2
1170,3.86947,,139.833,80.1667,52.2667
1171,3.87284,,139.667,80.3333,52.3333
1172,3.87621,,139.5,80.5,52.4
1173,3.87958,,139.333,80.6667,52.4667
1174,3.88295,,139.167,80.8333,52.5333
1175,3.88632,,139,81,52.6
1176,3.88967,,138.833,80.8333,52.8333
1177,3.89302,,138.667,80.6667,53.0667
1178,3.89636,,138.5,80.5,53.3
1179,3.89971,,138.333,80.3333,53.5333
1180,3.90306,,138.167,80.1667,53.7667
1181,3.90641,,138,80,54
1182,3.90953,,138,80.1429,54.0286
1183,3.91266,,138,80.2857,54.0571
1184,3.91578,,138,80.4286,54.0857
1185,3.91891,,138,80.5714,54.1143
1186,3.92203,,138,80.7143,54.1429
1187,3.92516,,138,80.8571,54.1714
1188,3.92828,,138,81,54.2
1189,3.93148,,138.143,80.8571,54.1143
1190,3.93469,,138.286,80.7143,54.0286
1191,3.93789,,138.429,80.5714,53.9429
1192,3.94109,,138.571,80.4286,53.8571
1193,3.94429,,138.714,80.2857,53.7714
1194,3.9475,,138.857,80.1429,53.6857
1195,3.9507,,139,80,53.6
1196,3.95398,,139.143,80.2857,53.4286
1197,3.95727,,139.286,80.5714,53.2571
1198,3.96055,,139.429,80.8571,53.0857
1199,3.96383,,139.571,81.1429,52.9143
1200,3.96711,,139.714,81.4286,52.7429
1201,3.9704,,139.857,81.7143,52.5714
1202,3.97368,,140,82,52.4
1203,3.97715,,140,82,52.4
1204,3.98061,,140,82,52.4
1205,3.98408,,140,82,52.4
1206,3.98755,,140,82,52.4
1207,3.99101,,140,82,52.4
1208,3.99448,,140,82,52.4
1209,3.99795,,140,81.8333,52.4667
1210,4.00142,,140,81.6667,52.5333
1211,4.00489,,140,81.5,52.6
1212,4.00836,,140,81.3333,52.6667
1213,4.01183,,140,81.1667,52.7333
1214,4.0153,,140,81,52.8
1215,4.01865,,140,81,52.8
1216,4.02199,,140,81,52.8
1217,4.02534,,140,81,52.8
1218,4.02857,,139.857,81.1429,52.9714
1219,4.0318,,139.714,81.2857,53.1429
1220,4.03503,,139.571,81.4286,53.3143
1221,4.03825,,139.429,81.5714,53.4857
1222,4.04148,,139.286,81.7143,53.6571
1223,4.04471,,139.143,81.8571,53.8286
1224,4.04794,,139,82,54
1225,4.05135,,139.333,82,54.0667
1226,4.05475,,139.667,82,54.1333
1227,4.05816,,140,82,54.2
1228,4.06157,,140.333,82,54.2667
1229,4.06497,,140.667,82,54.3333
1230,4.06838,,141,82,54.4
1231,4.072,,141,81.8333,54.3667
1232,4.07563,,141,81.6667,54.3333
1233,4.07925,,141,81.5,54.3
1234,4.08287,,141,81.3333,54.2667
1235,4.0865,,141,81.1667,54.2333
1236,4.09012,,141,81,54.2
1237,4.09363,,141,81.1667,54.2333
1238,4.09714,,141,81.3333,54.2667
1239,4.10065,,141,81.5,54.3
1240,4.10417,,141,81.6667,54.3333
1241,4.10768,,141,81.8333,54.3667
1242,4.11119,,141,82,54.4
1243,4.11478,,141.167,82,54.3333
1244,4.11838,,141.333,82,54.2667
1245,4.12197,,141.5,82,54.2
1246,4.12556,,141.667,82,54.1333
1247,4.12916,,141.833,82,54.0667
1248,4.13275,,142,82,54
1249,4.13619,,142,81.8333,53.8333
1250,4.13964,,142,81.6667,53.6667
1251,4.14308,,142,81.5,53.5
1252,4.14652,,142,81.3333,53.3333
1253,4.14997,,142,81.1667,53.1667
1254,4.15341,,142,81,53
1255,4.1566,,142,81.1429,53.0857
1256,4.15979,,142,81.2857,53.1714
1257,4.16298,,142,81.4286,53.2571
1258,4.16617,,142,81.5714,53.3429
1259,4.16936,,142,81.7143,53.4286
1260,4.17255,,142,81.8571,53.5143
1261,4.17574,,142,82,53.6
1262,4.17878,,142,82,53.6857
1263,4.18183,,142,82,53.7714
1264,4.18487,,142,82,53.8571
1265,4.18792,,142,82,53.9429
1266,4.19096,,142,82,54.0286
1267,4.19401,,142,82,54.1143
1268,4.19705,,142,82,54.2
1269,4.19959,,142,82,54.35
1270,4.20213,,142,82,54.5
1271,4.20467,,142,82,54.65
1272,4.20721,,142,82,54.8
1273,4.20976,,142,82,54.95
1274,4.2123,,142,82,55.1
1275,4.21484,,142,82,55.25
1276,4.21738,,142,82,55.4
1277,4.22033,,142,82,55.2286
1278,4.22328,,142,82,55.0571
1279,4.22623,,142,82,54.8857
1280,4.22919,,142,82,54.7143
1281,4.23214,,142,82,54.5429
1282,4.23509,,142,82,54.3714
1283,4.23804,,142,82,54.2
1284,4.24113,,142,81.8571,54.1429
1285,4.24421,,142,81.7143,54.0857
1286,4.2473,,142,81.5714,54.0286
1287,4.25039,,142,81.4286,53.9714
1288,4.25348,,142,81.2857,53.9143
1289,4.25656,,142,81.1429,53.8571
1290,4.25965,,142,81,53.8
1291,4.26292,,142,81,53.6286
1292,4.26619,,142,81,53.4571
1293,4.26946,,142,81,53.2857
1294,4.27273,,142,81,53.1143
1295,4.276,,142,81,52.9429
1296,4.27927,,142,81,52.7714
1297,4.28254,,142,81,52.6
1298,4.28551,,141.857,81.4286,52.4286
1299,4.28848,,141.714,81.8571,52.2571
1300,4.29145,,141.571,82.2857,52.0857
1301,4.29442,,141.429,82.7143,51.9143
1302,4.29739,,141.286,83.1429,51.7429
1303,4.30036,,141.143,83.5714,51.5714
1304,4.30333,,141,84,51.4
1305,4.30621,,141,83.6667,51
1306,4.30908,,141,83.3333,50.6
1307,4.31196,,141,83,50.2
1308,4.3152,,141,82.8,49.76
1309,4.31844,,141,82.6,49.32
1310,4.32168,,141,82.4,48.88
1311,4.32492,,141,82.2,48.44
1312,4.32816,,141,82,48
1313,4.33198,,140.833,82.3333,47.6
1314,4.3358,,140.667,82.6667,47.2
1315,4.33962,,140.5,83,46.8
1316,4.34343,,140.333,83.3333,46.4
1317,4.34725,,140.167,83.6667,46
1318,4.35107,,140,84,45.6
1319,4.35452,,140.5,84,45.4
1320,4.35798,,141,84,45.2
1321,4.36185,,141,83.6667,44.8
1322,4.36572,,141,83.3333,44.4
1323,4.36959,,141,83,44
1324,4.37346,,141,82.6667,43.6
1325,4.37733,,141,82.3333,43.2
1326,4.3812,,141,82,42.8
1327,4.38455,,140.833,81.8333,42.6333
1328,4.38789,,140.667,81.6667,42.4667
1329,4.39124,,140.5,81.5,42.3
1330,4.39459,,140.333,81.3333,42.1333
1331,4.39793,,140.167,81.1667,41.9667
1332,4.40128,,140,81,41.8
1333,4.40454,,140,81,41.5429
1334,4.40779,,140,81,41.2857
1335,4.41105,,140,81,41.0286
1336,4.4143,,140,81,40.7714
1337,4.41756,,140,81,40.5143
1338,4.42081,,140,81,40.2571
1339,4.42407,,140,81,40
1340,4.42761,,141,81,39.8
1341,4.43118,,141,81,39.5333
1342,4.43474,,141,81,39.2667
1343,4.43831,,141,81,39
1344,4.44188,,141,81,38.7333
1345,4.44544,,141,81,38.4667
1346,4.44901,,141,81,38.2
1347,4.45275,,141,81.3333,38.1667
1348,4.45649,,141,81.6667,38.1333
1349,4.46023,,141,82,38.1
1350,4.46398,,141,82.3333,38.0667
1351,4.46772,,141,82.6667,38.0333
1352,4.47146,,141,83,38
1353,4.47476,,141,82.8571,37.9143
1354,4.47806,,141,82.7143,37.8286
1355,4.48136,,141,82.5714,37.7429
1356,4.48465,,141,82.4286,37.6571
1357,4.48795,,141,82.2857,37.5714
1358,4.49125,,141,82.1429,37.4857
1359,4.49455,,141,82,37.4
1360,4.49817,,141,82,37.2667
1361,4.50179,,141,82,37.1333
1362,4.5054,,141,82,37
1363,4.50902,,141,82,36.8667
1364,4.51264,,141,82,36.7333
1365,4.51626,,141,82,36.6
1366,4.51968,,141.167,82.1667,36.3
1367,4.5231,,141.333,82.3333,36
1368,4.52651,,141.5,82.5,35.7
1369,4.52993,,141.667,82.6667,35.4
1370,4.53335,,141.833,82.8333,35.1
1371,4.53677,,142,83,34.8
1372,4.54004,,142,83,34.6
1373,4.54331,,142,83,34.4
1374,4.54658,,142,83,34.2
1375,4.54985,,142,83,34
1376,4.55312,,142,83,33.8
1377,4.55639,,142,83,33.6
1378,4.55966,,142,83,33.4
1379,4.563,,142.143,83,33.4286
1380,4.56634,,142.286,83,33.4571
1381,4.56968,,142.429,83,33.4857
1382,4.57302,,142.571,83,33.5143
1383,4.57636,,142.714,83,33.5429
1384,4.5797,,142.857,83,33.5714
1385,4.58304,,143,83,33.6
1386,4.58694,,143,83.1667,33.4
1387,4.59084,,143,83.3333,33.2
1388,4.59474,,143,83.5,33
1389,4.59864,,143,83.6667,32.8
1390,4.60254,,143,83.8333,32.6
1391,4.60644,,143,84,32.4
1392,4.6101,,143,83.6667,32.2
1393,4.61375,,143,83.3333,32
1394,4.61741,,143,83,31.8
1395,4.62107,,143,82.6667,31.6
1396,4.62472,,143,82.3333,31.4
1397,4.62838,,143,82,31.2
1398,4.63176,,143,82.1667,30.9667
1399,4.63514,,143,82.3333,30.7333
1400,4.63852,,143,82.5,30.5
1401,4.6419,,143,82.6667,30.2667
1402,4.64528,,143,82.8333,30.0333
1403,4.64866,,143,83,29.8
1404,4.6526,,143,83,29.8
1405,4.65654,,143,83,29.8
1406,4.66048,,143,83,29.8
1407,4.66442,,143,83,29.8
1408,4.66836,,143,83,29.8
1409,4.6723,,143,83,29.8
1410,4.67544,,143,83,29.5143
1411,4.67858,,143,83,29.2286
1412,4.68172,,143,83,28.9429
1413,4.68485,,143,83,28.6571
1414,4.68799,,143,83,28.3714
1415,4.69113,,143,83,28.0857
1416,4.69427,,143,83,27.8
1417,4.69844,,143.2,83,27.8
1418,4.7026,,143.4,83,27.8
1419,4.70677,,143.6,83,27.8
1420,4.71093,,143.8,83,27.8
1421,4.7151,,144,83,27.8
1422,4.71972,,143.8,83,28.32
1423,4.72434,,143.6,83,28.84
1424,4.72895,,143.4,83,29.36
1425,4.73357,,143.2,83,29.88
1426,4.73819,,143,83,30.4
1427,4.74148,,143,82.8571,30.5143
1428,4.74478,,143,82.7143,30.6286
1429,4.74807,,143,82.5714,30.7429
1430,4.75137,,143,82.4286,30.8571
1431,4.75466,,143,82.2857,30.9714
1432,4.75796,,143,82.1429,31.0857
1433,4.76125,,143,82,31.2
1434,4.76562,,143,82,31.4
1435,4.76999,,143,82,31.6
1436,4.77435,,143,82,31.8
1437,4.77872,,143,82,32
1438,4.78309,,143,82,32.2
1439,4.78631,,143,82,32.2857
1440,4.78952,,143,82,32.3714
1441,4.79274,,143,82,32.4571
1442,4.79596,,143,82,32.5429
1443,4.79918,,143,82,32.6286
1444,4.80239,,143,82,32.7143
1445,4.80561,,143,82,32.8
1446,4.80862,,143,82,32.7714
1447,4.81164,,143,82,32.7429
1448,4.81465,,143,82,32.7143
1449,4.81766,,143,82,32.6857
1450,4.82067,,143,82,32.6571
1451,4.82369,,143,82,32.6286
1452,4.8267,,143,82,32.6
1453,4.8295,,143,82,32.8
1454,4.83275,,143.143,81.8571,32.8286
1455,4.836,,143.286,81.7143,32.8571
1456,4.83925,,143.429,81.5714,32.8857
1457,4.8425,,143.571,81.4286,32.9143
1458,4.84575,,143.714,81.2857,32.9429
1459,4.849,,143.857,81.1429,32.9714
1460,4.85225,,144,81,33
1461,4.85569,,144,81.3333,32.8333
1462,4.85914,,144,81.6667,32.6667
1463,4.86258,,144,82,32.5
1464,4.86602,,144,82.3333,32.3333
1465,4.86947,,144,82.6667,32.1667
1466,4.87291,,144,83,32
1467,4.87661,,144,83,32.1
1468,4.88031,,144,83,32.2
1469,4.88367,,144,82.6667,31.9
1470,4.88702,,144,82.3333,31.6
1471,4.89038,,144,82,31.3
1472,4.89374,,144,81.6667,31
1473,4.89709,,144,81.3333,30.7
1474,4.90045,,144,81,30.4
1475,4.90343,,144,81,30.1429
1476,4.90641,,144,81,29.8857
1477,4.90939,,144,81,29.6286
1478,4.91238,,144,81,29.3714
1479,4.91536,,144,81,29.1143
1480,4.91834,,144,81,28.8571
1481,4.92132,,144,81,28.6
1482,4.9246,,144.143,81.1429,28.2286
1483,4.92788,,144.286,81.2857,27.8571
1484,4.93116,,144.429,81.4286,27.4857
1485,4.93445,,144.571,81.5714,27.1143
1486,4.93773,,144.714,81.7143,26.7429
1487,4.94101,,144.857,81.8571,26.3714
1488,4.94429,,145,82,26
1489,4.94785,,145,81.8333,25.9333
1490,4.95142,,145,81.6667,25.8667
1491,4.95498,,145,81.5,25.8
1492,4.95855,,145,81.3333,25.7333
1493,4.96211,,145,81.1667,25.6667
1494,4.96568,,145,81,25.6
1495,4.96957,,145,81.1667,25.6
1496,4.97345,,145,81.3333,25.6
1497,4.97734,,145,81.5,25.6
1498,4.98123,,145,81.6667,25.6
1499,4.98511,,145,81.8333,25.6
1500,4.989,,145,82,25.6
1501,4.99235,,145,81.8333,25.3
1502,4.9957,,145,81.6667,25
1503,4.99904,,145,81.5,24.7
1504,5.00239,,145,81.3333,24.4
1505,5.00574,,145,81.1667,24.1
1506,5.00909,,145,81,23.8
1507,5.01206,,145.143,81.4286,23.4857
1508,5.01504,,145.286,81.8571,23.1714
1509,5.01801,,145.429,82.2857,22.8571
1510,5.02098,,145.571,82.7143,22.5429
1511,5.02395,,145.714,83.1429,22.2286
1512,5.02693,,145.857,83.5714,21.9143
1513,5.0299,,146,84,21.6
1514,5.03339,,145.833,83.6667,21.3667
1515,5.03688,,145.667,83.3333,21.1333
1516,5.04037,,145.5,83,20.9
1517,5.04387,,145.333,82.6667,20.6667
1518,5.04736,,145.167,82.3333,20.4333
1519,5.05085,,145,82,20.2
1520,5.05421,,145,82,20.1667
1521,5.05757,,145,82,20.1333
1522,5.06092,,145,82,20.1
1523,5.06428,,145,82,20.0667
1524,5.06764,,145,82,20.0333
1525,5.071,,145,82,20
1526,5.07442,,144.833,82.1667,20
1527,5.07783,,144.667,82.3333,20
1528,5.08124,,144.5,82.5,20
1529,5.08466,,144.333,82.6667,20
1530,5.08807,,144.167,82.8333,20
1531,5.09149,,144,83,20
1532,5.09495,,144,82.8333,20
1533,5.09841,,144,82.6667,20
1534,5.10187,,144,82.5,20
1535,5.10532,,144,82.3333,20
1536,5.10878,,144,82.1667,20
1537,5.11224,,144,82,20
1538,5.11566,,143.833,82.1667,20.3667
1539,5.11909,,143.667,82.3333,20.7333
1540,5.12251,,143.5,82.5,21.1
1541,5.12593,,143.333,82.6667,21.4667
1542,5.12936,,143.167,82.8333,21.8333
1543,5.13278,,143,83,22.2
1544,5.13619,,143,83,22.6
1545,5.1396,,143,83,23
1546,5.143,,143,83,23.4
1547,5.14641,,143,83,23.8
1548,5.14982,,143,83,24.2
1549,5.15323,,143,83,24.6
1550,5.15731,,143,83,25
1551,5.16139,,143,83,25.4
1552,5.16548,,143,83,25.8
1553,5.16956,,143,83,26.2
1554,5.17364,,143,83,26.6
1555,5.17777,,143,83,27.12
1556,5.1819,,143,83,27.64
1557,5.18603,,143,83,28.16
1558,5.19016,,143,83,28.68
1559,5.19429,,143,83,29.2
1560,5.19809,,143,82.8333,29.6
1561,5.2019,,143,82.6667,30
1562,5.20571,,143,82.5,30.4
1563,5.20951,,143,82.3333,30.8
1564,5.21331,,143,82.1667,31.2
1565,5.21712,,143,82,31.6
1566,5.2207,,143,82,32.1
1567,5.22428,,143,82,32.6
1568,5.22786,,143,82,33.1
1569,5.23144,,143,82,33.6
1570,5.23475,,143.143,82,33.7429
1571,5.23807,,143.286,82,33.8857
1572,5.24138,,143.429,82,34.0286
1573,5.24469,,143.571,82,34.1714
1574,5.248,,143.714,82,34.3143
1575,5.25132,,143.857,82,34.4571
1576,5.25463,,144,82,34.6
1577,5.25839,,143.833,82.1667,35.0667
1578,5.26215,,143.667,82.3333,35.5333
1579,5.26591,,143.5,82.5,36
1580,5.26968,,143.333,82.6667,36.4667
1581,5.27344,,143.167,82.8333,36.9333
1582,5.2772,,143,83,37.4
1583,5.28084,,143,82.8333,37.9
1584,5.28448,,143,82.6667,38.4
1585,5.28811,,143,82.5,38.9
1586,5.29175,,143,82.3333,39.4
1587,5.29539,,143,82.1667,39.9
1588,5.29903,,143,82,40.4
1589,5.30226,,142.857,81.8571,40.8571
1590,5.30549,,142.714,81.7143,41.3143
1591,5.30872,,142.571,81.5714,41.7714
1592,5.31194,,142.429,81.4286,42.2286
1593,5.31517,,142.286,81.2857,42.6857
1594,5.3184,,142.143,81.1429,43.1429
1595,5.32163,,142,81,43.6
1596,5.32446,,142,81,43.9
1597,5.32729,,142,81,44.2
1598,5.33012,,142,81,44.5
1599,5.33295,,142,81,44.8
1600,5.33578,,142,81,45.1
1601,5.33861,,142,81,45.4
1602,5.34144,,142,81,45.7
1603,5.34427,,142,81,46
1604,5.34685,,142,81,46.275
1605,5.34942,,142,81,46.55
1606,5.352,,142,81,46.825
1607,5.35457,,142,81,47.1
1608,5.35715,,142,81,47.375
1609,5.35973,,142,81,47.65
1610,5.3623,,142,81,47.925
1611,5.36488,,142,81,48.2
1612,5.36822,,142.167,81.1667,48.1667
1613,5.37157,,142.333,81.3333,48.1333
1614,5.37491,,142.5,81.5,48.1
1615,5.37825,,142.667,81.6667,48.0667
1616,5.3816,,142.833,81.8333,48.0333
1617,5.38494,,143,82,48
1618,5.38784,,142.875,81.875,47.875
1619,5.39073,,142.75,81.75,47.75
1620,5.39363,,142.625,81.625,47.625
1621,5.39653,,142.5,81.5,47.5
1622,5.39943,,142.375,81.375,47.375
1623,5.40232,,142.25,81.25,47.25
1624,5.40522,,142.125,81.125,47.125
1625,5.40812,,142,81,47
1626,5.41094,,142,81,46.85
1627,5.41377,,142,81,46.7
1628,5.41659,,142,81,46.55
1629,5.41942,,142,81,46.4
1630,5.42225,,142,81,46.25
1631,5.42507,,142,81,46.1
1632,5.42789,,142,81,45.95
1633,5.43072,,142,81,45.8
1634,5.43396,,142.143,80.8571,45.7429
1635,5.43719,,142.286,80.7143,45.6857
1636,5.44043,,142.429,80.5714,45.6286
1637,5.44367,,142.571,80.4286,45.5714
1638,5.44691,,142.714,80.2857,45.5143
1639,5.45014,,142.857,80.1429,45.4571
1640,5.45338,,143,80,45.4
1641,5.45697,,143,80.1667,45.3667
1642,5.46057,,143,80.3333,45.3333
1643,5.46416,,143,80.5,45.3
1644,5.46776,,143,80.6667,45.2667
1645,5.47135,,143,80.8333,45.2333
1646,5.47495,,143,81,45.2
1647,5.47845,,143,81,44.6333
1648,5.48196,,143,81,44.0667
1649,5.48546,,143,81,43.5
1650,5.48897,,143,81,42.9333
1651,5.49247,,143,81,42.3667
1652,5.49598,,143,81,41.8
1653,5.49945,,143,81.1667,41.7333
1654,5.50292,,143,81.3333,41.6667
1655,5.50638,,143,81.5,41.6
1656,5.50985,,143,81.6667,41.5333
1657,5.51332,,143,81.8333,41.4667
1658,5.51679,,143,82,41.4
1659,5.52028,,143,81.8333,41.3
1660,5.52377,,143,81.6667,41.2
1661,5.52725,,143,81.5,41.1
1662,5.53074,,143,81.3333,41
1663,5.53423,,143,81.1667,40.9
1664,5.53772,,143,81,40.8
1665,5.54162,,143,81.1667,40.7333
1666,5.54553,,143,81.3333,40.6667
1667,5.54943,,143,81.5,40.6
1668,5.55334,,143,81.6667,40.5333
1669,5.55724,,143,81.8333,40.4667
1670,5.56115,,143,82,40.4
1671,5.56463,,143.167,81.8333,40.5
1672,5.56812,,143.333,81.6667,40.6
1673,5.5716,,143.5,81.5,40.7
1674,5.57508,,143.667,81.3333,40.8
1675,5.57857,,143.833,81.1667,40.9
1676,5.58205,,144,81,41
1677,5.58555,,144,81,40.8667
1678,5.58904,,144,81,40.7333
1679,5.59254,,144,81,40.6
1680,5.59604,,144,81,40.4667
1681,5.59953,,144,81,40.3333
1682,5.60303,,144,81,40.2
1683,5.60642,,144.143,80.8571,40.1143
1684,5.60982,,144.286,80.7143,40.0286
1685,5.61321,,144.429,80.5714,39.9429
1686,5.6166,,144.571,80.4286,39.8571
1687,5.61999,,144.714,80.2857,39.7714
1688,5.62339,,144.857,80.1429,39.6857
1689,5.62678,,145,80,39.6
1690,5.63082,,144.5,80,38.9
1691,5.63487,,144,80,38.2
1692,5.6381,,144.143,80.1429,38.0571
1693,5.64132,,144.286,80.2857,37.9143
1694,5.64455,,144.429,80.4286,37.7714
1695,5.64777,,144.571,80.5714,37.6286
1696,5.651,,144.714,80.7143,37.4857
1697,5.65422,,144.857,80.8571,37.3429
1698,5.65745,,145,81,37.2
1699,5.66092,,145,81.1667,37.2
1700,5.66439,,145,81.3333,37.2
1701,5.66785,,145,81.5,37.2
1702,5.67132,,145,81.6667,37.2
1703,5.67479,,145,81.8333,37.2
1704,5.67826,,145,82,37.2
1705,5.68212,,145.167,81.8333,37.4
1706,5.68597,,145.333,81.6667,37.6
1707,5.68983,,145.5,81.5,37.8
1708,5.69369,,145.667,81.3333,38
1709,5.69754,,145.833,81.1667,38.2
1710,5.7014,,146,81,38.4
1711,5.70553,,146.2,81.2,38
1712,5.70966,,146.4,81.4,37.6
1713,5.71378,,146.6,81.6,37.2
1714,5.71791,,146.8,81.8,36.8
1715,5.72204,,147,82,36.4
1716,5.72542,,147,82,36.4667
1717,5.7288,,147,82,36.5333
1718,5.73218,,147,82,36.6
1719,5.73557,,147,82,36.6667
1720,5.73895,,147,82,36.7333
1721,5.74233,,147,82,36.8
1722,5.74625,,146.833,82,36.6333
1723,5.75016,,146.667,82,36.4667
1724,5.75408,,146.5,82,36.3
1725,5.75799,,146.333,82,36.1333
1726,5.7619,,146.167,82,35.9667
1727,5.76582,,146,82,35.8
1728,5.76966,,145.833,81.8333,35.7333
1729,5.7735,,145.667,81.6667,35.6667
1730,5.77735,,145.5,81.5,35.6
1731,5.78119,,145.333,81.3333,35.5333
1732,5.78503,,145.167,81.1667,35.4667
1733,5.78887,,145,81,35.4
1734,5.79249,,144.833,81,35.8
1735,5.79611,,144.667,81,36.2
1736,5.79974,,144.5,81,36.6
1737,5.80336,,144.333,81,37
1738,5.80698,,144.167,81,37.4
1739,5.8106,,144,81,37.8
1740,5.81361,,143.857,81,38.0857
1741,5.81663,,143.714,81,38.3714
1742,5.81964,,143.571,81,38.6571
1743,5.82265,,143.429,81,38.9429
1744,5.82566,,143.286,81,39.2286
1745,5.82868,,143.143,81,39.5143
1746,5.83169,,143,81,39.8
1747,5.8348,,143,81,39.85
1748,5.8379,,143,81,39.9
1749,5.84101,,143,81,39.95
1750,5.84412,,143,81,40
1751,5.84754,,143,80.75,40
1752,5.85096,,143,80.5,40
1753,5.85438,,143,80.25,40
1754,5.8578,,143,80,40
1755,5.86136,,143,80,39.9667
1756,5.86492,,143,80,39.9333
1757,5.86848,,143,80,39.9
1758,5.87203,,143,80,39.8667
1759,5.87559,,143,80,39.8333
1760,5.87915,,143,80,39.8
1761,5.88262,,143,80.1667,39.8333
1762,5.88608,,143,80.3333,39.8667
1763,5.88955,,143,80.5,39.9
1764,5.89301,,143,80.6667,39.9333
1765,5.89647,,143,80.8333,39.9667
1766,5.89994,,143,81,40
1767,5.90344,,143,81,39.8
1768,5.90694,,143,81,39.6
1769,5.91043,,143,81,39.4
1770,5.91393,,143,81,39.2
1771,5.91743,,143,81,39
1772,5.92093,,143,81,38.8
1773,5.92403,,143.143,80.8571,38.4857
1774,5.92712,,143.286,80.7143,38.1714
1775,5.93022,,143.429,80.5714,37.8571
1776,5.93332,,143.571,80.4286,37.5429
1777,5.93642,,143.714,80.2857,37.2286
1778,5.93951,,143.857,80.1429,36.9143
1779,5.94261,,144,80,36.6
1780,5.94558,,144,80.1429,36.1714
1781,5.94855,,144,80.2857,35.7429
1782,5.95152,,144,80.4286,35.3143
1783,5.9545,,144,80.5714,34.8857
1784,5.95747,,144,80.7143,34.4571
1785,5.96044,,144,80.8571,34.0286
1786,5.96341,,144,81,33.6
1787,5.96715,,144,81,33.6
1788,5.97089,,144,81,33.6
1789,5.97463,,144,81,33.6
1790,5.97837,,144,81,33.6
1791,5.98211,,144,81,33.6
1792,5.98585,,144,81,33.6
1793,5.9893,,144.167,81,33.6667
1794,5.99275,,144.333,81,33.7333
1795,5.9962,,144.5,81,33.8
1796,5.99964,,144.667,81,33.8667
1797,6.00309,,144.833,81,33.9333
1798,6.00654,,145,81,34
1799,6.00949,,145,80.8571,33.9429
1800,6.01243,,145,80.7143,33.8857
1801,6.01538,,145,80.5714,33.8286
1802,6.01832,,145,80.4286,33.7714
1803,6.02127,,145,80.2857,33.7143
1804,6.02421,,145,80.1429,33.6571
1805,6.02716,,145,80,33.6
1806,6.03042,,144.667,80,33.8667
1807,6.03369,,144.333,80,34.1333
1808,6.03695,,144,80,34.4
1809,6.04091,,144.167,80.3333,34.8
1810,6.04486,,144.333,80.6667,35.2
1811,6.04881,,144.5,81,35.6
1812,6.05277,,144.667,81.3333,36
1813,6.05673,,144.833,81.6667,36.4
1814,6.06068,,145,82,36.8
1815,6.06429,,144.833,81.6667,37.0333
1816,6.0679,,144.667,81.3333,37.2667
1817,6.07151,,144.5,81,37.5
1818,6.07512,,144.333,80.6667,37.7333
1819,6.07873,,144.167,80.3333,37.9667
1820,6.08234,,144,80,38.2
1821,6.08607,,144,80,38.3
1822,6.0898,,144,80,38.4
1823,6.09352,,144,80,38.5
1824,6.09725,,144,80,38.6
1825,6.10098,,144,80,38.7
1826,6.10471,,144,80,38.8
1827,6.10817,,143.833,80.1667,38.6333
1828,6.11162,,143.667,80.3333,38.4667
1829,6.11508,,143.5,80.5,38.3
1830,6.11854,,143.333,80.6667,38.1333
1831,6.12199,,143.167,80.8333,37.9667
1832,6.12545,,143,81,37.8
1833,6.12899,,143.167,81.1667,37.5
1834,6.13253,,143.333,81.3333,37.2
1835,6.13607,,143.5,81.5,36.9
1836,6.13962,,143.667,81.6667,36.6
1837,6.14316,,143.833,81.8333,36.3
1838,6.1467,,144,82,36
1839,6.14991,,143.857,81.7143,36.0571
1840,6.15313,,143.714,81.4286,36.1143
1841,6.15634,,143.571,81.1429,36.1714
1842,6.15955,,143.429,80.8571,36.2286
1843,6.16276,,143.286,80.5714,36.2857
1844,6.16598,,143.143,80.2857,36.3429
1845,6.16919,,143,80,36.4
1846,6.17273,,143,80,36.2
1847,6.17628,,143,80,36
1848,6.17982,,143,80,35.8
1849,6.18337,,143,80,35.6
1850,6.18691,,143,80,35.4
1851,6.19046,,143,80,35.2
1852,6.19365,,143.167,80.1667,34.9333
1853,6.19684,,143.333,80.3333,34.6667
1854,6.20003,,143.5,80.5,34.4
1855,6.20322,,143.667,80.6667,34.1333
1856,6.20641,,143.833,80.8333,33.8667
1857,6.2096,,144,81,33.6
1858,6.21288,,144,81,33.4
1859,6.21615,,144,81,33.2
1860,6.21943,,144,81,33
1861,6.2227,,144,81,32.8
1862,6.22598,,144,81,32.6
1863,6.22925,,144,81,32.4
1864,6.23253,,144,81,32.2
1865,6.23589,,144,81,32.3143
1866,6.23924,,144,81,32.4286
1867,6.2426,,144,81,32.5429
1868,6.24596,,144,81,32.6571
1869,6.24932,,144,81,32.7714
1870,6.25267,,144,81,32.8857
1871,6.25603,,144,81,33
1872,6.25978,,144,81.1667,32.7
1873,6.26352,,144,81.3333,32.4
1874,6.26727,,144,81.5,32.1
1875,6.27102,,144,81.6667,31.8
1876,6.27476,,144,81.8333,31.5
1877,6.27851,,144,82,31.2
1878,6.28206,,144.167,81.8333,31.2333
1879,6.28562,,144.333,81.6667,31.2667
1880,6.28918,,144.5,81.5,31.3
1881,6.29273,,144.667,81.3333,31.3333
1882,6.29628,,144.833,81.1667,31.3667
1883,6.29984,,145,81,31.4
1884,6.30309,,145,81,31.4
1885,6.30635,,145,81,31.4
1886,6.3096,,145,81,31.4
1887,6.31286,,145,81,31.4
1888,6.31611,,145,81,31.4
1889,6.31937,,145,81,31.4
1890,6.32262,,145,81,31.4
1891,6.32568,,145,81,31.1714
1892,6.32874,,145,81,30.9429
1893,6.3318,,145,81,30.7143
1894,6.33486,,145,81,30.4857
1895,6.33792,,145,81,30.2571
1896,6.34098,,145,81,30.0286
1897,6.34404,,145,81,29.8
1898,6.34692,,145,81.375,29.725
1899,6.34979,,145,81.75,29.65
1900,6.35267,,145,82.125,29.575
1901,6.35555,,145,82.5,29.5
1902,6.35843,,145,82.875,29.425
1903,6.3613,,145,83.25,29.35
1904,6.36418,,145,83.625,29.275
1905,6.36706,,145,84,29.2
1906,6.37037,,144.857,83.7143,29.0571
1907,6.37368,,144.714,83.4286,28.9143
1908,6.37699,,144.571,83.1429,28.7714
1909,6.38031,,144.429,82.8571,28.6286
1910,6.38362,,144.286,82.5714,28.4857
1911,6.38693,,144.143,82.2857,28.3429
1912,6.39024,,144,82,28.2
1913,6.39344,,144.143,81.8571,27.9714
1914,6.39664,,144.286,81.7143,27.7429
1915,6.39984,,144.429,81.5714,27.5143
1916,6.40305,,144.571,81.4286,27.2857
1917,6.40625,,144.714,81.2857,27.0571
1918,6.40945,,144.857,81.1429,26.8286
1919,6.41265,,145,81,26.6
1920,6.41608,,144.833,81.1667,26.2667
1921,6.41952,,144.667,81.3333,25.9333
1922,6.42295,,144.5,81.5,25.6
1923,6.42639,,144.333,81.6667,25.2667
1924,6.42982,,144.167,81.8333,24.9333
1925,6.43326,,144,82,24.6
1926,6.43681,,144,81.5,24.4
1927,6.44037,,144,81,24.2
1928,6.44386,,144,81,23.8333
1929,6.44735,,144,81,23.4667
1930,6.45083,,144,81,23.1
1931,6.45432,,144,81,22.7333
1932,6.45781,,144,81,22.3667
1933,6.4613,,144,81,22
1934,6.46433,,144,81,21.5143
1935,6.46737,,144,81,21.0286
1936,6.4704,,144,81,20.5429
1937,6.47343,,144,81,20.0571
1938,6.47646,,144,81,19.5714
1939,6.4795,,144,81,19.0857
1940,6.48253,,144,81,18.6
1941,6.48585,,144.143,81,18.1714
1942,6.48918,,144.286,81,17.7429
1943,6.4925,,144.429,81,17.3143
1944,6.49582,,144.571,81,16.8857
1945,6.49914,,144.714,81,16.4571
1946,6.50247,,144.857,81,16.0286
1947,6.50579,,145,81,15.6
1948,6.50916,,145,81,15.4
1949,6.51254,,145,81,15.2
1950,6.51591,,145,81,15
1951,6.51929,,145,81,14.8
1952,6.52266,,145,81,14.6
1953,6.52604,,145,81,14.4
1954,6.52938,,145.143,81,14.5714
1955,6.53272,,145.286,81,14.7429
1956,6.53606,,145.429,81,14.9143
1957,6.53941,,145.571,81,15.0857
1958,6.54275,,145.714,81,15.2571
1959,6.54609,,145.857,81,15.4286
1960,6.54943,,146,81,15.6
1961,6.5533,,146,81.3333,15.6
1962,6.55716,,146,81.6667,15.6
1963,6.56102,,146,82,15.6
1964,6.56489,,146,82.3333,15.6
1965,6.56875,,146,82.6667,15.6
1966,6.57262,,146,83,15.6
1967,6.57609,,146.167,82.8333,15.6667
1968,6.57957,,146.333,82.6667,15.7333
1969,6.58304,,146.5,82.5,15.8
1970,6.58651,,146.667,82.3333,15.8667
1971,6.58999,,146.833,82.1667,15.9333
1972,6.59346,,147,82,16
1973,6.59704,,147,82,16.2333
1974,6.60063,,147,82,16.4667
1975,6.60421,,147,82,16.7
1976,6.6078,,147,82,16.9333
1977,6.61138,,147,82,17.1667
1978,6.61497,,147,82,17.4
1979,6.61676,,147,82,17.6
1980,6.62052,,146.833,81.8333,17.8333
1981,6.62429,,146.667,81.6667,18.0667
1982,6.62805,,146.5,81.5,18.3
1983,6.63182,,146.333,81.3333,18.5333
1984,6.63558,,146.167,81.1667,18.7667
1985,6.63935,,146,81,19
1986,6.64278,,145.833,81.1667,19.2
1987,6.64621,,145.667,81.3333,19.4
1988,6.64964,,145.5,81.5,19.6
1989,6.65308,,145.333,81.6667,19.8
1990,6.65651,,145.167,81.8333,20
1991,6.65994,,145,82,20.2
1992,6.66277,,145,81.6,20
1993,6.6656,,145,81.2,19.8
1994,6.66843,,145,80.8,19.6
1995,6.67126,,145,80.4,19.4
1996,6.67409,,145,80,19.2
1997,6.67678,,145,80.2,18.8
1998,6.67948,,145,80.4,18.4
1999,6.68217,,145,80.6,18
2000,6.68487,,145,80.8,17.6
2001,6.68756,,145,81,17.2
2002,6.69068,,145.143,81,17.2857
2003,6.69381,,145.286,81,17.3714
2004,6.69693,,145.429,81,17.4571
2005,6.70005,,145.571,81,17.5429
2006,6.70317,,145.714,81,17.6286
2007,6.7063,,145.857,81,17.7143
2008,6.70942,,146,81,17.8
2009,6.71302,,146,81.1429,18.0286
2010,6.71661,,146,81.2857,18.2571
2011,6.72021,,146,81.4286,18.4857
2012,6.72381,,146,81.5714,18.7143
2013,6.72741,,146,81.7143,18.9429
2014,6.731,,146,81.8571,19.1714
2015,6.7346,,146,82,19.4
2016,6.73949,,146,82.2,20.48
2017,6.74438,,146,82.4,21.56
2018,6.74928,,146,82.6,22.64
2019,6.75417,,146,82.8,23.72
2020,6.75906,,146,83,24.8
2021,6.7622,,146.143,82.7143,24.8286
2022,6.76534,,146.286,82.4286,24.8571
2023,6.76848,,146.429,82.1429,24.8857
2024,6.77163,,146.571,81.8571,24.9143
2025,6.77477,,146.714,81.5714,24.9429
2026,6.77791,,146.857,81.2857,24.9714
2027,6.78105,,147,81,25
2028,6.78441,,147,81,25.3333
2029,6.78777,,147,81,25.6667
2030,6.79113,,147,81,26
2031,6.79449,,147,81,26.3333
2032,6.79785,,147,81,26.6667
2033,6.80121,,147,81,27
2034,6.80545,,147,81,26.8
2035,6.8097,,147,81,26.6
2036,6.81394,,147,81,26.4
2037,6.81819,,147,81,26.2
2038,6.82243,,147,81,26
2039,6.82573,,147,81,26
2040,6.82903,,147,81,26
2041,6.83232,,147,81,26
2042,6.83562,,147,81,26
2043,6.83892,,147,81,26
2044,6.84222,,147,81,26
2045,6.84623,,147.2,81.2,26.44
2046,6.85024,,147.4,81.4,26.88
2047,6.85425,,147.6,81.6,27.32
2048,6.85826,,147.8,81.8,27.76
2049,6.86227,,148,82,28.2
2050,6.86582,,147.833,81.8333,28.0333
2051,6.86937,,147.667,81.6667,27.8667
2052,6.87292,,147.5,81.5,27.7
2053,6.87647,,147.333,81.3333,27.5333
2054,6.88002,,147.167,81.1667,27.3667
2055,6.88357,,147,81,27.2
2056,6.88731,,146.667,81.1667,27.4
2057,6.89105,,146.333,81.3333,27.6
2058,6.89478,,146,81.5,27.8
2059,6.89852,,145.667,81.6667,28
2060,6.90226,,145.333,81.8333,28.2
2061,6.906,,145,82,28.4
2062,6.90982,,145.167,82,28.4333
2063,6.91364,,145.333,82,28.4667
2064,6.91746,,145.5,82,28.5
2065,6.92128,,145.667,82,28.5333
2066,6.9251,,145.833,82,28.5667
2067,6.92892,,146,82,28.6
2068,6.93282,,145.833,82.1667,28.4667
2069,6.93671,,145.667,82.3333,28.3333
2070,6.94061,,145.5,82.5,28.2
2071,6.94451,,145.333,82.6667,28.0667
2072,6.9484,,145.167,82.8333,27.9333
2073,6.9523,,145,83,27.8
2074,6.95604,,145,82.8333,27.7333
2075,6.95977,,145,82.6667,27.6667
2076,6.96351,,145,82.5,27.6
2077,6.96725,,145,82.3333,27.5333
2078,6.97098,,145,82.1667,27.4667
2079,6.97472,,145,82,27.4
2080,6.97793,,145,81.7143,27
2081,6.98114,,145,81.4286,26.6
2082,6.98435,,145,81.1429,26.2
2083,6.98756,,145,80.8571,25.8
2084,6.99077,,145,80.5714,25.4
2085,6.99398,,145,80.2857,25
2086,6.99719,,145,80,24.6
2087,7.00069,,145.167,80.1667,24.7667
2088,7.00419,,145.333,80.3333,24.9333
2089,7.00769,,145.5,80.5,25.1
2090,7.01118,,145.667,80.6667,25.2667
2091,7.01468,,145.833,80.8333,25.4333
2092,7.01818,,146,81,25.6
2093,7.02114,,146,81.1429,25.5429
2094,7.0241,,146,81.2857,25.4857
2095,7.02706,,146,81.4286,25.4286
2096,7.03001,,146,81.5714,25.3714
2097,7.03297,,146,81.7143,25.3143
2098,7.03593,,146,81.8571,25.2571
2099,7.03889,,146,82,25.2
2100,7.04213,,146.143,82,25.0571
2101,7.04537,,146.286,82,24.9143
2102,7.04861,,146.429,82,24.7714
2103,7.05184,,146.571,82,24.6286
2104,7.05508,,146.714,82,24.4857
2105,7.05832,,146.857,82,24.3429
2106,7.06156,,147,82,24.2
2107,7.06573,,146.8,82,24.72
2108,7.0699,,146.6,82,25.24
2109,7.07408,,146.4,82,25.76
2110,7.07825,,146.2,82,26.28
2111,7.08242,,146,82,26.8
2112,7.08587,,146.167,82,27.5333
2113,7.08931,,146.333,82,28.2667
2114,7.09276,,146.5,82,29
2115,7.0962,,146.667,82,29.7333
2116,7.09964,,146.833,82,30.4667
2117,7.10309,,147,82,31.2
2118,7.10644,,147,82,31.6
2119,7.1098,,147,82,32
2120,7.11315,,147,82,32.4
2121,7.11651,,147,82,32.8
2122,7.11986,,147,82,33.2
2123,7.12322,,147,82,33.6
2124,7.12646,,147,81.8571,33.2286
2125,7.1297,,147,81.7143,32.8571
2126,7.13294,,147,81.5714,32.4857
2127,7.13618,,147,81.4286,32.1143
2128,7.13942,,147,81.2857,31.7429
2129,7.14266,,147,81.1429,31.3714
2130,7.1459,,147,81,31
2131,7.14948,,146.25,81.25,30.95
2132,7.15306,,145.5,81.5,30.9
2133,7.15663,,144.75,81.75,30.85
2134,7.16021,,144,82,30.8
2135,7.16378,,142.5,82,30.8
2136,7.16735,,141,82,30.8
2137,7.17094,,140.333,81.6667,30.6667
2138,7.17453,,139.667,81.3333,30.5333
2139,7.17812,,139,81,30.4
2140,7.18173,,139.333,81.1667,30.7333
2141,7.18535,,139.667,81.3333,31.0667
2142,7.18896,,140,81.5,31.4
2143,7.19257,,140.333,81.6667,31.7333
2144,7.19619,,140.667,81.8333,32.0667
2145,7.1998,,141,82,32.4
2146,7.20284,,141.5,82,32.9
2147,7.20588,,142,82,33.4
2148,7.20905,,142.75,82.5,33.65
2149,7.21223,,143.5,83,33.9
2150,7.2154,,144.25,83.5,34.15
2151,7.21858,,145,84,34.4
2152,7.22229,,145.5,83.6667,34.5333
2153,7.226,,146,83.3333,34.6667
2154,7.22971,,146.5,83,34.8
2155,7.23343,,147,82.6667,34.9333
2156,7.23714,,147.5,82.3333,35.0667
2157,7.24085,,148,82,35.2
2158,7.24389,,148,82,35.2
2159,7.24634,,148.125,80.5,34.975
2160,7.24879,,148.25,79,34.75
2161,7.25124,,148.375,77.5,34.525
2162,7.25369,,148.5,76,34.3
2163,7.25615,,148.625,74.5,34.075
2164,7.2586,,148.75,73,33.85
2165,7.26105,,148.875,71.5,33.625
2166,7.2635,,149,70,33.4
2167,7.26368,,148.5,52.5,33.4
2168,7.26387,,148,35,33.4
2169,7.26405,,147.5,17.5,33.4
2170,7.26424,,147,0,33.4
2202,7.26424,,128,82,32.4
2203,7.26776,,128,82,32.2
2204,7.27144,,128.167,82.1667,31.9333
2205,7.27513,,128.333,82.3333,31.6667
2206,7.27881,,128.5,82.5,31.4
2207,7.28249,,128.667,82.6667,31.1333
2208,7.28618,,128.833,82.8333,30.8667
2209,7.28986,,129,83,30.6
2210,7.29391,,129.5,83,30.6
2211,7.29796,,130,83,30.6
2212,7.30201,,130.5,83,30.6
2213,7.30607,,131,83,30.6
2214,7.31012,,131.5,83,30.6
2215,7.31417,,132,83,30.6
2216,7.31796,,132.5,82.8333,30.6333
2217,7.32174,,133,82.6667,30.6667
2218,7.32553,,133.5,82.5,30.7
2219,7.32932,,134,82.3333,30.7333
2220,7.3331,,134.5,82.1667,30.7667
2221,7.33689,,135,82,30.8
2222,7.34054,,135.333,82,31.3333
2223,7.34419,,135.667,82,31.8667
2224,7.34784,,136,82,32.4
2225,7.35149,,136.333,82,32.9333
2226,7.35514,,136.667,82,33.4667
2227,7.35879,,137,82,34
2228,7.36249,,137.167,82,34.3
2229,7.36619,,137.333,82,34.6
2230,7.36989,,137.5,82,34.9
2231,7.3736,,137.667,82,35.2
2232,7.3773,,137.833,82,35.5
2233,7.381,,138,82,35.8
2234,7.38465,,138.167,82,35.4667
2235,7.3883,,138.333,82,35.1333
2236,7.39195,,138.5,82,34.8
2237,7.39561,,138.667,82,34.4667
2238,7.39926,,138.833,82,34.1333
2239,7.40291,,139,82,33.8
2240,7.40653,,139,82,34.0333
2241,7.41015,,139,82,34.2667
2242,7.41377,,139,82,34.5
2243,7.41739,,139,82,34.7333
2244,7.42101,,139,82,34.9667
2245,7.42463,,139,82,35.2
2246,7.42841,,139.167,82,35.3667
2247,7.43219,,139.333,82,35.5333
2248,7.43597,,139.5,82,35.7
2249,7.43975,,139.667,82,35.8667
2250,7.44353,,139.833,82,36.0333
2251,7.44731,,140,82,36.2
2252,7.45101,,140.167,82,36.6333
2253,7.45472,,140.333,82,37.0667
2254,7.45843,,140.5,82,37.5
2255,7.46213,,140.667,82,37.9333
2256,7.46583,,140.833,82,38.3667
2257,7.46954,,141,82,38.8
2258,7.47314,,141.167,81.8333,38.3
2259,7.47675,,141.333,81.6667,37.8
2260,7.48035,,141.5,81.5,37.3
2261,7.48396,,141.667,81.3333,36.8
2262,7.48756,,141.833,81.1667,36.3
2263,7.49117,,142,81,35.8
2264,7.49467,,142,81,35.8333
2265,7.49817,,142,81,35.8667
2266,7.50167,,142,81,35.9
2267,7.50517,,142,81,35.9333
2268,7.50867,,142,81,35.9667
2269,7.51217,,142,81,36
2270,7.51514,,142.333,81.3333,36
2271,7.51812,,142.667,81.6667,36
2272,7.52109,,143,82,36
2273,7.52425,,143,82.25,36.15
2274,7.5274,,143,82.5,36.3
2275,7.53055,,143,82.75,36.45
2276,7.53371,,143,83,36.6
2277,7.53753,,143.167,83.3333,36.7333
2278,7.54134,,143.333,83.6667,36.8667
2279,7.54516,,143.5,84,37
2280,7.54898,,143.667,84.3333,37.1333
2281,7.55279,,143.833,84.6667,37.2667
2282,7.55661,,144,85,37.4
2283,7.56034,,144.333,84.5,37.6667
2284,7.56407,,144.667,84,37.9333
2285,7.5678,,145,83.5,38.2
2286,7.57152,,145.333,83,38.4667
2287,7.57525,,145.667,82.5,38.7333
2288,7.57898,,146,82,39
2289,7.58253,,146.167,81.8333,39.2667
2290,7.58609,,146.333,81.6667,39.5333
2291,7.58964,,146.5,81.5,39.8
2292,7.59319,,146.667,81.3333,40.0667
2293,7.59675,,146.833,81.1667,40.3333
2294,7.6003,,147,81,40.6
2295,7.60415,,147.167,81,40.6667
2296,7.60801,,147.333,81,40.7333
2297,7.61186,,147.5,81,40.8
2298,7.61572,,147.667,81,40.8667
2299,7.61958,,147.833,81,40.9333
2300,7.62343,,148,81,41
2301,7.6271,,147.833,81.1667,41
2302,7.63077,,147.667,81.3333,41
2303,7.63443,,147.5,81.5,41
2304,7.6381,,147.333,81.6667,41
2305,7.64177,,147.167,81.8333,41
2306,7.64544,,147,82,41
2307,7.64873,,147,82,40.9143
2308,7.65201,,147,82,40.8286
2309,7.6553,,147,82,40.7429
2310,7.65859,,147,82,40.6571
2311,7.66188,,147,82,40.5714
2312,7.66516,,147,82,40.4857
2313,7.66845,,147,82,40.4
2314,7.67243,,147,82,40.2
2315,7.67641,,147,82,40
2316,7.68038,,147,82,39.8
2317,7.68436,,147,82,39.6
2318,7.68834,,147,82,39.4
2319,7.69232,,147,82,39.2
2320,7.69624,,147.167,82,38.4333
2321,7.70016,,147.333,82,37.6667
2322,7.70407,,147.5,82,36.9
2323,7.70799,,147.667,82,36.1333
2324,7.71191,,147.833,82,35.3667
2325,7.71583,,148,82,34.6
2326,7.71927,,147.833,82.6667,34.0333
2327,7.72272,,147.667,83.3333,33.4667
2328,7.72616,,147.5,84,32.9
2329,7.72961,,147.333,84.6667,32.3333
2330,7.73305,,147.167,85.3333,31.7667
2331,7.7365,,147,86,31.2
2332,7.74049,,146.833,85.5,30.7333
2333,7.74449,,146.667,85,30.2667
2334,7.74848,,146.5,84.5,29.8
2335,7.75248,,146.333,84,29.3333
2336,7.75648,,146.167,83.5,28.8667
2337,7.76047,,146,83,28.4
2338,7.7645,,146.2,83,28.12
2339,7.76854,,146.4,83,27.84
2340,7.77257,,146.6,83,27.56
2341,7.77661,,146.8,83,27.28
2342,7.78064,,147,83,27
2343,7.78458,,147.167,83,27.1
2344,7.78851,,147.333,83,27.2
2345,7.79244,,147.5,83,27.3
2346,7.79638,,147.667,83,27.4
2347,7.80031,,147.833,83,27.5
2348,7.80425,,148,83,27.6
2349,7.80828,,148.2,82.8,27.88
2350,7.81231,,148.4,82.6,28.16
2351,7.81634,,148.6,82.4,28.44
2352,7.82037,,148.8,82.2,28.72
2353,7.8244,,149,82,29
2354,7.82807,,148.833,82,29.0667
2355,7.83174,,148.667,82,29.1333
2356,7.83541,,148.5,82,29.2
2357,7.83909,,148.333,82,29.2667
2358,7.84276,,148.167,82,29.3333
2359,7.84643,,148,82,29.4
2360,7.85022,,148.333,82,29.4
2361,7.85401,,148.667,82,29.4
2362,7.8578,,149,82,29.4
2363,7.86175,,148.833,81.8333,29.5667
2364,7.8657,,148.667,81.6667,29.7333
2365,7.86965,,148.5,81.5,29.9
2366,7.8736,,148.333,81.3333,30.0667
2367,7.87755,,148.167,81.1667,30.2333
2368,7.8815,,148,81,30.4
2369,7.88562,,148.5,81.5,30.7
2370,7.88975,,149,82,31
2371,7.89365,,149,82,30.9333
2372,7.89755,,149,82,30.8667
2373,7.90145,,149,82,30.8
2374,7.90535,,149,82,30.7333
2375,7.90925,,149,82,30.6667
2376,7.91315,,149,82,30.6
2377,7.9168,,149,82.3333,30.4333
2378,7.92045,,149,82.6667,30.2667
2379,7.9241,,149,83,30.1
2380,7.92775,,149,83.3333,29.9333
2381,7.9314,,149,83.6667,29.7667
2382,7.93505,,149,84,29.6
2383,7.93842,,149,83.6667,29.3667
2384,7.94178,,149,83.3333,29.1333
2385,7.94515,,149,83,28.9
2386,7.94852,,149,82.6667,28.6667
2387,7.95188,,149,82.3333,28.4333
2388,7.95525,,149,82,28.2
2389,7.95909,,149,82.1667,27.7667
2390,7.96292,,149,82.3333,27.3333
2391,7.96676,,149,82.5,26.9
2392,7.9706,,149,82.6667,26.4667
2393,7.97443,,149,82.8333,26.0333
2394,7.97827,,149,83,25.6
2395,7.98221,,149,82.8333,25.3333
2396,7.98615,,149,82.6667,25.0667
2397,7.9901,,149,82.5,24.8
2398,7.99404,,149,82.3333,24.5333
2399,7.99798,,149,82.1667,24.2667
2400,8.00192,,149,82,24
2401,8.0053,,149,82.1667,24.5
2402,8.00867,,149,82.3333,25
2403,8.01205,,149,82.5,25.5
2404,8.01542,,149,82.6667,26
2405,8.01879,,149,82.8333,26.5
2406,8.02217,,149,83,27
2407,8.02433,,149,83,27.05
2408,8.0265,,149,83,27.1
2409,8.02867,,149,83,27.15
2410,8.03083,,149,83,27.2
2411,8.03417,,150,85,27.4
2412,8.03776,,150,85,27.25
2413,8.04135,,150,85,27.1
2414,8.04495,,150,85,26.95
2415,8.04854,,150,85,26.8
2416,8.05128,,150,83.5,27
2417,8.05401,,150,82,27.2
