secs,km,power,hr,cad,alt
0,0,,86,,12.4
1,0.00325,,87,,12.6
2,0.00732,,88,,12.4
3,0.01167,,88,,12.2
4,0.01474,,91,,12.2
5,0.01773,,94,,12.2
6,0.02142,,97,,12.2
7,0.02494,,97,,12.2
8,0.02867,,97,,12
9,0.03211,,97,,11.8
10,0.03628,,99,,11.6
11,0.04031,,101,,11.8
12,0.04481,,105,,11.8
13,0.04859,,106,,11.8
14,0.05244,,106,,11.6
15,0.05746,,109,,12
16,0.06065,,111,,12
17,0.06463,,113,,12
18,0.0678,,114,,11.8
19,0.07169,,115,,12.2
20,0.07511,,116,,12.2
21,0.0791,,117,,12.4
22,0.08183,,117,,12.2
23,0.08452,,117,,12.4
24,0.08855,,120,,12.2
25,0.09174,,122,,12.2
26,0.0948,,123,,12.4
27,0.0985,,124,,13
28,0.10228,,126,,13.2
29,0.10628,,127,,13.4
30,0.10972,,127,,13.6
31,0.1138,,129,,13.8
32,0.11728,,131,,14
33,0.12043,,131,,14
34,0.1229,,132,,14.2
35,0.1255,,133,,14.4
36,0.12791,,134,,14.6
37,0.1305,,134,,14.8
38,0.13427,,134,,15
39,0.13797,,135,,15.2
40,0.14061,,136,,16.6
41,0.14329,,136,,16.8
42,0.14647,,137,,17.4
43,0.14994,,137,,17.6
44,0.14994,,138,,17.6
45,0.15746,,137,,17.6
46,0.16309,,138,,17.6
47,0.16841,,138,,17.6
48,0.17337,,138,,17.8
49,0.17748,,138,,18
50,0.18166,,139,,18.2
51,0.18544,,139,,18.2
52,0.18907,,140,,18.6
53,0.19271,,141,,18.4
54,0.19637,,141,,17.8
55,0.19971,,142,,17.4
56,0.20354,,142,,17.4
57,0.207,,143,,17.2
58,0.21076,,144,,17.8
59,0.21475,,144,,17.6
60,0.21852,,144,,17.8
61,0.22233,,145,,17.4
62,0.22606,,145,,17.2
63,0.22962,,145,,17.4
64,0.23316,,145,,17.2
65,0.23681,,146,,17.6
66,0.24028,,147,,17.6
67,0.2438,,147,,18.4
68,0.24721,,148,,18.6
69,0.25064,,148,,18.6
70,0.25415,,148,,19
71,0.25759,,148,,18.6
72,0.26102,,149,,19.2
73,0.2645,,148,,19.4
74,0.26786,,149,,19.8
75,0.27129,,149,,20.2
76,0.27472,,149,,20.6
77,0.27808,,150,,21
78,0.28164,,150,,21.4
79,0.2851,,150,,21.4
80,0.28871,,150,,21.8
81,0.29231,,150,,21.8
82,0.29571,,150,,22
83,0.29915,,150,,22.2
84,0.30259,,150,,22.2
85,0.30607,,150,,22.6
86,0.30946,,150,,22.8
87,0.31271,,150,,22
88,0.31595,,150,,21.6
89,0.31894,,150,,21.2
90,0.3222,,149,,20.6
91,0.32576,,150,,21.8
92,0.3295,,150,,22.2
93,0.33307,,150,,22.2
94,0.33657,,150,,22.6
95,0.34011,,150,,23
96,0.34356,,150,,23.6
97,0.34704,,150,,24
98,0.35043,,151,,24.4
99,0.35385,,150,,25
100,0.3575,,151,,25.6
101,0.36107,,151,,26.4
102,0.36463,,151,,26.8
103,0.36806,,151,,27.6
104,0.3714,,151,,28
105,0.37474,,151,,28.4
106,0.37804,,151,,28.4
107,0.38159,,151,,28.6
108,0.38514,,150,,28.6
109,0.38869,,151,,28.8
110,0.39208,,150,,29
111,0.39547,,150,,29.2
112,0.399,,150,,29.6
113,0.40249,,150,,29.8
114,0.40588,,150,,30
115,0.40934,,150,,29.6
116,0.41272,,150,,29.8
117,0.41615,,150,,30
118,0.41956,,150,,30.6
119,0.42313,,149,,30.8
120,0.42633,,150,,31
121,0.42943,,150,,30.2
122,0.43274,,150,,30.4
123,0.43607,,149,,30.4
124,0.43945,,150,,30.4
125,0.44253,,150,,30.8
126,0.44624,,150,,31
127,0.45047,,150,,31.6
128,0.45521,,150,,32.2
129,0.45966,,151,,32.6
130,0.46383,,150,,32.8
131,0.46787,,151,,33
132,0.47146,,151,,32.6
133,0.47489,,151,,32.4
134,0.47833,,151,,32.4
135,0.48176,,151,,32
136,0.48518,,152,,32.2
137,0.48883,,152,,32.2
138,0.49247,,152,,31.8
139,0.49608,,152,,31.8
140,0.49958,,152,,31.6
141,0.50295,,152,,31.4
142,0.50664,,152,,31.4
143,0.51022,,152,,31.2
144,0.51362,,151,,30.4
145,0.51707,,152,,30.4
146,0.52028,,152,,29.4
147,0.52371,,152,,28.8
148,0.52719,,151,,28.8
149,0.53046,,152,,28.2
150,0.53392,,152,,28
151,0.5374,,151,,28.2
152,0.54072,,152,,28
153,0.54392,,152,,28.2
154,0.54693,,152,,27.6
155,0.55002,,152,,27.2
156,0.55298,,152,,27.2
157,0.55599,,152,,26.4
158,0.55926,,153,,26.4
159,0.56276,,153,,26
160,0.56641,,153,,25.8
161,0.56987,,153,,25.4
162,0.57324,,154,,25.2
163,0.57631,,154,,24.4
164,0.57949,,154,,24.2
165,0.58292,,154,,23.8
166,0.5862,,154,,23
167,0.58957,,154,,22.6
168,0.59284,,154,,22
169,0.59609,,154,,21.4
170,0.5995,,155,,21
171,0.60262,,154,,21
172,0.60585,,155,,20.8
173,0.60927,,155,,20.6
174,0.61298,,155,,20.6
175,0.61676,,155,,20.6
176,0.62025,,155,,20.2
177,0.62362,,155,,19.8
178,0.62685,,155,,19.4
179,0.63034,,156,,19.6
180,0.63367,,155,,19.8
181,0.63717,,155,,20
182,0.64064,,156,,19.8
183,0.64421,,156,,19.8
184,0.64777,,157,,19.6
185,0.65144,,157,,19.6
186,0.65519,,156,,19.6
187,0.65903,,157,,20
188,0.66282,,157,,21
189,0.66668,,156,,21.4
190,0.67043,,156,,21.8
191,0.6738,,157,,21.8
192,0.67734,,157,,22
193,0.68134,,157,,22.8
194,0.68525,,157,,23
195,0.68916,,157,,23.2
196,0.69322,,157,,23
197,0.69753,,157,,23
198,0.70204,,158,,22.6
199,0.70683,,157,,22.6
200,0.71143,,157,,22.4
201,0.7152,,157,,22.8
202,0.71888,,158,,23.4
203,0.72244,,157,,23.2
204,0.726,,157,,22.8
205,0.72967,,158,,22.2
206,0.73334,,157,,21.8
207,0.73712,,157,,21.8
208,0.74086,,158,,22.2
209,0.74454,,158,,22.2
210,0.748,,157,,22.8
211,0.75152,,157,,22.8
212,0.75503,,157,,23
213,0.75862,,157,,23
214,0.76242,,157,,22.8
215,0.76588,,157,,24
216,0.76939,,157,,24.2
217,0.77282,,157,,24.4
218,0.77633,,156,,25.2
219,0.77979,,157,,25.6
220,0.7832,,156,,26
221,0.78698,,156,,26.6
222,0.79047,,156,,27.4
223,0.79408,,156,,27.2
224,0.79754,,156,,27.2
225,0.80102,,155,,26.4
226,0.80462,,155,,26.4
227,0.80804,,155,,26.6
228,0.81179,,155,,26.8
229,0.81531,,155,,27.4
230,0.81882,,155,,27.6
231,0.82222,,155,,28.2
232,0.82562,,155,,28.4
233,0.82917,,155,,28.6
234,0.83247,,155,,28.6
235,0.83604,,154,,29
236,0.83948,,154,,29.4
237,0.84292,,154,,29.8
238,0.84638,,154,,30.4
239,0.84958,,154,,30.6
240,0.85302,,155,,30.8
241,0.8564,,155,,31.2
242,0.86005,,155,,31.4
243,0.86355,,155,,31.8
244,0.86681,,154,,31.6
245,0.87027,,155,,31.6
246,0.8738,,155,,32
247,0.87732,,154,,32.2
248,0.88082,,154,,32.4
249,0.88435,,154,,32.6
250,0.88785,,155,,32.8
251,0.8913,,155,,33.4
252,0.89476,,155,,33.4
253,0.89814,,155,,33.8
254,0.90165,,155,,33.8
255,0.90499,,155,,34
256,0.90798,,154,,33.6
257,0.91126,,154,,33.4
258,0.91432,,154,,33
259,0.91741,,154,,33.2
260,0.92073,,154,,33.4
261,0.9241,,154,,33.6
262,0.92764,,154,,33.6
263,0.93111,,153,,33.2
264,0.93431,,154,,33
265,0.93764,,153,,33.2
266,0.94096,,153,,33.6
267,0.94415,,153,,33.4
268,0.94744,,153,,33.6
269,0.95083,,153,,33.6
270,0.95436,,153,,33.6
271,0.95763,,153,,34.2
272,0.96088,,153,,34.4
273,0.96408,,154,,33.8
274,0.96725,,153,,33.8
275,0.97042,,153,,33.8
276,0.97359,,153,,33.4
277,0.97676,,153,,33
278,0.97972,,153,,32.4
279,0.98262,,153,,31.8
280,0.98586,,152,,31.4
281,0.98884,,152,,30
282,0.99197,,152,,29.4
283,0.99533,,151,,28.6
284,0.99906,,151,,28.2
285,1.00263,,151,,27.6
286,1.00591,,151,,27.2
287,1.00938,,151,,26.8
288,1.01293,,150,,26
289,1.01636,,150,,25.4
290,1.01958,,150,,25
291,1.02291,,150,,24.4
292,1.02644,,150,,23.8
293,1.02982,,151,,23.4
294,1.0333,,150,,23
295,1.03697,,150,,22.2
296,1.04046,,150,,21.4
297,1.04399,,150,,20.8
298,1.04738,,150,,20.4
299,1.05057,,151,,19.6
300,1.05363,,151,,19
301,1.05667,,151,,18.4
302,1.06003,,151,,17.6
303,1.06344,,151,,17.2
304,1.06679,,151,,16.4
305,1.07013,,152,,16
306,1.07326,,151,,15.2
307,1.07655,,151,,14.6
308,1.07964,,151,,14
309,1.08286,,152,,13.4
310,1.0863,,152,,12.8
311,1.08965,,152,,12.2
312,1.09311,,151,,11.4
313,1.09629,,151,,10.4
314,1.09955,,151,,9.4
315,1.10288,,151,,9
316,1.10629,,151,,9.2
317,1.10963,,151,,8.6
318,1.11295,,152,,8.6
319,1.11635,,151,,8.4
320,1.11972,,151,,7.8
321,1.12299,,151,,8.8
322,1.12611,,152,,8.4
323,1.12921,,152,,8
324,1.13236,,151,,7.8
325,1.13557,,152,,7.6
326,1.13883,,152,,7.4
327,1.14207,,152,,7.2
328,1.14529,,152,,7
329,1.1486,,153,,6.6
330,1.15213,,153,,6.2
331,1.15572,,153,,5.8
332,1.15923,,153,,5.6
333,1.1624,,153,,5.6
334,1.16578,,153,,5
335,1.16905,,152,,4.4
336,1.17246,,153,,4.2
337,1.1758,,153,,4
338,1.17856,,153,,3.8
339,1.18181,,153,,4
340,1.18512,,152,,3.6
341,1.1882,,153,,3.6
342,1.19155,,153,,3.4
343,1.19506,,153,,2.4
344,1.19854,,153,,1.8
345,1.20185,,153,,1.2
346,1.20527,,152,,0.8
347,1.20856,,152,,0.8
348,1.21185,,152,,0.4
349,1.21516,,152,,0
350,1.21862,,151,,-0.2
351,1.22219,,152,,-0.2
352,1.22556,,151,,0
353,1.22899,,151,,0.2
354,1.23264,,151,,0.4
355,1.23617,,152,,1
356,1.23956,,152,,0.4
357,1.2428,,152,,0
358,1.24609,,152,,0.4
359,1.24947,,152,,0.2
360,1.2528,,153,,-0.2
361,1.25636,,153,,0
362,1.25981,,153,,0
363,1.26309,,153,,-0.2
364,1.26656,,153,,0
365,1.26988,,153,,1.4
366,1.27327,,153,,1.8
367,1.27651,,154,,1.8
368,1.27969,,154,,1.6
369,1.28311,,154,,1.6
370,1.28673,,154,,2.6
371,1.29038,,154,,2.6
372,1.29398,,154,,2.8
373,1.29792,,155,,3.4
374,1.30184,,155,,3.8
375,1.30555,,155,,4.4
376,1.309,,155,,4.4
377,1.31238,,155,,4.4
378,1.3156,,155,,3.8
379,1.31916,,155,,4
380,1.32297,,155,,6.8
381,1.32687,,155,,9.2
382,1.33024,,155,,10
383,1.33347,,155,,9.6
384,1.33693,,155,,10.6
385,1.34038,,155,,11
386,1.34368,,155,,11.4
387,1.34695,,154,,12
388,1.35021,,154,,11.2
389,1.35362,,154,,11.6
390,1.35665,,154,,10.4
391,1.35983,,154,,10.4
392,1.36328,,154,,11.6
393,1.36635,,154,,11.8
394,1.36992,,154,,13.4
395,1.37358,,155,,14.6
396,1.37698,,154,,14.6
397,1.38061,,154,,17.4
398,1.38395,,155,,17.6
399,1.38701,,155,,18.2
400,1.39017,,154,,18.2
401,1.39357,,154,,18.2
402,1.39716,,154,,18.2
403,1.40071,,154,,17.8
404,1.40435,,154,,17.8
405,1.40817,,154,,18.8
406,1.41182,,154,,19.6
407,1.41544,,154,,19
408,1.41903,,154,,18.6
409,1.42233,,154,,19.2
410,1.42565,,154,,19.2
411,1.4291,,154,,19.4
412,1.4326,,154,,19.6
413,1.43596,,154,,19.4
414,1.43945,,154,,19.6
415,1.44297,,154,,20.2
416,1.44643,,154,,20.4
417,1.44982,,154,,20.6
418,1.45327,,154,,21
419,1.45669,,154,,21.2
420,1.46022,,154,,21.8
421,1.46359,,154,,21.6
422,1.4671,,154,,22.2
423,1.47042,,154,,22
424,1.47392,,154,,22.2
425,1.47733,,154,,22.8
426,1.48078,,154,,23
427,1.48415,,154,,23.6
428,1.48766,,154,,23.8
429,1.49141,,154,,24.2
430,1.49531,,153,,25.4
431,1.49889,,154,,25.8
432,1.50229,,153,,25.6
433,1.50571,,154,,26
434,1.50903,,154,,26
435,1.51232,,154,,26
436,1.51588,,154,,26.2
437,1.51953,,154,,26.4
438,1.52307,,154,,26.6
439,1.52655,,154,,27
440,1.52993,,154,,27
441,1.53346,,154,,27
442,1.53703,,155,,26.8
443,1.54071,,155,,26.2
444,1.54429,,154,,25
445,1.5478,,155,,24.4
446,1.55133,,155,,24.4
447,1.55487,,155,,23.2
448,1.55851,,155,,22.6
449,1.56209,,155,,21.8
450,1.56583,,155,,21.4
451,1.56947,,155,,21.2
452,1.57306,,155,,20.6
453,1.57669,,155,,20.4
454,1.58022,,156,,20.2
455,1.58379,,156,,20
456,1.58738,,155,,20.2
457,1.59082,,156,,20.2
458,1.59414,,155,,20.4
459,1.59774,,156,,20.2
460,1.60099,,155,,20.2
461,1.60446,,155,,19.6
462,1.60811,,156,,19.6
463,1.61155,,156,,19.4
464,1.61503,,156,,19.2
465,1.61845,,156,,19.2
466,1.62194,,155,,19.4
467,1.62547,,156,,19.4
468,1.62899,,156,,19.4
469,1.63245,,156,,19.2
470,1.63576,,156,,19.2
471,1.6392,,156,,19.4
472,1.6428,,157,,19.8
473,1.64635,,156,,20.8
474,1.64985,,156,,20.8
475,1.65352,,157,,21.2
476,1.657,,157,,21.8
477,1.66122,,156,,23.4
478,1.6648,,157,,23.6
479,1.66822,,157,,23.6
480,1.67163,,157,,24.2
481,1.67489,,157,,24.2
482,1.6782,,157,,24.4
483,1.68167,,157,,24.6
484,1.68517,,157,,24.8
485,1.68865,,158,,25.2
486,1.69243,,157,,25.4
487,1.69607,,158,,26.2
488,1.69952,,158,,26
489,1.70297,,158,,26.2
490,1.70642,,158,,26.2
491,1.71008,,158,,26.6
492,1.71351,,158,,26.2
493,1.71705,,159,,25.4
494,1.72064,,158,,25.4
495,1.72413,,158,,25.2
496,1.72756,,159,,25.2
497,1.73092,,159,,25
498,1.73439,,159,,24.6
499,1.73799,,159,,24.8
500,1.74166,,159,,25
501,1.74514,,159,,25
502,1.74866,,159,,25.2
503,1.7525,,160,,25.4
504,1.75592,,160,,25.4
505,1.75923,,159,,26
506,1.76264,,159,,26.2
507,1.76612,,159,,26
508,1.76953,,159,,25.4
509,1.77288,,160,,25
510,1.77643,,160,,25
511,1.77987,,160,,24.8
512,1.78319,,159,,25
513,1.78676,,159,,24.8
514,1.79013,,160,,25.2
515,1.79345,,160,,25
516,1.79678,,160,,25.2
517,1.80004,,160,,25
518,1.80357,,160,,25
519,1.80712,,160,,25
520,1.8107,,160,,25.2
521,1.81415,,159,,25.2
522,1.81735,,159,,24.4
523,1.82079,,159,,24
524,1.82415,,160,,24.2
525,1.8274,,159,,24.2
526,1.83082,,160,,24
527,1.83402,,160,,24
528,1.83731,,159,,23.6
529,1.84073,,160,,23.6
530,1.84426,,159,,23.4
531,1.84776,,159,,23.2
532,1.85131,,160,,22.8
533,1.85505,,160,,22.8
534,1.85899,,160,,22.8
535,1.86281,,160,,22.8
536,1.8665,,159,,23
537,1.86986,,159,,22.6
538,1.87338,,159,,22.4
539,1.87692,,160,,22.2
540,1.88039,,160,,21.4
541,1.88382,,160,,20.6
542,1.88719,,160,,20.6
543,1.89067,,159,,20
544,1.89412,,159,,19.6
545,1.89757,,159,,19
546,1.90097,,159,,18.2
547,1.90433,,159,,17.8
548,1.90783,,159,,18.2
549,1.91098,,159,,17.8
550,1.91439,,158,,17.2
551,1.91783,,158,,17.2
552,1.92111,,159,,17.4
553,1.92465,,159,,17
554,1.92798,,159,,17
555,1.931,,158,,15.8
556,1.93422,,158,,15.2
557,1.93755,,158,,14.8
558,1.94087,,158,,14
559,1.94425,,158,,14
560,1.94767,,158,,13.6
561,1.9507,,158,,13.2
562,1.95393,,157,,13
563,1.9575,,157,,13
564,1.96075,,157,,13
565,1.96399,,156,,12.8
566,1.96713,,156,,12.6
567,1.97059,,156,,12.6
568,1.97417,,156,,12.2
569,1.97745,,156,,11.8
570,1.98095,,156,,11.8
571,1.98446,,156,,11.6
572,1.98791,,156,,11.2
573,1.99127,,155,,11
574,1.99456,,155,,10.8
575,1.99787,,155,,10.2
576,2.00141,,155,,10.2
577,2.005,,155,,10.2
578,2.00852,,156,,10
579,2.01194,,156,,10
580,2.01547,,156,,9.6
581,2.01898,,156,,9.8
582,2.02257,,157,,9.8
583,2.02625,,157,,9.8
584,2.02985,,157,,9.8
585,2.0334,,157,,9.4
586,2.0372,,157,,9.8
587,2.04069,,158,,9.8
588,2.04437,,158,,9.2
589,2.04821,,158,,9.8
590,2.0515,,158,,9.6
591,2.0549,,158,,9.4
592,2.05824,,157,,8.6
593,2.06137,,158,,7.2
594,2.06487,,158,,7
595,2.06872,,158,,7.2
596,2.0722,,158,,6.8
597,2.07574,,158,,6.8
598,2.07948,,158,,8.4
599,2.08231,,159,,7.2
600,2.08596,,159,,7.4
601,2.08928,,159,,7.4
602,2.0924,,159,,7.2
603,2.09595,,159,,7.4
604,2.09964,,159,,7.8
605,2.1033,,159,,7.6
606,2.10684,,159,,7.6
607,2.10989,,159,,7.4
608,2.11331,,159,,7.4
609,2.11669,,159,,7.6
610,2.12044,,159,,7.2
611,2.12398,,159,,7.2
612,2.12747,,159,,7.2
613,2.13101,,160,,7
614,2.13437,,160,,6.8
615,2.13778,,160,,6.6
616,2.141,,159,,6.4
617,2.14448,,159,,6.6
618,2.1478,,159,,6.6
619,2.15127,,158,,6.8
620,2.15456,,158,,6.6
621,2.15815,,158,,7
622,2.16174,,159,,7.4
623,2.16527,,158,,6.8
624,2.16883,,159,,7
625,2.17227,,159,,6.8
626,2.17619,,159,,8.2
627,2.17969,,159,,8.4
628,2.18266,,159,,8.4
629,2.18626,,159,,8.8
630,2.18959,,160,,8.6
631,2.19324,,160,,8.4
632,2.19688,,159,,8.8
633,2.20016,,159,,9
634,2.20362,,160,,9
635,2.20717,,160,,10.2
636,2.21027,,160,,10.8
637,2.21315,,160,,10.8
638,2.21599,,159,,10.6
639,2.21903,,160,,11
640,2.22232,,160,,11.6
641,2.22579,,159,,12
642,2.22924,,159,,12.4
643,2.23278,,159,,12.8
644,2.23652,,159,,13
645,2.24063,,159,,13.4
646,2.24459,,159,,14.8
647,2.24769,,159,,14.6
648,2.25124,,158,,15.4
649,2.25443,,159,,14.2
650,2.25816,,159,,14.4
651,2.2612,,159,,13.4
652,2.26495,,158,,13.8
653,2.26787,,158,,13.2
654,2.271,,158,,12.6
655,2.27477,,158,,12.8
656,2.27823,,158,,12.6
657,2.28185,,158,,12.6
658,2.28543,,158,,12.6
659,2.2889,,158,,12.2
660,2.29202,,158,,12.2
661,2.29484,,158,,11.8
662,2.29835,,158,,12
663,2.30172,,158,,12.4
664,2.30496,,158,,12.2
665,2.30843,,158,,12.4
666,2.31193,,158,,12.6
667,2.3153,,158,,12.2
668,2.31871,,158,,12.4
669,2.32217,,158,,12.2
670,2.32575,,158,,11.6
671,2.32959,,158,,11.6
672,2.33345,,158,,11.2
673,2.33668,,159,,10.8
674,2.33979,,158,,10.6
675,2.34297,,158,,10
676,2.34602,,158,,9.8
677,2.34901,,159,,9.4
678,2.35247,,159,,9.6
679,2.35545,,159,,9.4
680,2.35889,,159,,9.2
681,2.36227,,159,,9.2
682,2.36572,,159,,8.8
683,2.36916,,160,,8.8
684,2.37209,,159,,8.8
685,2.37526,,160,,8.6
686,2.37855,,160,,8.4
687,2.3822,,160,,8.6
688,2.38581,,160,,8.6
689,2.38928,,160,,8.2
690,2.39283,,160,,7.8
691,2.39644,,160,,7.8
692,2.40016,,161,,8.2
693,2.40338,,161,,8.6
694,2.40656,,161,,8.2
695,2.40978,,162,,8
696,2.4128,,162,,7.8
697,2.41615,,162,,7.6
698,2.41934,,161,,7.4
699,2.42273,,161,,7.4
700,2.42613,,161,,7
701,2.4294,,162,,7.2
702,2.43266,,162,,7
703,2.4359,,162,,7
704,2.43929,,162,,7
705,2.4428,,162,,6.8
706,2.44596,,162,,6.6
707,2.44926,,162,,6.4
708,2.45287,,163,,6.6
709,2.45644,,163,,7
710,2.45932,,162,,6
711,2.46254,,162,,5.8
712,2.46634,,162,,6.2
713,2.47002,,163,,6.8
714,2.47319,,162,,6.8
715,2.47671,,163,,7.2
716,2.48025,,162,,7.2
717,2.48341,,162,,6.6
718,2.4867,,162,,6.4
719,2.4901,,162,,6.2
720,2.49346,,162,,6.2
721,2.4968,,162,,6
722,2.49996,,162,,5.6
723,2.50308,,161,,5.8
724,2.50628,,162,,5.8
725,2.50939,,161,,5.4
726,2.51244,,161,,5
727,2.51522,,161,,4.6
728,2.51857,,161,,4.4
729,2.52232,,161,,4.2
730,2.5268,,162,,4.2
731,2.53226,,161,,6.2
732,2.53717,,161,,7.2
733,2.54161,,162,,7.2
734,2.54614,,162,,7.4
735,2.5503,,163,,7.4
736,2.55453,,163,,8.2
737,2.55861,,163,,8.2
738,2.56235,,164,,8.6
739,2.56643,,164,,10
740,2.57016,,165,,10
741,2.57424,,165,,10.8
742,2.57798,,165,,11.2
743,2.58146,,166,,11.4
744,2.58538,,166,,12.4
745,2.58925,,166,,13.6
746,2.59273,,166,,14.6
747,2.59639,,166,,15.4
748,2.60032,,166,,16.8
749,2.60367,,167,,17.2
750,2.6069,,166,,16.6
751,2.61001,,167,,16.2
752,2.61383,,167,,16.6
753,2.61784,,167,,17.2
754,2.62145,,167,,17.2
755,2.62489,,167,,17.2
756,2.62831,,167,,17.8
757,2.63199,,167,,17.4
758,2.63575,,167,,17.6
759,2.63924,,167,,17.2
760,2.64286,,167,,17
761,2.64604,,168,,17
762,2.64945,,167,,17.2
763,2.65293,,168,,17.4
764,2.65618,,168,,17.2
765,2.65917,,168,,17.2
766,2.66244,,167,,17.4
767,2.66607,,168,,17.4
768,2.66955,,167,,17.6
769,2.67322,,166,,17.8
770,2.67689,,166,,18
771,2.68065,,166,,18.2
772,2.68456,,166,,18.2
773,2.68794,,166,,17.2
774,2.69115,,166,,17.4
775,2.69444,,166,,17.4
776,2.6977,,166,,17.4
777,2.70101,,165,,17
778,2.70437,,165,,17
779,2.70739,,165,,17
780,2.71074,,165,,16.8
781,2.71448,,166,,16.8
782,2.71772,,165,,16.8
783,2.72088,,166,,16.8
784,2.72409,,166,,16.8
785,2.72754,,165,,16.8
786,2.73107,,166,,16.8
787,2.73522,,166,,16.8
788,2.7401,,167,,16.8
789,2.74514,,167,,17.4
790,2.7502,,167,,17.4
791,2.7546,,167,,17.4
792,2.75852,,167,,17.4
793,2.76203,,167,,17.8
794,2.76521,,167,,17.8
795,2.76877,,167,,17.8
796,2.77238,,167,,18
797,2.77582,,167,,18
798,2.77926,,167,,17.8
799,2.78276,,166,,18
800,2.78649,,166,,18
801,2.79034,,166,,18
802,2.79405,,166,,18
803,2.79777,,167,,18
804,2.80126,,167,,18.2
805,2.80486,,167,,17.8
806,2.80865,,167,,18
807,2.81212,,167,,18
808,2.81567,,167,,18.4
809,2.81916,,167,,18.4
810,2.8225,,168,,17.8
811,2.82608,,168,,17.8
812,2.82964,,168,,17.6
813,2.83314,,169,,17.6
814,2.83647,,169,,17.6
815,2.83972,,170,,18
816,2.84324,,170,,18.8
817,2.84686,,170,,19
818,2.85038,,170,,19
819,2.85414,,171,,18.8
820,2.85798,,172,,18.8
821,2.86193,,173,,18.8
822,2.86594,,172,,18.6
823,2.86972,,173,,18.8
824,2.87328,,174,,19.4
825,2.87673,,174,,19.4
826,2.87974,,174,,19.8
827,2.88239,,174,,20.4
828,2.88578,,174,,20.6
829,2.89026,,175,,20.8
830,2.89501,,175,,21.8
831,2.89882,,175,,21.6
832,2.90244,,175,,21.6
833,2.90638,,175,,21.8
834,2.91007,,174,,22.2
835,2.91378,,174,,22.4
836,2.91743,,174,,22.6
837,2.92092,,173,,23
838,2.92462,,174,,23.8
839,2.92833,,173,,23.8
840,2.93216,,173,,24.4
841,2.93582,,173,,25
842,2.93942,,173,,25.4
843,2.94304,,173,,25.6
844,2.94663,,173,,25.6
845,2.95003,,173,,25.6
846,2.95348,,172,,26
847,2.95657,,172,,26
848,2.95977,,172,,26
849,2.96286,,172,,26
850,2.96597,,172,,26
851,2.96934,,172,,25.8
852,2.97257,,172,,26
853,2.97598,,171,,26.2
854,2.97937,,171,,26
855,2.98244,,172,,26.2
856,2.98563,,172,,26.4
857,2.98902,,171,,26.6
858,2.99216,,171,,26.8
859,2.99551,,172,,27.2
860,2.99879,,171,,27.4
861,3.00229,,171,,27.8
862,3.00577,,171,,27.8
863,3.00907,,171,,28
864,3.01237,,171,,28.4
865,3.01564,,171,,28.2
866,3.01881,,171,,28.4
867,3.02227,,172,,28.8
868,3.02592,,171,,29.4
869,3.02941,,171,,29.4
870,3.03279,,171,,30
871,3.03614,,171,,30.2
872,3.03966,,171,,30.4
873,3.04317,,170,,31.2
874,3.04635,,170,,31.4
875,3.04971,,169,,31.6
876,3.05296,,169,,31.8
877,3.05643,,170,,32
878,3.05969,,170,,31.8
879,3.06305,,170,,31.8
880,3.06655,,170,,32
881,3.06975,,170,,32
882,3.07301,,170,,32.2
883,3.07628,,170,,32.4
884,3.0793,,170,,32.2
885,3.08235,,170,,31.8
886,3.0856,,170,,31.8
887,3.08893,,170,,31.6
888,3.09237,,170,,31.4
889,3.09582,,170,,31.8
890,3.09917,,171,,31.6
891,3.10254,,172,,31.8
892,3.10583,,171,,31.8
893,3.10923,,171,,31.4
894,3.11268,,170,,31.6
895,3.11604,,171,,31.4
896,3.11942,,170,,30.8
897,3.12303,,170,,31
898,3.12648,,170,,31
899,3.12988,,171,,31.2
900,3.13342,,170,,31.2
901,3.13699,,170,,31
902,3.14057,,170,,31.2
903,3.14389,,170,,31.2
904,3.14736,,169,,31.2
905,3.15074,,169,,31.2
906,3.15401,,168,,31.2
907,3.1575,,168,,31.2
908,3.16091,,169,,31.2
909,3.16446,,169,,31
910,3.16788,,169,,30.8
911,3.17118,,169,,30.6
912,3.17445,,169,,30.4
913,3.17791,,169,,30.2
914,3.18134,,169,,30.2
915,3.18485,,169,,29.8
916,3.18859,,169,,29.6
917,3.19225,,168,,29.4
918,3.19577,,167,,29
919,3.19922,,167,,28.4
920,3.20281,,167,,28
921,3.20619,,167,,27.4
922,3.2095,,165,,27
923,3.21278,,165,,26.2
924,3.21603,,164,,25.8
925,3.21943,,164,,25.4
926,3.22284,,164,,25
927,3.22619,,164,,24.8
928,3.22979,,164,,24.6
929,3.23332,,163,,24.8
930,3.2367,,163,,25
931,3.23994,,162,,25.2
932,3.24327,,162,,25.4
933,3.24658,,162,,25.2
934,3.25013,,162,,25.4
935,3.25352,,162,,24.8
936,3.25722,,162,,25.2
937,3.26054,,162,,25
938,3.26386,,161,,25
939,3.26727,,162,,25
940,3.27059,,161,,25
941,3.27386,,160,,24.8
942,3.27721,,160,,25.2
943,3.28037,,159,,24.8
944,3.28417,,159,,24.6
945,3.28796,,158,,24.6
946,3.29187,,158,,25.4
947,3.29546,,158,,25.4
948,3.29899,,158,,25.4
949,3.30285,,157,,25.8
950,3.30654,,157,,26
951,3.31029,,158,,26.2
952,3.31388,,157,,26.2
953,3.31754,,157,,26.2
954,3.32121,,157,,26.4
955,3.32474,,157,,26.4
956,3.32824,,157,,26.4
957,3.3317,,157,,26
958,3.33499,,157,,25.2
959,3.33869,,157,,26.4
960,3.34206,,156,,25.4
961,3.34543,,157,,25.2
962,3.34883,,157,,24.8
963,3.35216,,157,,24.6
964,3.35501,,158,,24.6
965,3.35786,,157,,24.8
966,3.36109,,158,,24.6
967,3.36559,,158,,24.4
968,3.37077,,158,,24.8
969,3.37578,,159,,25.2
970,3.38069,,159,,24.6
971,3.38554,,160,,24.8
972,3.38977,,160,,25.2
973,3.39389,,161,,25.2
974,3.39757,,161,,25.4
975,3.40108,,161,,25.4
976,3.40457,,161,,25.8
977,3.40792,,162,,26
978,3.41126,,162,,26
979,3.41453,,162,,26
980,3.41783,,162,,26
981,3.42133,,162,,26
982,3.4249,,162,,26
983,3.42859,,162,,26.4
984,3.43214,,163,,26.6
985,3.43552,,163,,26.6
986,3.43909,,163,,26.8
987,3.44248,,163,,26.8
988,3.44578,,163,,26.8
989,3.44911,,163,,26.2
990,3.45256,,164,,25.8
991,3.4558,,164,,25.2
992,3.45919,,164,,25.4
993,3.46248,,164,,25.4
994,3.46604,,164,,25.8
995,3.46949,,164,,26
996,3.47283,,164,,25.8
997,3.47669,,164,,26.4
998,3.48001,,164,,26.6
999,3.48342,,164,,27
1000,3.48677,,163,,27.2
1001,3.49006,,163,,27.2
1002,3.49354,,163,,27.4
1003,3.49691,,163,,27.6
1004,3.50049,,163,,27.8
1005,3.50389,,163,,28
1006,3.50721,,164,,28
1007,3.51076,,163,,28.4
1008,3.51422,,163,,28.2
1009,3.51737,,163,,28
1010,3.52092,,163,,28.2
1011,3.52428,,163,,28.4
1012,3.52785,,163,,28.4
1013,3.53119,,163,,28.2
1014,3.53459,,163,,28
1015,3.53815,,163,,28
1016,3.54178,,163,,28.4
1017,3.54548,,163,,28.4
1018,3.54912,,163,,28.4
1019,3.55254,,163,,28.6
1020,3.55616,,163,,28.8
1021,3.55971,,163,,29.2
1022,3.56323,,163,,29.2
1023,3.56663,,163,,29.2
1024,3.57018,,163,,29.4
1025,3.57383,,164,,29.6
1026,3.57721,,163,,29.8
1027,3.58045,,164,,29.8
1028,3.58375,,164,,30
1029,3.58724,,164,,30
1030,3.59085,,164,,30.6
1031,3.59388,,164,,30
1032,3.59694,,164,,29.8
1033,3.59974,,165,,28.6
1034,3.60301,,165,,28.6
1035,3.60646,,165,,28.6
1036,3.60958,,165,,28.2
1037,3.61298,,166,,28.8
1038,3.61636,,166,,29
1039,3.61966,,166,,29
1040,3.6232,,166,,28.8
1041,3.62698,,167,,29.2
1042,3.6305,,167,,29.2
1043,3.63408,,167,,29.2
1044,3.63768,,167,,29.2
1045,3.64113,,166,,29.2
1046,3.64459,,166,,28.8
1047,3.64789,,167,,28.6
1048,3.65168,,167,,28.8
1049,3.65537,,167,,29
1050,3.65885,,167,,29
1051,3.66245,,167,,29.2
1052,3.66584,,167,,29.2
1053,3.66914,,166,,29.2
1054,3.67241,,166,,28.6
1055,3.6756,,166,,28.4
1056,3.67853,,165,,28.8
1057,3.68143,,164,,28.8
1058,3.68402,,164,,28.8
1059,3.68673,,163,,28.6
1060,3.69015,,163,,28.8
1061,3.69354,,163,,28.8
1062,3.69752,,162,,29
1063,3.70154,,162,,28.8
1064,3.70545,,162,,29
1065,3.70899,,162,,28.8
1066,3.71249,,162,,28.8
1067,3.716,,162,,29
1068,3.71943,,162,,28.6
1069,3.72301,,162,,28.8
1070,3.72644,,162,,28.8
1071,3.7298,,162,,28.8
1072,3.73311,,162,,29
1073,3.73635,,162,,29
1074,3.73968,,162,,28.8
1075,3.74267,,162,,28.8
1076,3.74562,,162,,28.6
1077,3.74892,,162,,28.4
1078,3.75216,,162,,28.4
1079,3.75513,,162,,28.4
1080,3.75797,,162,,28.2
1081,3.76088,,162,,28
1082,3.76399,,162,,27.8
1083,3.76707,,162,,27.8
1084,3.77013,,162,,27.8
1085,3.77347,,162,,27.6
1086,3.77687,,162,,27.6
1087,3.77995,,162,,27.6
1088,3.78292,,162,,27.4
1089,3.78616,,162,,27.4
1090,3.7896,,162,,27
1091,3.79314,,162,,27
1092,3.79676,,162,,27
1093,3.80022,,162,,26.4
1094,3.80384,,162,,26.6
1095,3.80688,,161,,26
1096,3.8102,,162,,25.4
1097,3.81368,,162,,25.2
1098,3.8168,,161,,24.6
1099,3.8197,,162,,24
1100,3.82288,,162,,23.8
1101,3.8264,,162,,23.4
1102,3.82985,,162,,23
1103,3.8331,,162,,22.8
1104,3.83628,,162,,22.6
1105,3.83947,,162,,22.2
1106,3.84281,,162,,22
1107,3.84636,,162,,22
1108,3.84973,,163,,21.8
1109,3.8529,,162,,21.6
1110,3.85628,,162,,21.4
1111,3.85973,,162,,21.2
1112,3.86273,,163,,21
1113,3.86635,,162,,20.6
1114,3.86998,,162,,20.8
1115,3.87352,,163,,20.6
1116,3.87726,,163,,20.2
1117,3.88105,,162,,20.6
1118,3.88466,,163,,20.6
1119,3.88785,,162,,20.6
1120,3.89143,,162,,20.6
1121,3.89497,,162,,20.6
1122,3.89859,,162,,20.6
1123,3.90187,,162,,20.8
1124,3.90529,,162,,21.2
1125,3.90874,,161,,21.2
1126,3.91244,,161,,21.2
1127,3.91575,,161,,21
1128,3.91902,,161,,20.6
1129,3.9224,,161,,20.6
1130,3.92593,,161,,20.4
1131,3.92955,,162,,20.6
1132,3.93319,,162,,20.4
1133,3.9369,,162,,21.2
1134,3.94008,,161,,21.4
1135,3.94325,,161,,21.4
1136,3.94665,,162,,21.8
1137,3.94989,,161,,22
1138,3.95309,,161,,22.2
1139,3.95601,,161,,22.4
1140,3.95849,,162,,22.6
1141,3.96154,,161,,22.8
1142,3.96505,,161,,22.8
1143,3.96851,,162,,23.4
1144,3.97196,,162,,23.6
1145,3.97553,,162,,23.2
1146,3.97917,,163,,23.4
1147,3.9829,,162,,23.4
1148,3.9867,,163,,23.8
1149,3.99008,,163,,24
1150,3.99328,,163,,24.2
1151,3.9964,,163,,24.4
1152,4.00059,,163,,25
1153,4.00405,,163,,25.6
1154,4.00704,,163,,25.8
1155,4.01075,,163,,25.8
1156,4.01427,,163,,26.2
1157,4.01748,,163,,26.6
1158,4.02045,,163,,26.6
1159,4.02404,,163,,27.2
1160,4.02729,,163,,27.2
1161,4.03124,,163,,28
1162,4.03518,,163,,28.6
1163,4.03879,,163,,28.8
1164,4.04254,,163,,29.2
1165,4.04596,,163,,29.8
1166,4.04935,,163,,30
1167,4.05293,,163,,30
1168,4.05637,,163,,30.2
1169,4.0596,,163,,30
1170,4.06316,,163,,30.4
1171,4.06675,,164,,30.6
1172,4.0702,,164,,30.8
1173,4.07316,,164,,30.6
1174,4.07694,,164,,30.6
1175,4.08088,,164,,30.6
1176,4.08434,,164,,31.2
1177,4.08767,,164,,30.8
1178,4.09072,,164,,30.4
1179,4.09405,,164,,30.6
1180,4.09773,,163,,30.8
1181,4.1015,,164,,31.2
1182,4.10519,,164,,31.4
1183,4.10872,,164,,31.4
1184,4.11224,,164,,31.6
1185,4.11601,,165,,31.8
1186,4.11947,,164,,31.8
1187,4.12294,,164,,32
1188,4.12653,,164,,32
1189,4.13,,165,,32.2
1190,4.13336,,164,,31.8
1191,4.13687,,164,,32
1192,4.14016,,164,,32
1193,4.14357,,164,,32.4
1194,4.14734,,163,,33.4
1195,4.15072,,163,,33.8
1196,4.15389,,163,,33.8
1197,4.15718,,163,,34
1198,4.16058,,163,,34.4
1199,4.16394,,163,,35.2
1200,4.16703,,162,,35.2
1201,4.16999,,162,,35.6
1202,4.17341,,163,,36
1203,4.1765,,163,,36.2
1204,4.1798,,163,,36.4
1205,4.1833,,163,,36.6
1206,4.18667,,163,,37
1207,4.19015,,163,,37.2
1208,4.19346,,163,,37.6
1209,4.1965,,163,,37.8
1210,4.20006,,163,,38
1211,4.20309,,163,,38.2
1212,4.20648,,163,,38.2
1213,4.20996,,162,,38.2
1214,4.21336,,162,,38.6
1215,4.21683,,162,,38.8
1216,4.2201,,163,,39
1217,4.22368,,163,,39.2
1218,4.22703,,163,,39.4
1219,4.23032,,163,,39.6
1220,4.23351,,163,,39
1221,4.23671,,163,,39
1222,4.24029,,163,,39.4
1223,4.24363,,164,,39
1224,4.24713,,164,,39.4
1225,4.25052,,164,,39.4
1226,4.25383,,164,,39.8
1227,4.25704,,163,,40.2
1228,4.26004,,164,,40.2
1229,4.2629,,164,,40
1230,4.26588,,164,,39.6
1231,4.26879,,165,,39.4
1232,4.27214,,164,,39.4
1233,4.27543,,164,,39.4
1234,4.27895,,164,,39.2
1235,4.28268,,164,,39.6
1236,4.28609,,165,,39.6
1237,4.28897,,164,,39.4
1238,4.29214,,164,,39.4
1239,4.29528,,163,,39.2
1240,4.29851,,164,,39.8
1241,4.30126,,164,,40
1242,4.30419,,163,,39.6
1243,4.30755,,162,,38.8
1244,4.31068,,162,,38.4
1245,4.31383,,163,,38.8
1246,4.31737,,163,,39.2
1247,4.32077,,163,,39.2
1248,4.32466,,162,,39.4
1249,4.32851,,162,,39.4
1250,4.3322,,163,,39.2
1251,4.3361,,163,,39
1252,4.33976,,163,,39
1253,4.34346,,163,,39
1254,4.34712,,163,,38.8
1255,4.35072,,164,,38.8
1256,4.35456,,163,,38.8
1257,4.35818,,163,,39.2
1258,4.36179,,163,,39.4
1259,4.36507,,164,,39.6
1260,4.36821,,164,,39.8
1261,4.37161,,164,,40.4
1262,4.37492,,164,,40.8
1263,4.37826,,164,,41.2
1264,4.38146,,165,,41.2
1265,4.38442,,165,,41.4
1266,4.38765,,165,,41.4
1267,4.39115,,165,,41.6
1268,4.39448,,165,,41.8
1269,4.39777,,166,,42
1270,4.40079,,166,,41.6
1271,4.40421,,167,,41.4
1272,4.40779,,167,,41.4
1273,4.41057,,167,,41.2
1274,4.41376,,167,,41
1275,4.4167,,167,,41
1276,4.41962,,167,,40.8
1277,4.42258,,167,,40.8
1278,4.42574,,167,,40.8
1279,4.42928,,167,,41
1280,4.43237,,167,,40.8
1281,4.43551,,167,,40.6
1282,4.43862,,166,,40.4
1283,4.44194,,167,,40.4
1284,4.44517,,167,,40.4
1285,4.44822,,167,,40.4
1286,4.45119,,166,,40
1287,4.45455,,166,,40
1288,4.45795,,166,,40
1289,4.46143,,167,,39.8
1290,4.46494,,166,,39.6
1291,4.46842,,166,,39.6
1292,4.47195,,166,,39.6
1293,4.47532,,166,,39.4
1294,4.47891,,165,,39.4
1295,4.4824,,165,,39.4
1296,4.4856,,165,,39.4
1297,4.48895,,165,,39.4
1298,4.49223,,165,,38.8
1299,4.49548,,165,,38.8
1300,4.49882,,165,,38.8
1301,4.50184,,165,,38.6
1302,4.50495,,166,,38.4
1303,4.50826,,165,,38
1304,4.51142,,165,,37.8
1305,4.51457,,165,,37.8
1306,4.51812,,165,,38
1307,4.52169,,165,,38
1308,4.52522,,165,,38
1309,4.5284,,165,,38.2
1310,4.5319,,165,,38.6
1311,4.53509,,165,,38.8
1312,4.53818,,165,,38.8
1313,4.5412,,165,,38.4
1314,4.54435,,164,,39.2
1315,4.54732,,164,,38.4
1316,4.55084,,164,,38.6
1317,4.55407,,164,,38.8
1318,4.55729,,164,,38.8
1319,4.56047,,164,,38.8
1320,4.56387,,164,,38.8
1321,4.56734,,163,,38.8
1322,4.57069,,163,,38.8
1323,4.57416,,163,,39.2
1324,4.57749,,163,,39.2
1325,4.58097,,163,,39.6
1326,4.58422,,163,,39.6
1327,4.58758,,163,,39.8
1328,4.59084,,164,,39.8
1329,4.59467,,164,,40.6
1330,4.59788,,164,,41
1331,4.60119,,164,,41.2
1332,4.60451,,164,,41.8
1333,4.60796,,164,,42.2
1334,4.61148,,164,,42.8
1335,4.61481,,164,,43.4
1336,4.6177,,164,,43.4
1337,4.62117,,163,,43.6
1338,4.62445,,163,,43.8
1339,4.6278,,163,,43.8
1340,4.63102,,163,,43.8
1341,4.63408,,163,,43.8
1342,4.63777,,163,,44.2
1343,4.64113,,163,,43.8
1344,4.64431,,163,,44
1345,4.64726,,163,,44.4
1346,4.65001,,163,,44.2
1347,4.65356,,163,,44.2
1348,4.65668,,163,,44.2
1349,4.65965,,163,,44.6
1350,4.66278,,163,,44.8
1351,4.66598,,164,,44.6
1352,4.66972,,164,,44.8
1353,4.67297,,164,,44.2
1354,4.67646,,164,,44.4
1355,4.6797,,164,,44
1356,4.6829,,165,,43.6
1357,4.68631,,165,,43.4
1358,4.68953,,164,,42.8
1359,4.69288,,164,,42.6
1360,4.69608,,164,,42.2
1361,4.69907,,164,,41.6
1362,4.70204,,164,,41.4
1363,4.70495,,164,,41.2
1364,4.70802,,164,,40.6
1365,4.71136,,164,,40.4
1366,4.71482,,165,,40.2
1367,4.71856,,164,,40
1368,4.72162,,164,,40.2
1369,4.72488,,165,,39.8
1370,4.72812,,164,,40
1371,4.73131,,164,,40.2
1372,4.73473,,163,,40.2
1373,4.73771,,164,,40
1374,4.74071,,164,,40.2
1375,4.74386,,164,,40.2
1376,4.747,,164,,40.2
1377,4.75028,,164,,40.2
1378,4.75368,,164,,40.2
1379,4.75704,,165,,40.2
1380,4.7603,,164,,40.2
1381,4.76346,,165,,40.2
1382,4.76682,,165,,40.2
1383,4.77025,,165,,40
1384,4.77401,,165,,39.8
1385,4.7776,,165,,40
1386,4.78091,,165,,40.2
1387,4.78415,,165,,40.2
1388,4.7874,,165,,40.2
1389,4.79047,,165,,40
1390,4.79342,,164,,39.4
1391,4.79696,,164,,39.4
1392,4.80027,,165,,39.2
1393,4.80366,,165,,39.4
1394,4.80692,,165,,39
1395,4.81034,,165,,38.8
1396,4.81349,,164,,38.6
1397,4.81697,,165,,38.8
1398,4.82032,,165,,39
1399,4.82375,,165,,39.4
1400,4.82659,,165,,39.6
1401,4.83003,,165,,39.8
1402,4.83346,,165,,40
1403,4.8365,,165,,40.4
1404,4.83983,,165,,40.6
1405,4.84319,,165,,40.8
1406,4.84656,,165,,40.6
1407,4.85011,,165,,40.6
1408,4.85357,,166,,40.8
1409,4.8569,,166,,41.2
1410,4.86011,,166,,41.2
1411,4.86363,,166,,41.6
1412,4.86698,,165,,41.8
1413,4.87022,,165,,42
1414,4.87338,,165,,42.4
1415,4.87722,,165,,43.2
1416,4.88055,,165,,42.6
1417,4.88406,,165,,42.4
1418,4.88747,,165,,42.8
1419,4.89136,,166,,43.2
1420,4.89509,,165,,43.4
1421,4.89868,,165,,43.4
1422,4.90223,,165,,43.6
1423,4.90603,,166,,44
1424,4.90963,,166,,44.2
1425,4.91266,,166,,44.2
1426,4.9155,,166,,44.2
1427,4.9189,,166,,44.2
1428,4.92215,,166,,44.6
1429,4.92514,,166,,44.6
1430,4.92816,,165,,44.4
1431,4.9311,,165,,44.8
1432,4.93398,,165,,45
1433,4.937,,165,,45
1434,4.94059,,165,,45.2
1435,4.94421,,164,,45.2
1436,4.94751,,164,,45.4
1437,4.95044,,164,,45.8
1438,4.95365,,164,,45.8
1439,4.95682,,164,,46.2
1440,4.95994,,164,,46
1441,4.96307,,164,,46.2
1442,4.9662,,163,,46
1443,4.96975,,163,,46
1444,4.97318,,163,,46.2
1445,4.9765,,163,,46.4
1446,4.97984,,163,,46.4
1447,4.98352,,163,,46.4
1448,4.98742,,162,,46
1449,4.99109,,162,,45.8
1450,4.99431,,163,,45.6
1451,4.99751,,163,,45.2
1452,5.00088,,163,,45
1453,5.00421,,162,,44.2
1454,5.00775,,162,,43.8
1455,5.01123,,162,,43.4
1456,5.01454,,161,,43
1457,5.01773,,161,,42
1458,5.02093,,161,,41.4
1459,5.02441,,161,,40.6
1460,5.02856,,162,,40
1461,5.03274,,162,,40
1462,5.03671,,162,,40
1463,5.0405,,162,,40.2
1464,5.04413,,162,,40.2
1465,5.04773,,162,,40.4
1466,5.05169,,162,,40.4
1467,5.05595,,162,,40.6
1468,5.06076,,162,,40.6
1469,5.06864,,163,,40.6
1470,5.07279,,163,,39.8
1471,5.07279,,163,,39
1472,5.0754,,163,,38.4
1473,5.07842,,163,,38.2
1474,5.08175,,163,,38
1475,5.08483,,164,,37.6
1476,5.08843,,164,,37.4
1477,5.09198,,165,,37.2
1478,5.0943,,165,,37.2
1479,5.09781,,166,,37.2
1480,5.10046,,167,,37.2
1481,5.10286,,167,,36.8
1482,5.10621,,167,,36.8
1483,5.10925,,167,,36.8
1484,5.11212,,167,,36.8
1485,5.11514,,168,,37
1486,5.11807,,169,,37
1487,5.12101,,170,,37
1488,5.1241,,169,,37
1489,5.12719,,169,,37.2
1490,5.13038,,168,,37.4
1491,5.13354,,168,,37.2
1492,5.13654,,168,,37
1493,5.13963,,168,,37.2
1494,5.14258,,168,,37.2
1495,5.14563,,168,,36.8
1496,5.14879,,169,,36.8
1497,5.15172,,168,,36.2
1498,5.15493,,168,,35.8
1499,5.15827,,169,,35.4
1500,5.16148,,169,,34.8
1501,5.16475,,169,,34.8
1502,5.16781,,169,,34.8
1503,5.17116,,169,,34.6
1504,5.17457,,169,,34.4
1505,5.17778,,169,,34
1506,5.18124,,169,,33.6
1507,5.18441,,169,,33.8
1508,5.18758,,168,,34.2
1509,5.19063,,168,,34
1510,5.1939,,168,,33.8
1511,5.19706,,168,,33.4
1512,5.19975,,167,,33
1513,5.20294,,167,,33
1514,5.20629,,167,,33.4
1515,5.20951,,167,,34
1516,5.21276,,167,,33.4
1517,5.21589,,167,,33.2
1518,5.21916,,167,,32.8
1519,5.22264,,167,,32.6
1520,5.22594,,168,,32.8
1521,5.22919,,169,,33.2
1522,5.23232,,169,,33.4
1523,5.23561,,168,,33
1524,5.2386,,168,,32
1525,5.24181,,168,,31.8
1526,5.24528,,168,,31.6
1527,5.24803,,167,,30.8
1528,5.25108,,167,,30.4
1529,5.25419,,167,,30.4
1530,5.25704,,166,,29.8
1531,5.25995,,167,,29
1532,5.26332,,166,,28.6
1533,5.2665,,166,,28.6
1534,5.26949,,166,,28.2
1535,5.27289,,166,,28.6
1536,5.27589,,166,,28.2
1537,5.27903,,166,,28.2
1538,5.28225,,165,,27.8
1539,5.28543,,166,,27.4
1540,5.28877,,165,,27.4
1541,5.29194,,165,,27.2
1542,5.29519,,165,,27.4
1543,5.29813,,165,,26.8
1544,5.30125,,165,,26.4
1545,5.30444,,165,,25.8
1546,5.30792,,165,,25.2
1547,5.31142,,164,,25.6
1548,5.3146,,164,,25.8
1549,5.31826,,164,,26.2
1550,5.32177,,164,,26.4
1551,5.32504,,164,,26.6
1552,5.32832,,163,,26.4
1553,5.33188,,163,,26.8
1554,5.33546,,162,,27
1555,5.3391,,162,,27.6
1556,5.34233,,162,,27.8
1557,5.34581,,162,,27.6
1558,5.34903,,162,,27.4
1559,5.35255,,161,,27
1560,5.35624,,161,,27.2
1561,5.35977,,162,,27.6
1562,5.36348,,162,,28
1563,5.36708,,162,,27.8
1564,5.37114,,163,,28.2
1565,5.37442,,162,,28
1566,5.37766,,161,,28
1567,5.38063,,161,,28
1568,5.38313,,161,,27.6
1569,5.38625,,160,,27.8
1570,5.38983,,161,,28.2
1571,5.39309,,160,,28
1572,5.39643,,160,,28.4
1573,5.39974,,160,,28.4
1574,5.40271,,160,,28.8
1575,5.40569,,159,,29
1576,5.40884,,159,,29
1577,5.41214,,159,,29.2
1578,5.41529,,159,,29.4
1579,5.41849,,159,,29.4
1580,5.42173,,159,,29.4
1581,5.42512,,158,,29.4
1582,5.42842,,158,,29.2
1583,5.43164,,158,,29.4
1584,5.43479,,157,,29.2
1585,5.43811,,158,,29.6
1586,5.44138,,158,,29.8
1587,5.44425,,158,,29.8
1588,5.44745,,158,,30.2
1589,5.45049,,158,,30.2
1590,5.4541,,158,,30
1591,5.45764,,158,,30.2
1592,5.46069,,158,,30.6
1593,5.46377,,158,,30.6
1594,5.4671,,158,,31
1595,5.47051,,158,,31
1596,5.47441,,158,,32.2
1597,5.4776,,158,,32.2
1598,5.48077,,158,,32.8
1599,5.48423,,158,,33.2
1600,5.48752,,158,,33.2
1601,5.49092,,158,,33.4
1602,5.49434,,158,,33.4
1603,5.49811,,159,,34
1604,5.50181,,158,,34
1605,5.50512,,158,,34.2
1606,5.50851,,159,,34.4
1607,5.51188,,158,,34.6
1608,5.51514,,159,,34.6
1609,5.51862,,160,,34.8
1610,5.52245,,160,,35
1611,5.526,,160,,35.6
1612,5.529,,160,,35.4
1613,5.53224,,160,,35.2
1614,5.53566,,160,,35.4
1615,5.53856,,160,,35.4
1616,5.54179,,161,,35.4
1617,5.54491,,161,,35.6
1618,5.54817,,162,,35.8
1619,5.55129,,161,,35.4
1620,5.55458,,161,,35.6
1621,5.55804,,162,,35.4
1622,5.56143,,161,,35.8
1623,5.56492,,161,,35.6
1624,5.56857,,161,,35.8
1625,5.57226,,160,,36
1626,5.57592,,160,,35.8
1627,5.57949,,160,,36
1628,5.58232,,160,,35.6
1629,5.58549,,160,,35.8
1630,5.58896,,160,,36
1631,5.59248,,160,,36.2
1632,5.59605,,159,,36.2
1633,5.59922,,159,,35.6
1634,5.60253,,159,,35.6
1635,5.60602,,160,,35.8
1636,5.60986,,160,,36.6
1637,5.61345,,159,,36.6
1638,5.61697,,159,,37.2
1639,5.62063,,159,,37
1640,5.62434,,159,,37.2
1641,5.62824,,159,,37.6
1642,5.63166,,159,,37.2
1643,5.63489,,159,,37.4
1644,5.63817,,159,,37.6
1645,5.64134,,159,,38
1646,5.64456,,159,,38.4
1647,5.64795,,159,,38.6
1648,5.65112,,159,,38.4
1649,5.65444,,160,,38.2
1650,5.65764,,160,,37.6
1651,5.66088,,159,,37.2
1652,5.6644,,159,,37.4
1653,5.66791,,159,,37.2
1654,5.67168,,160,,37.4
1655,5.67529,,159,,37.2
1656,5.67871,,160,,36.4
1657,5.68215,,160,,36.6
1658,5.68572,,159,,36.8
1659,5.68903,,160,,36.6
1660,5.69216,,160,,36.2
1661,5.69548,,160,,36
1662,5.69889,,160,,36
1663,5.70217,,160,,36
1664,5.70544,,160,,35.8
1665,5.70825,,159,,35
1666,5.71169,,159,,35.2
1667,5.71524,,160,,35.2
1668,5.71865,,160,,35
1669,5.72209,,160,,34.8
1670,5.72544,,159,,34.8
1671,5.72875,,159,,34.8
1672,5.732,,159,,34.8
1673,5.73535,,159,,34.8
1674,5.73879,,159,,35
1675,5.74203,,160,,35.2
1676,5.74519,,161,,35.2
1677,5.74857,,161,,35.2
1678,5.75181,,161,,35.2
1679,5.75493,,160,,35
1680,5.75831,,159,,35.2
1681,5.76187,,159,,35.4
1682,5.7653,,160,,35.8
1683,5.76859,,160,,36.6
1684,5.77208,,160,,36.6
1685,5.77549,,160,,36.4
1686,5.77906,,160,,36.8
1687,5.78243,,160,,36.8
1688,5.78549,,160,,36.4
1689,5.78861,,160,,36.2
1690,5.7918,,159,,36
1691,5.7953,,159,,36
1692,5.79875,,159,,36
1693,5.80192,,159,,35.8
1694,5.80544,,159,,35.8
1695,5.80872,,159,,35.2
1696,5.81209,,159,,35.4
1697,5.81555,,160,,35.6
1698,5.81889,,160,,35.6
1699,5.82217,,160,,35.6
1700,5.82554,,160,,35.6
1701,5.82903,,163,,36
1702,5.83255,,164,,36.4
1703,5.83606,,164,,37.2
1704,5.83941,,164,,37.2
1705,5.84291,,165,,36.8
1706,5.84626,,165,,36.6
1707,5.84941,,166,,36.2
1708,5.85286,,166,,36.4
1709,5.85622,,165,,36.2
1710,5.85945,,165,,35.6
1711,5.8627,,165,,35.2
1712,5.86628,,166,,35.8
1713,5.86967,,166,,35.8
1714,5.87302,,165,,36.2
1715,5.87631,,165,,36.2
1716,5.87946,,165,,35.8
1717,5.8826,,166,,35.2
1718,5.886,,167,,34.6
1719,5.88943,,166,,34.4
1720,5.89243,,166,,33.2
1721,5.89542,,168,,32.2
1722,5.89875,,168,,31.6
1723,5.90234,,168,,32
1724,5.90583,,168,,32
1725,5.90929,,168,,31.8
1726,5.91306,,168,,32.2
1727,5.91656,,168,,32.2
1728,5.91972,,168,,31.8
1729,5.92331,,168,,32.2
1730,5.92686,,167,,32.2
1731,5.9306,,166,,33.4
1732,5.93418,,164,,33.8
1733,5.93749,,163,,34
1734,5.94045,,162,,34.2
1735,5.9435,,162,,34.2
1736,5.94678,,162,,34.4
1737,5.9504,,161,,34.6
1738,5.95402,,160,,34.6
1739,5.95791,,160,,35
1740,5.96157,,160,,35
1741,5.96512,,160,,35.2
1742,5.96865,,160,,35.6
1743,5.97207,,160,,35.6
1744,5.9756,,160,,35.4
1745,5.97904,,160,,35.4
1746,5.98254,,160,,35.2
1747,5.98588,,161,,35.2
1748,5.98927,,160,,35.2
1749,5.99275,,160,,35.2
1750,5.99635,,160,,35.6
1751,5.99997,,160,,36
1752,6.00346,,160,,35.8
1753,6.00691,,160,,35.8
1754,6.0103,,160,,35.6
1755,6.01406,,161,,35.8
1756,6.01768,,161,,36.2
1757,6.02083,,162,,36.4
1758,6.02406,,162,,36.8
1759,6.02731,,162,,36.8
1760,6.03076,,162,,36.8
1761,6.03403,,161,,36.6
1762,6.03732,,161,,36.8
1763,6.04069,,161,,37
1764,6.04367,,160,,36.6
1765,6.04647,,160,,36.6
1766,6.0496,,160,,36.6
1767,6.05264,,161,,36.4
1768,6.05574,,161,,36.4
1769,6.0588,,160,,36.2
1770,6.06198,,160,,36.6
1771,6.06513,,159,,36.8
1772,6.06836,,159,,37.2
1773,6.0717,,160,,37.4
1774,6.07525,,159,,38
1775,6.07849,,160,,37.6
1776,6.08189,,159,,38
1777,6.08535,,159,,38.2
1778,6.08879,,159,,38.8
1779,6.09213,,159,,39
1780,6.09514,,159,,38.8
1781,6.0984,,159,,39
1782,6.10189,,159,,39.2
1783,6.10513,,159,,39.8
1784,6.10842,,159,,40
1785,6.11178,,159,,40
1786,6.11518,,160,,40.6
1787,6.11846,,160,,40
1788,6.12187,,160,,41
1789,6.12503,,160,,41.2
1790,6.12824,,160,,41.4
1791,6.13136,,160,,41.2
1792,6.13453,,161,,41.6
1793,6.13768,,160,,41.4
1794,6.14085,,161,,41.4
1795,6.14422,,161,,41.4
1796,6.14745,,161,,41.4
1797,6.15067,,161,,41.6
1798,6.15411,,161,,41.6
1799,6.15762,,161,,41.8
1800,6.16118,,161,,41.8
1801,6.1646,,161,,41.8
1802,6.16781,,162,,41.8
1803,6.17115,,161,,42.2
1804,6.1744,,161,,42.2
1805,6.17768,,161,,42.4
1806,6.18102,,162,,42.8
1807,6.18405,,161,,43.2
1808,6.18728,,161,,43.6
1809,6.19068,,161,,43.8
1810,6.19394,,161,,44.2
1811,6.19709,,160,,44.2
1812,6.20049,,160,,44.8
1813,6.20398,,161,,45.4
1814,6.2073,,160,,45.6
1815,6.21037,,161,,45.6
1816,6.21378,,161,,46
1817,6.21687,,160,,46
1818,6.21996,,160,,45.6
1819,6.22329,,160,,45.8
1820,6.22631,,160,,45.4
1821,6.22968,,160,,45.2
1822,6.23283,,159,,44.8
1823,6.23609,,160,,44.8
1824,6.23938,,160,,44.2
1825,6.24242,,160,,43.6
1826,6.24561,,160,,43.6
1827,6.24869,,160,,43.4
1828,6.25188,,160,,43.4
1829,6.25523,,160,,43.4
1830,6.25838,,160,,43.6
1831,6.26159,,160,,43.8
1832,6.26483,,160,,43.8
1833,6.26808,,160,,43.2
1834,6.27141,,160,,42.6
1835,6.27442,,161,,41.6
1836,6.2775,,160,,40.8
1837,6.28093,,161,,40.2
1838,6.28401,,161,,39.6
1839,6.28726,,161,,39.6
1840,6.29047,,162,,39.4
1841,6.29361,,161,,39.6
1842,6.29694,,162,,39.8
1843,6.3001,,161,,39.8
1844,6.30332,,161,,39.8
1845,6.30652,,161,,39.8
1846,6.30951,,161,,39.8
1847,6.31238,,160,,39.8
1848,6.31532,,160,,39.8
1849,6.31828,,160,,39.8
1850,6.32158,,159,,40
1851,6.32507,,159,,39.6
1852,6.32853,,159,,39.6
1853,6.3321,,159,,39.4
1854,6.33532,,158,,39.4
1855,6.33863,,158,,40
1856,6.34186,,159,,40
1857,6.34491,,158,,40
1858,6.34812,,158,,40.4
1859,6.3512,,158,,40.2
1860,6.35438,,158,,40.2
1861,6.35788,,159,,40.2
1862,6.36139,,159,,40.6
1863,6.36493,,159,,40.6
1864,6.36795,,159,,40.4
1865,6.37077,,159,,40.2
1866,6.37392,,159,,40.6
1867,6.37709,,159,,40.6
1868,6.38028,,159,,40.8
1869,6.38342,,159,,40.8
1870,6.38633,,159,,40.8
1871,6.38929,,159,,40.8
1872,6.3924,,160,,40.8
1873,6.39527,,159,,40.4
1874,6.39811,,159,,40
1875,6.40124,,160,,40
1876,6.40457,,160,,40.2
1877,6.40788,,160,,40.4
1878,6.41121,,160,,40.4
1879,6.41442,,160,,40.2
1880,6.41781,,160,,40.4
1881,6.42089,,161,,39.4
1882,6.4239,,160,,39
1883,6.42718,,161,,39.4
1884,6.4305,,160,,39.2
1885,6.43383,,161,,39
1886,6.43718,,160,,39
1887,6.44041,,160,,38.2
1888,6.44382,,160,,38
1889,6.44719,,160,,38.6
1890,6.45003,,161,,37.2
1891,6.45333,,161,,37.2
1892,6.45673,,161,,36.4
1893,6.46053,,161,,36.6
1894,6.46443,,161,,36.8
1895,6.468,,161,,37
1896,6.4714,,161,,37.2
1897,6.47458,,161,,37
1898,6.47765,,160,,37.2
1899,6.481,,160,,37.4
1900,6.48431,,160,,37.8
1901,6.48769,,160,,37.8
1902,6.49082,,160,,38
1903,6.49399,,160,,38.4
1904,6.49735,,161,,38.6
1905,6.50068,,160,,39
1906,6.50422,,160,,38.8
1907,6.50767,,160,,38.8
1908,6.51105,,160,,38.8
1909,6.51441,,160,,38.8
1910,6.51758,,160,,39
1911,6.52099,,160,,39
1912,6.52438,,160,,39.2
1913,6.52766,,160,,39.2
1914,6.53112,,159,,39.2
1915,6.5346,,159,,39.6
1916,6.53776,,160,,40.2
1917,6.54112,,159,,40.4
1918,6.54441,,159,,40.6
1919,6.54784,,159,,40.6
1920,6.55158,,159,,41
1921,6.55489,,159,,41
1922,6.55825,,159,,41.2
1923,6.56153,,159,,41.8
1924,6.56469,,159,,41.2
1925,6.56826,,158,,41
1926,6.57173,,158,,40.8
1927,6.57518,,158,,40.8
1928,6.57858,,158,,41
1929,6.58182,,158,,41
1930,6.58514,,158,,41.4
1931,6.58821,,158,,41.4
1932,6.59143,,159,,41.6
1933,6.59492,,159,,41.6
1934,6.59805,,158,,41.8
1935,6.60152,,159,,42
1936,6.60497,,158,,41.8
1937,6.60825,,159,,42
1938,6.61166,,159,,42.2
1939,6.61501,,159,,42.6
1940,6.61824,,159,,43
1941,6.6216,,160,,43.2
1942,6.62493,,160,,43.8
1943,6.62832,,159,,44.2
1944,6.63172,,159,,44.2
1945,6.6348,,160,,44.6
1946,6.63809,,158,,45
1947,6.64111,,159,,45.2
1948,6.64416,,159,,45.8
1949,6.64746,,159,,45.8
1950,6.65049,,158,,47.2
1951,6.65364,,157,,47.6
1952,6.65702,,157,,48.2
1953,6.66027,,156,,48.2
1954,6.66352,,156,,48.6
1955,6.66689,,156,,48.8
1956,6.67021,,156,,48.8
1957,6.67346,,156,,49
1958,6.67679,,157,,49
1959,6.68002,,156,,48.8
1960,6.68325,,156,,49
1961,6.68618,,156,,48.6
1962,6.68914,,156,,49
1963,6.69199,,156,,49
1964,6.69522,,156,,49
1965,6.69817,,156,,49.2
1966,6.70152,,155,,50
1967,6.70503,,156,,50.4
1968,6.70796,,155,,50.4
1969,6.71093,,156,,50.4
1970,6.7142,,156,,50.8
1971,6.71697,,156,,50.2
1972,6.72009,,156,,50.4
1973,6.72347,,156,,50.8
1974,6.72651,,155,,51
1975,6.72993,,155,,51.2
1976,6.73302,,155,,51.6
1977,6.7361,,155,,51.6
1978,6.73914,,155,,51.8
1979,6.74237,,155,,52.2
1980,6.74565,,154,,52.6
1981,6.74888,,154,,52.4
1982,6.75221,,154,,52.6
1983,6.75562,,154,,53.2
1984,6.7589,,154,,53.6
1985,6.76235,,154,,54
1986,6.7658,,154,,54
1987,6.76917,,154,,54.2
1988,6.77241,,154,,54.4
1989,6.77551,,154,,54.4
1990,6.77874,,154,,54.6
1991,6.78209,,154,,54.8
1992,6.78555,,154,,54.4
1993,6.78907,,154,,54.6
1994,6.79221,,155,,54.4
1995,6.79573,,155,,54.2
1996,6.79929,,155,,54.2
1997,6.80244,,155,,54
1998,6.80559,,155,,54.2
1999,6.80867,,155,,53.6
2000,6.81219,,155,,53.6
2001,6.81581,,155,,52.6
2002,6.81925,,154,,52
2003,6.82287,,154,,51.8
2004,6.82614,,154,,51.4
2005,6.82958,,154,,51
2006,6.83316,,154,,50.6
2007,6.83673,,154,,50.6
2008,6.84014,,154,,50.6
2009,6.84319,,153,,50
2010,6.84631,,154,,50.2
2011,6.84934,,154,,50.4
2012,6.85234,,154,,50.2
2013,6.85565,,154,,50.4
2014,6.8589,,154,,49.6
2015,6.86272,,154,,49.2
2016,6.86647,,155,,49
2017,6.87009,,155,,48.2
2018,6.87354,,155,,48.2
2019,6.87675,,155,,48
2020,6.8801,,155,,48.4
2021,6.8832,,155,,48.4
2022,6.88615,,155,,48.4
2023,6.88932,,155,,48.6
2024,6.89245,,155,,49
2025,6.89596,,156,,48.2
2026,6.89918,,156,,48.2
2027,6.90262,,156,,48.2
2028,6.90641,,156,,48
2029,6.90995,,155,,47.8
2030,6.91341,,155,,47.8
2031,6.91689,,155,,47.6
2032,6.92045,,156,,47
2033,6.92372,,156,,47.4
2034,6.92683,,155,,47.4
2035,6.92997,,155,,47.2
2036,6.93312,,156,,46.8
2037,6.93616,,156,,46.6
2038,6.93929,,156,,46.6
2039,6.9425,,156,,46
2040,6.94591,,156,,45.8
2041,6.94942,,156,,45.8
2042,6.95275,,156,,45.8
2043,6.95594,,156,,45.8
2044,6.95905,,156,,46.2
2045,6.96243,,156,,46
2046,6.96591,,156,,46
2047,6.96928,,156,,46
2048,6.97276,,156,,46.2
2049,6.97612,,157,,46.4
2050,6.97903,,157,,46.4
2051,6.98222,,157,,46.4
2052,6.98548,,157,,46.2
2053,6.98907,,157,,46.4
2054,6.9926,,157,,46
2055,6.99614,,157,,46
2056,6.99932,,157,,45.8
2057,7.00232,,157,,45.6
2058,7.00548,,157,,45.6
2059,7.00897,,157,,45.8
2060,7.01247,,157,,45.6
2061,7.01584,,157,,45.6
2062,7.01922,,157,,45.4
2063,7.02267,,157,,45.8
2064,7.02646,,158,,45.8
2065,7.02996,,158,,45.8
2066,7.03349,,158,,45.8
2067,7.03686,,159,,45.8
2068,7.04009,,159,,45.6
2069,7.04379,,159,,45.4
2070,7.04713,,159,,45.4
2071,7.0505,,159,,45.2
2072,7.05402,,159,,45.2
2073,7.05738,,160,,45
2074,7.06092,,160,,44.8
2075,7.06406,,160,,44.6
2076,7.06712,,159,,44.2
2077,7.07048,,160,,44
2078,7.07371,,159,,43.6
2079,7.07696,,159,,43.6
2080,7.0801,,160,,43.2
2081,7.08317,,160,,43.4
2082,7.08642,,159,,43.8
2083,7.08973,,159,,44
2084,7.09309,,159,,43.8
2085,7.09648,,159,,43.6
2086,7.09977,,158,,43.6
2087,7.10318,,158,,43.6
2088,7.10657,,158,,43.6
2089,7.10952,,157,,43.8
2090,7.1127,,157,,43.8
2091,7.11585,,158,,43.8
2092,7.11882,,157,,43.8
2093,7.12192,,157,,43.6
2094,7.12499,,157,,43.4
2095,7.1281,,157,,43.2
2096,7.13122,,157,,43.4
2097,7.13453,,157,,43.4
2098,7.13775,,157,,43.4
2099,7.14076,,157,,43.4
2100,7.14373,,157,,43.4
2101,7.14692,,157,,43
2102,7.14998,,157,,42.8
2103,7.15323,,157,,42.8
2104,7.1565,,157,,42.6
2105,7.16002,,156,,42.6
2106,7.16315,,156,,42.6
2107,7.16655,,156,,42.6
2108,7.16967,,156,,42.6
2109,7.17284,,157,,42.4
2110,7.17567,,156,,42.4
2111,7.17848,,156,,42.4
2112,7.1817,,156,,42.2
2113,7.1852,,156,,41.8
2114,7.18853,,156,,41.6
2115,7.19193,,156,,41.8
2116,7.19526,,156,,42
2117,7.19852,,155,,42
2118,7.20186,,155,,41.4
2119,7.20548,,155,,41
2120,7.20907,,155,,41
2121,7.21226,,155,,41
2122,7.21557,,155,,41.2
2123,7.21862,,155,,41.4
2124,7.22185,,155,,41
2125,7.22547,,154,,40.6
2126,7.22926,,154,,40.4
2127,7.23292,,155,,40
2128,7.23625,,155,,39.4
2129,7.23965,,154,,39.4
2130,7.24283,,154,,39.2
2131,7.24561,,154,,39.2
2132,7.24883,,153,,38.8
2133,7.25227,,153,,38.4
2134,7.25568,,153,,38
2135,7.2593,,152,,38.2
2136,7.26273,,153,,38
2137,7.26602,,153,,38.2
2138,7.26951,,153,,38
2139,7.27282,,153,,37.8
2140,7.27596,,153,,37.8
2141,7.27895,,153,,37.8
2142,7.28211,,153,,37.8
2143,7.28527,,153,,37.8
2144,7.28856,,154,,37.6
2145,7.29221,,153,,37.6
2146,7.29547,,153,,37.4
2147,7.29869,,154,,37.4
2148,7.30212,,154,,37.6
2149,7.30561,,154,,37.4
2150,7.30935,,154,,36.8
2151,7.3129,,154,,36.8
2152,7.316,,154,,36.8
2153,7.31895,,154,,36.8
2154,7.32198,,154,,36.8
2155,7.32518,,154,,36.4
2156,7.3285,,153,,36.6
2157,7.33198,,153,,36.6
2158,7.33541,,153,,36.6
2159,7.33878,,153,,36.6
2160,7.34237,,153,,37.2
2161,7.34568,,153,,37.4
2162,7.34885,,152,,37.2
2163,7.35239,,153,,37.4
2164,7.35564,,153,,37.6
2165,7.35902,,152,,37.6
2166,7.36219,,153,,37.6
2167,7.36511,,153,,37.6
2168,7.36847,,152,,37.4
2169,7.37161,,154,,37.2
2170,7.37474,,153,,37.4
2171,7.37804,,153,,37.8
2172,7.38105,,153,,38
2173,7.38427,,153,,38.4
2174,7.3873,,154,,38.4
2175,7.39052,,154,,38.4
2176,7.39409,,154,,38.4
2177,7.39772,,154,,38.2
2178,7.4011,,154,,38.2
2179,7.40445,,154,,38.2
2180,7.40764,,154,,38.6
2181,7.41079,,154,,38.6
2182,7.41369,,154,,38.8
2183,7.41641,,155,,39.4
2184,7.41888,,154,,39.4
2185,7.42185,,154,,40
2186,7.42494,,154,,40.4
2187,7.4282,,154,,40.6
2188,7.43138,,154,,40.6
2189,7.43472,,153,,41
2190,7.43786,,153,,40.6
2191,7.44144,,153,,40.8
2192,7.44486,,154,,40.8
2193,7.44859,,154,,41.6
2194,7.45194,,154,,41.2
2195,7.45493,,154,,41.4
2196,7.45836,,154,,41.6
2197,7.46203,,153,,42.2
2198,7.46543,,154,,42.4
2199,7.46877,,154,,42.8
2200,7.47157,,154,,43.2
2201,7.47475,,154,,43.2
2202,7.4781,,155,,43.2
2203,7.48096,,155,,42.8
2204,7.48431,,155,,43.2
2205,7.48732,,155,,43.6
2206,7.49048,,155,,44
2207,7.494,,156,,44
2208,7.49737,,156,,43.6
2209,7.50089,,156,,43.6
2210,7.504,,156,,43.6
2211,7.50731,,156,,43.6
2212,7.5107,,156,,43.6
2213,7.51375,,155,,43.4
2214,7.5169,,155,,42.6
2215,7.5201,,155,,42.6
2216,7.52326,,154,,42.6
2217,7.52654,,154,,42.4
2218,7.52991,,154,,42.2
2219,7.53343,,154,,41.6
2220,7.53685,,153,,41.4
2221,7.54074,,153,,41.4
2222,7.54454,,153,,41.2
2223,7.54781,,153,,40.6
2224,7.55114,,152,,40.2
2225,7.55424,,152,,39.8
2226,7.5571,,152,,39.6
2227,7.56021,,151,,39.4
2228,7.56323,,152,,39.4
2229,7.56661,,151,,39.2
2230,7.57016,,151,,39
2231,7.57365,,152,,39
2232,7.57718,,152,,39.2
2233,7.58066,,152,,39.2
2234,7.58393,,151,,39
2235,7.58727,,151,,39
2236,7.5905,,152,,39.2
2237,7.59399,,152,,39
2238,7.5974,,152,,39
2239,7.60091,,152,,39
2240,7.60457,,152,,38.6
2241,7.60772,,153,,38.6
2242,7.61079,,153,,38.6
2243,7.6138,,153,,38.4
2244,7.61685,,153,,38
2245,7.62011,,152,,37.6
2246,7.62343,,153,,37.4
2247,7.62681,,152,,36.8
2248,7.63008,,153,,36.4
2249,7.6333,,152,,36
2250,7.63666,,152,,35.4
2251,7.63999,,152,,35
2252,7.64343,,152,,34.8
2253,7.64682,,152,,34.8
2254,7.65006,,152,,35
2255,7.65343,,152,,35
2256,7.65661,,152,,34.8
2257,7.65983,,152,,34.6
2258,7.66307,,151,,34.8
2259,7.66632,,152,,34.6
2260,7.66962,,152,,34.4
2261,7.67293,,152,,34.6
2262,7.67629,,152,,34.8
2263,7.6796,,153,,35
2264,7.68291,,153,,35.6
2265,7.68628,,153,,35.4
2266,7.6895,,153,,35.6
2267,7.69268,,152,,36
2268,7.69601,,153,,36
2269,7.6993,,152,,36
2270,7.70274,,152,,36
2271,7.70617,,152,,36.2
2272,7.70911,,152,,35.4
2273,7.71244,,152,,35.4
2274,7.7159,,151,,35.4
2275,7.71921,,151,,34.8
2276,7.72267,,151,,34.8
2277,7.726,,151,,34.6
2278,7.72947,,151,,34.2
2279,7.73249,,151,,34
2280,7.73554,,151,,33.8
2281,7.73869,,151,,33.4
2282,7.74176,,151,,33.4
2283,7.74494,,151,,33
2284,7.74799,,151,,32.4
2285,7.75118,,151,,32.4
2286,7.75451,,151,,32.4
2287,7.75753,,151,,32.2
2288,7.76055,,151,,32
2289,7.76379,,151,,32.2
2290,7.76648,,150,,32.4
2291,7.76878,,150,,32.4
2292,7.77151,,150,,32.8
2293,7.77456,,150,,32.8
2294,7.77789,,150,,33.2
2295,7.78115,,150,,33.4
2296,7.78425,,150,,33.6
2297,7.78851,,151,,33.6
2298,7.7938,,151,,33.6
2299,7.79945,,151,,33.4
2300,7.80461,,151,,33.2
2301,7.80938,,152,,33.2
2302,7.81376,,153,,33
2303,7.81747,,153,,33
2304,7.82118,,154,,32.6
2305,7.82479,,154,,32.2
2306,7.82807,,155,,31.8
2307,7.83148,,155,,31.8
2308,7.83515,,155,,31.4
2309,7.83871,,156,,31
2310,7.84218,,156,,30.8
2311,7.84567,,156,,30.2
2312,7.84921,,156,,30
2313,7.85288,,156,,29.8
2314,7.85657,,156,,29.8
2315,7.86027,,156,,29.6
2316,7.86359,,155,,29.4
2317,7.86672,,155,,29.2
2318,7.86984,,155,,29.6
2319,7.87339,,155,,28.6
2320,7.87675,,155,,28.4
2321,7.88014,,155,,28.2
2322,7.88335,,155,,28.2
2323,7.88653,,155,,28.2
2324,7.88931,,155,,28.2
2325,7.89215,,155,,28.2
2326,7.89534,,155,,28.2
2327,7.89878,,155,,28.2
2328,7.9022,,155,,28.4
2329,7.90559,,155,,28.2
2330,7.90886,,155,,28.6
2331,7.91223,,154,,29
2332,7.91566,,154,,29
2333,7.91907,,155,,29.2
2334,7.92242,,154,,29.2
2335,7.92586,,154,,29.4
2336,7.92914,,154,,29.6
2337,7.93236,,154,,29.6
2338,7.93578,,154,,29.6
2339,7.93903,,154,,29.6
2340,7.94219,,154,,29.4
2341,7.94545,,154,,29.8
2342,7.94865,,155,,30
2343,7.95134,,154,,29.8
2344,7.95438,,155,,29.8
2345,7.95756,,155,,29.8
2346,7.96069,,154,,30.2
2347,7.96369,,154,,30.2
2348,7.96668,,154,,30.4
2349,7.97003,,154,,30.4
2350,7.97328,,154,,30.2
2351,7.9767,,154,,30.2
2352,7.98011,,153,,30.4
2353,7.98334,,153,,30.2
2354,7.98656,,153,,30.4
2355,7.99003,,153,,30.4
2356,7.99337,,153,,30.4
2357,7.99685,,153,,30.4
2358,8.00035,,152,,30.4
2359,8.0036,,152,,30.4
2360,8.00651,,152,,30.2
2361,8.00881,,152,,30
2362,8.01079,,152,,30
2363,8.01315,,152,,30
2364,8.01568,,153,,30
2365,8.01859,,153,,29.8
2366,8.02152,,153,,29.8
2367,8.02451,,152,,29.8
2368,8.02783,,152,,29.8
2369,8.03093,,152,,29.8
2370,8.03355,,152,,29.6
2371,8.03634,,152,,29.8
2372,8.03954,,152,,29.6
2373,8.04288,,152,,29.6
2374,8.04606,,152,,29.6
2375,8.04945,,152,,29.4
2376,8.0528,,152,,29.2
2377,8.05567,,152,,29
2378,8.05859,,153,,29
2379,8.06174,,152,,29
2380,8.06504,,153,,29
2381,8.06833,,152,,28.8
2382,8.07162,,152,,28.8
2383,8.07482,,152,,28.8
2384,8.07812,,152,,29
2385,8.08143,,152,,29
2386,8.0847,,152,,28.8
2387,8.08808,,152,,29
2388,8.09166,,152,,29.2
2389,8.09517,,152,,29.2
2390,8.09859,,151,,29.6
2391,8.10217,,151,,29.8
2392,8.10538,,151,,30.2
2393,8.10871,,151,,30
2394,8.11202,,151,,30
2395,8.1151,,151,,30
2396,8.11841,,151,,29.8
2397,8.1218,,150,,29.8
2398,8.12503,,150,,29.4
2399,8.12828,,150,,29.6
2400,8.13146,,150,,29.6
2401,8.13473,,149,,29.6
2402,8.13795,,149,,29.4
2403,8.14125,,148,,29.4
2404,8.14457,,148,,29.4
2405,8.14789,,148,,29
2406,8.15113,,148,,29
2407,8.15413,,148,,28.8
2408,8.15719,,147,,28.6
2409,8.16043,,147,,28.4
2410,8.16346,,147,,28.2
2411,8.16669,,147,,28.4
2412,8.1703,,147,,28.4
2413,8.1737,,147,,28.2
2414,8.17712,,146,,28.4
2415,8.17992,,146,,28.4
2416,8.18269,,146,,28.6
2417,8.1855,,146,,28.4
2418,8.18838,,147,,28.4
2419,8.19156,,147,,28.4
2420,8.19521,,147,,28.2
2421,8.19865,,147,,28.2
2422,8.20188,,146,,28.6
2423,8.20513,,147,,28.6
2424,8.20857,,147,,28.8
2425,8.21174,,147,,28.6
2426,8.21492,,147,,28.6
2427,8.21816,,146,,28.4
2428,8.22143,,147,,28.2
2429,8.2248,,147,,28.4
2430,8.22802,,147,,28.8
2431,8.23139,,147,,28.8
2432,8.23477,,148,,28.8
2433,8.23811,,148,,28.6
2434,8.24149,,148,,28.4
2435,8.24484,,148,,28.4
2436,8.24811,,148,,28.4
2437,8.25131,,149,,28.4
2438,8.25461,,148,,28.8
2439,8.25784,,148,,29
2440,8.26049,,149,,29
2441,8.26348,,149,,29
2442,8.2668,,150,,29.2
2443,8.26995,,150,,29.2
2444,8.27316,,151,,29.2
2445,8.27606,,151,,29
2446,8.27879,,150,,28.6
2447,8.28154,,151,,28.6
2448,8.28373,,150,,28.4
2449,8.28632,,151,,28
2450,8.28924,,151,,27.6
2451,8.29211,,150,,27
2452,8.29512,,150,,26.6
2453,8.298,,151,,25.8
2454,8.30131,,151,,25.4
2455,8.30452,,151,,25
2456,8.30799,,151,,24.6
2457,8.31122,,150,,24.2
2458,8.31421,,151,,24
2459,8.31722,,150,,23.8
2460,8.32039,,150,,23.6
2461,8.32368,,150,,23.4
2462,8.32715,,151,,23
2463,8.33033,,150,,22.4
2464,8.33336,,150,,22
2465,8.33674,,151,,21.6
2466,8.33995,,151,,21.4
2467,8.34315,,150,,21.2
2468,8.34629,,151,,21
2469,8.34952,,151,,20.8
2470,8.35293,,151,,21.2
2471,8.35639,,150,,21
2472,8.35983,,151,,20.8
2473,8.36304,,150,,20.6
2474,8.36608,,151,,20.4
2475,8.36901,,151,,20
2476,8.37206,,151,,20
2477,8.37535,,151,,20
2478,8.379,,152,,19.2
2479,8.38256,,152,,19
2480,8.38561,,152,,18.6
2481,8.38883,,152,,18.4
2482,8.39223,,152,,18.2
2483,8.39597,,152,,17.6
2484,8.39919,,152,,17.6
2485,8.40202,,152,,18
2486,8.40533,,152,,17.8
2487,8.40821,,152,,18.2
2488,8.41114,,152,,18.2
2489,8.41416,,151,,18.8
2490,8.41737,,151,,19.2
2491,8.42102,,151,,19.2
2492,8.42428,,151,,19.4
2493,8.42756,,150,,19.8
2494,8.43122,,150,,19.6
2495,8.43458,,150,,19.6
2496,8.43756,,150,,19.4
2497,8.44065,,150,,19.4
2498,8.44398,,149,,19.2
2499,8.44728,,149,,19
2500,8.45041,,150,,19.2
2501,8.45335,,149,,19.4
2502,8.45609,,149,,19.4
2503,8.45908,,150,,19.2
2504,8.46202,,149,,19.2
2505,8.46495,,149,,19.2
2506,8.46791,,149,,19.2
2507,8.47077,,149,,19.2
2508,8.47338,,149,,19.4
2509,8.47698,,149,,19.8
2510,8.48036,,148,,19.8
2511,8.48357,,149,,19.8
2512,8.48683,,149,,20
2513,8.49005,,149,,20
2514,8.49306,,149,,20.2
2515,8.49618,,149,,20.6
2516,8.49917,,149,,21.6
2517,8.50263,,150,,21.6
2518,8.50567,,150,,22
2519,8.50849,,150,,22
2520,8.51139,,150,,22.2
2521,8.51443,,151,,22.2
2522,8.51741,,151,,22.4
2523,8.52057,,151,,22.2
2524,8.52381,,151,,22.4
2525,8.52704,,151,,22.4
2526,8.53019,,151,,23
2527,8.53347,,151,,23
2528,8.53643,,151,,23
2529,8.53972,,152,,23.4
2530,8.54302,,151,,23.6
2531,8.54645,,152,,23.4
2532,8.54983,,151,,23.2
2533,8.55301,,151,,23.4
2534,8.55638,,151,,23.4
2535,8.55973,,151,,23.2
2536,8.56291,,151,,23
2537,8.566,,151,,23.2
2538,8.569,,152,,23.2
2539,8.57207,,152,,23.2
2540,8.57505,,152,,24
2541,8.57808,,152,,24.2
2542,8.58102,,152,,24.8
2543,8.58419,,152,,25.4
2544,8.5875,,152,,25.4
2545,8.59062,,152,,25.4
2546,8.59376,,152,,25.4
2547,8.59622,,153,,26.8
2548,8.59919,,153,,27.4
2549,8.60218,,153,,27.6
2550,8.60527,,153,,27.6
2551,8.60858,,153,,27.8
2552,8.61181,,153,,28.2
2553,8.61496,,154,,28
2554,8.61803,,154,,28
2555,8.62106,,154,,28.4
2556,8.62429,,155,,28.2
2557,8.62749,,155,,28.2
2558,8.63061,,155,,28.2
2559,8.63382,,155,,27.8
2560,8.6369,,156,,28
2561,8.64021,,155,,28.4
2562,8.64354,,155,,28.8
2563,8.64669,,155,,29.2
2564,8.65007,,155,,29.4
2565,8.65343,,155,,29.6
2566,8.65681,,155,,29.4
2567,8.66029,,155,,29.6
2568,8.66367,,155,,29.8
2569,8.66718,,155,,30
2570,8.67049,,154,,30
2571,8.67372,,155,,30.4
2572,8.67734,,154,,30.4
2573,8.68059,,154,,30.6
2574,8.68389,,154,,31.2
2575,8.68736,,154,,31.2
2576,8.69086,,154,,31
2577,8.69435,,155,,31
2578,8.69757,,154,,31
2579,8.70072,,154,,30.6
2580,8.70392,,154,,30.4
2581,8.70708,,153,,30.2
2582,8.71025,,153,,30.4
2583,8.71349,,153,,30.4
2584,8.71668,,153,,30.4
2585,8.71971,,153,,30.6
2586,8.72261,,153,,31
2587,8.72582,,153,,30.8
2588,8.72905,,152,,30.6
2589,8.73225,,152,,30.2
2590,8.73529,,152,,30.2
2591,8.7384,,152,,30
2592,8.74149,,152,,30
2593,8.74447,,152,,30
2594,8.7475,,152,,30
2595,8.7508,,152,,30
2596,8.75399,,152,,30
2597,8.75701,,153,,30.2
2598,8.76006,,152,,30.6
2599,8.76303,,152,,30.4
2600,8.76608,,152,,30.2
2601,8.76905,,152,,30.2
2602,8.77238,,152,,29.8
2603,8.77567,,152,,29.4
2604,8.77907,,151,,29
2605,8.78261,,151,,28.4
2606,8.78636,,151,,27.8
2607,8.79001,,151,,27.4
2608,8.79334,,151,,26.8
2609,8.79644,,151,,26.4
2610,8.79971,,151,,25.8
2611,8.8032,,151,,24.8
2612,8.80649,,151,,24.6
2613,8.81011,,150,,23.6
2614,8.81383,,151,,23
2615,8.81762,,150,,22.2
2616,8.82105,,151,,21.4
2617,8.8244,,151,,20.8
2618,8.82764,,151,,20.2
2619,8.83054,,151,,19.4
2620,8.83328,,151,,18.8
2621,8.83607,,151,,18
2622,8.83943,,151,,17.4
2623,8.84246,,151,,17
2624,8.84555,,151,,16.2
2625,8.84879,,151,,15.8
2626,8.85168,,151,,15.4
2627,8.85484,,151,,14.8
2628,8.85776,,151,,14.6
2629,8.86073,,151,,14.4
2630,8.86445,,152,,13.8
2631,8.86812,,152,,12.8
2632,8.87156,,152,,12
2633,8.87506,,152,,11.4
2634,8.87844,,152,,10.4
2635,8.88124,,152,,10
2636,8.88425,,152,,9.8
2637,8.88756,,152,,9.2
2638,8.8903,,152,,9
2639,8.89324,,152,,8.8
2640,8.89644,,152,,8.4
2641,8.89967,,152,,8.2
2642,8.90365,,152,,7.8
2643,8.90688,,152,,7.6
2644,8.90988,,152,,7
2645,8.91305,,152,,6.8
2646,8.91635,,153,,6.4
2647,8.91937,,152,,6
2648,8.92195,,153,,6.4
2649,8.92481,,153,,5.8
2650,8.92885,,153,,5
2651,8.93258,,152,,5.2
2652,8.93578,,153,,4.8
2653,8.93903,,153,,4.6
2654,8.94218,,153,,4.8
2655,8.94516,,153,,4.6
2656,8.94815,,153,,4.2
2657,8.95078,,153,,3.6
2658,8.95386,,153,,3.2
2659,8.95778,,153,,4.2
2660,8.96094,,153,,3.8
2661,8.9641,,153,,3.8
2662,8.96716,,153,,4.2
2663,8.97008,,154,,4.6
2664,8.97307,,154,,5
2665,8.97651,,154,,5.2
2666,8.97974,,153,,5
2667,8.98406,,154,,6
2668,8.98882,,154,,7.4
2669,8.99268,,154,,8
2670,8.99622,,155,,8.6
2671,8.99947,,155,,8.8
2672,9.00279,,154,,8.8
2673,9.00648,,154,,9
2674,9.00976,,155,,9
2675,9.01405,,154,,9.8
2676,9.01765,,153,,10
2677,9.02107,,153,,10.4
2678,9.02428,,153,,11
2679,9.02743,,152,,11.2
2680,9.03083,,152,,11
2681,9.03432,,152,,11
2682,9.03738,,152,,10.8
2683,9.04053,,152,,10.8
2684,9.04382,,152,,10.4
2685,9.04695,,152,,10.2
2686,9.04978,,151,,10
2687,9.05289,,152,,10
2688,9.05669,,151,,10.4
2689,9.06093,,151,,10.8
2690,9.06441,,151,,10.6
2691,9.06791,,151,,10.8
2692,9.07127,,151,,10.8
2693,9.07467,,151,,11
2694,9.07827,,151,,11.8
2695,9.08169,,151,,12.2
2696,9.08503,,151,,12.8
2697,9.08851,,151,,13.8
2698,9.09222,,151,,14.4
2699,9.09613,,152,,15.2
2700,9.0995,,152,,15.4
2701,9.10318,,151,,15.8
2702,9.10717,,151,,16.4
2703,9.11113,,151,,17.2
2704,9.11515,,151,,18
2705,9.11958,,152,,19
2706,9.12297,,152,,20
2707,9.12634,,152,,20.8
2708,9.12961,,152,,21.4
2709,9.1332,,152,,21.8
2710,9.13706,,152,,22.4
2711,9.14053,,153,,23.2
2712,9.14428,,153,,23.6
2713,9.14794,,152,,24
2714,9.15128,,151,,24.6
2715,9.15444,,151,,25
2716,9.15765,,151,,25.4
2717,9.16103,,151,,25.6
2718,9.16437,,151,,26
2719,9.16759,,151,,26.6
2720,9.17095,,151,,26.8
2721,9.17438,,152,,26.8
2722,9.17761,,151,,27.2
2723,9.18083,,152,,28
2724,9.18444,,151,,28.4
2725,9.18802,,152,,28.8
2726,9.19164,,152,,29.2
2727,9.19531,,151,,29.2
2728,9.1989,,152,,29.4
2729,9.20209,,152,,29.4
2730,9.20563,,151,,29.6
2731,9.20941,,152,,30
2732,9.21309,,152,,30
2733,9.21651,,152,,30
2734,9.22005,,152,,29.8
2735,9.22357,,152,,29.6
2736,9.22706,,152,,29.4
2737,9.23047,,152,,29.2
2738,9.23395,,152,,29.2
2739,9.23748,,152,,29
2740,9.24067,,152,,29
2741,9.24384,,152,,28.6
2742,9.24694,,153,,28.2
2743,9.24996,,152,,28
2744,9.25327,,152,,27.8
2745,9.25649,,152,,27.8
2746,9.25972,,152,,27.6
2747,9.263,,152,,27.4
2748,9.26623,,152,,27
2749,9.26927,,152,,26.6
2750,9.27223,,151,,26.2
2751,9.27535,,151,,25.6
2752,9.27856,,151,,25.4
2753,9.28192,,151,,25
2754,9.28505,,151,,24.6
2755,9.28779,,151,,24.4
2756,9.29083,,151,,24.2
2757,9.29419,,151,,23.8
2758,9.29749,,151,,23.8
2759,9.30075,,152,,23.4
2760,9.304,,151,,23.4
2761,9.30742,,152,,23.4
2762,9.31104,,151,,23.4
2763,9.31453,,151,,23.6
2764,9.31791,,151,,23.4
2765,9.32164,,151,,23.8
2766,9.32546,,151,,23.8
2767,9.32875,,150,,24
2768,9.33184,,151,,24
2769,9.33498,,150,,23.6
2770,9.33823,,150,,23.8
2771,9.34189,,150,,24
2772,9.34569,,150,,25
2773,9.34933,,151,,25.6
2774,9.35262,,151,,25.8
2775,9.35582,,150,,26.2
2776,9.3589,,150,,26.2
2777,9.3621,,150,,25.8
2778,9.36541,,150,,25.8
2779,9.36885,,149,,25.6
2780,9.37218,,149,,26.2
2781,9.37559,,149,,25.8
2782,9.37865,,149,,26.2
2783,9.38174,,149,,26.4
2784,9.385,,149,,27.2
2785,9.38835,,150,,27.4
2786,9.39163,,149,,27.8
2787,9.39521,,150,,28.2
2788,9.39886,,150,,28.4
2789,9.40239,,150,,28.8
2790,9.4061,,151,,28.4
2791,9.40951,,152,,28.6
2792,9.41309,,151,,28.8
2793,9.41658,,151,,28.6
2794,9.41995,,152,,28.6
2795,9.42327,,152,,28.8
2796,9.4265,,152,,29.4
2797,9.43007,,152,,29.6
2798,9.43347,,152,,29.4
2799,9.43647,,152,,30
2800,9.43963,,153,,30.6
2801,9.44285,,152,,30
2802,9.4461,,153,,29.6
2803,9.44934,,152,,29.6
2804,9.45289,,152,,29.4
2805,9.4567,,152,,28.6
2806,9.45961,,152,,29.2
2807,9.46282,,151,,29.8
2808,9.46575,,151,,30.6
2809,9.46938,,151,,30
2810,9.47301,,150,,30.4
2811,9.4764,,151,,30.4
2812,9.4796,,150,,30.4
2813,9.4825,,150,,30.4
2814,9.48587,,150,,31.2
2815,9.48931,,150,,30.8
2816,9.49255,,150,,31.2
2817,9.49594,,149,,31.6
2818,9.49896,,150,,31.4
2819,9.5022,,150,,31.6
2820,9.50545,,150,,32
2821,9.50902,,150,,32
2822,9.51238,,150,,32.2
2823,9.51542,,150,,32.2
2824,9.51839,,150,,32.2
2825,9.52141,,150,,32
2826,9.52443,,150,,32
2827,9.52758,,151,,32
2828,9.53093,,151,,32.2
2829,9.5342,,151,,32.4
2830,9.53684,,151,,32
2831,9.53982,,150,,32.2
2832,9.54285,,150,,32.2
2833,9.54637,,150,,32.2
2834,9.55002,,149,,32.4
2835,9.55335,,149,,32.4
2836,9.55658,,149,,32.8
2837,9.55952,,149,,32.8
2838,9.56283,,149,,33.2
2839,9.56619,,149,,33
2840,9.56945,,148,,33
2841,9.57276,,149,,33.2
2842,9.57581,,149,,33.2
2843,9.57888,,149,,33
2844,9.58202,,149,,33.2
2845,9.58532,,149,,33.2
2846,9.58862,,149,,33
2847,9.59175,,149,,33.2
2848,9.59497,,149,,33.4
2849,9.59808,,149,,33.8
2850,9.60126,,149,,34
2851,9.6045,,149,,34.6
2852,9.60742,,149,,34.2
2853,9.6104,,148,,34.4
2854,9.61337,,148,,35
2855,9.61657,,148,,35.6
2856,9.61981,,148,,35.6
2857,9.62318,,148,,35
2858,9.62654,,147,,35.2
2859,9.62965,,147,,35
2860,9.633,,148,,35.2
2861,9.63613,,148,,35.2
2862,9.63907,,148,,35.6
2863,9.64213,,147,,36.4
2864,9.64501,,147,,36.6
2865,9.64823,,147,,36.8
2866,9.65124,,147,,37
2867,9.65455,,147,,37
2868,9.65769,,147,,36.6
2869,9.66073,,147,,36.4
2870,9.66394,,147,,35.6
2871,9.6667,,146,,35.2
2872,9.67015,,146,,34.8
2873,9.67345,,147,,35
2874,9.67662,,146,,34.4
2875,9.6799,,147,,34.6
2876,9.68313,,147,,34.8
2877,9.68622,,147,,34.6
2878,9.68912,,147,,34
2879,9.69229,,147,,33.6
2880,9.69558,,147,,33.6
2881,9.69852,,147,,33
2882,9.70168,,147,,32.8
2883,9.70482,,147,,32.8
2884,9.70807,,147,,32.6
2885,9.71161,,147,,32
2886,9.71458,,147,,31.8
2887,9.71769,,147,,32
2888,9.72065,,147,,32
2889,9.72392,,147,,32.2
2890,9.72693,,146,,32.4
2891,9.73001,,147,,32.4
2892,9.73327,,147,,32.6
2893,9.73653,,146,,32.4
2894,9.73968,,146,,32.8
2895,9.74329,,147,,31.8
2896,9.74678,,147,,31.8
2897,9.74997,,146,,31.8
2898,9.75287,,147,,32.6
2899,9.75619,,147,,32.6
2900,9.75943,,147,,32.6
2901,9.76277,,148,,32.4
2902,9.76611,,148,,32.2
2903,9.76936,,148,,32.6
2904,9.77274,,148,,31.8
2905,9.77598,,148,,32.2
2906,9.77955,,147,,32.4
2907,9.78275,,147,,32.6
2908,9.78623,,147,,32.6
2909,9.78936,,147,,32.6
2910,9.79278,,147,,32.4
2911,9.79622,,147,,32.6
2912,9.79921,,148,,33
2913,9.80223,,148,,33
2914,9.80544,,148,,33.8
2915,9.80903,,148,,33.6
2916,9.81233,,148,,34.6
2917,9.81587,,148,,34.8
2918,9.81939,,149,,35
2919,9.82246,,149,,35.4
2920,9.82563,,149,,35
2921,9.82884,,149,,34.6
2922,9.83188,,149,,34.2
2923,9.83509,,149,,34.2
2924,9.83823,,149,,33.6
2925,9.84143,,149,,33.2
2926,9.84501,,149,,32.2
2927,9.84841,,148,,31.2
2928,9.85185,,148,,30.6
2929,9.85517,,148,,30
2930,9.85836,,148,,29.2
2931,9.86155,,148,,28.8
2932,9.86461,,148,,28.6
2933,9.86771,,148,,28
2934,9.87074,,147,,28
2935,9.87385,,148,,27.6
2936,9.87696,,148,,27.2
2937,9.88005,,148,,27.4
2938,9.88333,,147,,27
2939,9.88657,,147,,26.6
2940,9.88938,,147,,26.2
2941,9.89251,,147,,26.4
2942,9.89583,,147,,26
2943,9.89909,,147,,26
2944,9.90238,,147,,26.2
2945,9.90555,,146,,26.2
2946,9.90883,,147,,26
2947,9.91216,,147,,26.2
2948,9.91545,,146,,25.6
2949,9.91858,,146,,25.4
2950,9.92194,,147,,24.6
2951,9.92544,,147,,24.4
2952,9.92918,,146,,24.6
2953,9.93268,,147,,24.4
2954,9.93584,,146,,24.2
2955,9.93893,,147,,23.8
2956,9.94209,,147,,23.6
2957,9.94551,,147,,23.6
2958,9.94887,,146,,23.2
2959,9.95207,,147,,23
2960,9.95507,,146,,22.8
2961,9.95817,,146,,22.4
2962,9.96127,,147,,22
2963,9.96416,,147,,21.6
2964,9.96707,,147,,21
2965,9.97027,,147,,20.6
2966,9.97346,,147,,20.6
2967,9.97671,,146,,20.4
2968,9.98003,,146,,20.4
2969,9.9833,,146,,20.4
2970,9.98633,,146,,20.2
2971,9.98941,,147,,20
2972,9.99296,,148,,20.4
2973,9.9962,,148,,20.2
2974,9.99939,,148,,20.2
2975,10.0024,,148,,20
2976,10.0057,,148,,20.4
2977,10.0089,,148,,20.4
2978,10.0123,,148,,20.6
2979,10.0156,,149,,20.6
2980,10.0188,,148,,20.2
2981,10.022,,148,,20
2982,10.0253,,148,,19.8
2983,10.0284,,148,,19.6
2984,10.0313,,148,,19.4
2985,10.0341,,148,,19.2
2986,10.0371,,147,,19.2
2987,10.0401,,147,,19
2988,10.0433,,147,,19
2989,10.0462,,147,,18.8
2990,10.0492,,147,,18.8
2991,10.0524,,147,,18.4
2992,10.0555,,147,,18.6
2993,10.0586,,147,,18.4
2994,10.0617,,147,,18
2995,10.0647,,147,,17.6
2996,10.0678,,147,,17.6
2997,10.0713,,147,,17.8
2998,10.0745,,147,,17.8
2999,10.0781,,146,,18.4
3000,10.0815,,147,,18.6
3001,10.085,,146,,18.6
3002,10.0886,,147,,18.6
3003,10.0921,,147,,18.6
3004,10.0956,,147,,18.2
3005,10.099,,147,,18
3006,10.1025,,147,,18
3007,10.106,,147,,18.6
3008,10.1094,,147,,18.8
3009,10.1129,,147,,19.2
3010,10.1163,,147,,19.2
3011,10.1198,,147,,19
3012,10.1234,,147,,19.4
3013,10.127,,147,,19.4
3014,10.1307,,147,,19.6
3015,10.1341,,148,,19.8
3016,10.1378,,148,,19.8
3017,10.1413,,148,,19.8
3018,10.1448,,148,,19.8
3019,10.1486,,148,,19.8
3020,10.1523,,148,,19.6
3021,10.1559,,149,,19.8
3022,10.1593,,149,,19.8
3023,10.1629,,149,,19.6
3024,10.1666,,149,,19.6
3025,10.1704,,149,,19.6
3026,10.1741,,150,,19.8
3027,10.1779,,150,,20
3028,10.1814,,150,,20.4
3029,10.1851,,150,,20.8
3030,10.1887,,150,,21
3031,10.1921,,150,,21.8
3032,10.1955,,150,,22
3033,10.199,,150,,22.2
3034,10.2024,,150,,23
3035,10.2059,,150,,23.4
3036,10.2095,,150,,23.4
3037,10.2129,,150,,23.6
3038,10.2162,,150,,23.8
3039,10.2197,,150,,24.4
3040,10.2235,,150,,24.8
3041,10.2272,,151,,24.8
3042,10.2308,,151,,24.6
3043,10.2344,,151,,24.6
3044,10.2378,,151,,24.6
3045,10.2411,,151,,24.2
3046,10.2443,,151,,24.4
3047,10.2477,,151,,24.4
3048,10.2511,,152,,24.2
3049,10.2545,,152,,24.8
3050,10.258,,152,,24.8
3051,10.2614,,152,,25.2
3052,10.2647,,152,,25.2
3053,10.2679,,152,,25.4
3054,10.271,,152,,25.6
3055,10.2744,,153,,25.8
3056,10.2776,,153,,26
3057,10.2808,,153,,26.2
3058,10.2841,,152,,26.2
3059,10.2872,,152,,26.4
3060,10.2904,,153,,26.4
3061,10.2932,,153,,25.6
3062,10.2964,,152,,25.8
3063,10.2997,,152,,25.8
3064,10.3032,,152,,26.2
3065,10.3067,,153,,26.6
3066,10.31,,152,,27.4
3067,10.3132,,152,,27.6
3068,10.3163,,152,,27.6
3069,10.3194,,152,,27.6
3070,10.3227,,152,,28.2
3071,10.3256,,153,,27.8
3072,10.3286,,152,,28.6
3073,10.3321,,153,,29
3074,10.3354,,152,,29.6
3075,10.3387,,152,,29.8
3076,10.3418,,153,,30.2
3077,10.345,,153,,29.8
3078,10.3482,,152,,29.6
3079,10.3514,,152,,29.6
3080,10.3548,,153,,30
3081,10.3581,,152,,30.2
3082,10.3614,,152,,30.2
3083,10.3646,,153,,29.6
3084,10.368,,154,,30
3085,10.3716,,153,,30.2
3086,10.3751,,153,,30.2
3087,10.3784,,153,,30.2
3088,10.3816,,153,,30
3089,10.3846,,152,,29.8
3090,10.388,,152,,29.6
3091,10.3905,,153,,27.4
3092,10.3935,,152,,26.2
3093,10.397,,152,,26.8
3094,10.4003,,152,,26.6
3095,10.4035,,152,,26.4
3096,10.4064,,152,,26.4
3097,10.4094,,152,,26.2
3098,10.4123,,152,,26
3099,10.4154,,152,,26.2
3100,10.4184,,152,,26.2
3101,10.4213,,152,,26
3102,10.4247,,152,,26.2
3103,10.428,,152,,26
3104,10.4312,,152,,26
3105,10.4345,,152,,26.2
3106,10.4377,,152,,26.6
3107,10.4407,,152,,26.8
3108,10.443,,152,,26.4
3109,10.4461,,151,,27
3110,10.4491,,151,,26.6
3111,10.452,,151,,26.2
3112,10.4553,,151,,26.8
3113,10.4584,,151,,26.2
3114,10.4615,,151,,26.2
3115,10.4647,,151,,26.4
3116,10.4679,,151,,26.4
3117,10.4712,,151,,26.8
3118,10.4744,,151,,26.4
3119,10.4775,,152,,26.6
3120,10.4807,,151,,26.8
3121,10.4841,,151,,27
3122,10.4873,,151,,27
3123,10.4903,,151,,26.4
3124,10.4935,,152,,26.8
3125,10.4966,,152,,26.8
3126,10.4994,,152,,26.6
3127,10.5023,,152,,27
3128,10.5054,,152,,27
3129,10.5086,,152,,27
3130,10.5112,,152,,27
3131,10.5143,,152,,26.8
3132,10.5177,,152,,27.2
3133,10.5213,,151,,27.8
3134,10.5245,,151,,27.8
3135,10.5276,,151,,28.2
3136,10.5311,,151,,28.4
3137,10.5346,,151,,27.4
3138,10.5385,,151,,27.2
3139,10.542,,151,,27.2
3140,10.5457,,151,,27
3141,10.5494,,151,,27.2
3142,10.5532,,151,,27.4
3143,10.557,,151,,27
3144,10.5605,,151,,27.6
3145,10.564,,151,,28.2
3146,10.5675,,151,,28.8
3147,10.5709,,151,,28.6
3148,10.5745,,151,,28.8
3149,10.5778,,151,,29.2
3150,10.5812,,152,,29.6
3151,10.5844,,151,,29.4
3152,10.5873,,152,,29.4
3153,10.5905,,152,,29.6
3154,10.5939,,152,,29.8
3155,10.5974,,152,,30.6
3156,10.6005,,152,,30.2
3157,10.6038,,151,,30.6
3158,10.6074,,151,,30.4
3159,10.6108,,151,,30.6
3160,10.6143,,151,,30.4
3161,10.6177,,151,,30.2
3162,10.6212,,151,,30
3163,10.6246,,151,,30
3164,10.6279,,151,,29.8
3165,10.6312,,151,,30
3166,10.6346,,150,,29.4
3167,10.6381,,150,,29.2
3168,10.6414,,150,,28.8
3169,10.6447,,150,,29
3170,10.6481,,151,,29.2
3171,10.6511,,150,,29
3172,10.6546,,151,,29.2
3173,10.6577,,151,,29.2
3174,10.661,,151,,29.2
3175,10.6643,,152,,29.8
3176,10.6668,,153,,29
3177,10.67,,153,,29.2
3178,10.6735,,152,,29.4
3179,10.6772,,152,,29.4
3180,10.6808,,152,,29.4
3181,10.6844,,153,,29.8
3182,10.6877,,153,,30.2
3183,10.6909,,152,,30.6
3184,10.6939,,153,,30.6
3185,10.6971,,152,,30.6
3186,10.7001,,153,,30.8
3187,10.7032,,153,,30.8
3188,10.7067,,153,,30.6
3189,10.7104,,152,,30.6
3190,10.7136,,153,,30.2
3191,10.7171,,153,,29.4
3192,10.7204,,153,,29
3193,10.7236,,153,,28.6
3194,10.7266,,153,,28.6
3195,10.7297,,153,,28.4
3196,10.733,,153,,28.2
3197,10.7363,,153,,27.4
3198,10.7399,,152,,26.4
3199,10.7431,,152,,26
3200,10.7464,,152,,25.6
3201,10.7497,,152,,24.8
3202,10.7531,,152,,23.8
3203,10.7562,,152,,24.2
3204,10.7595,,152,,23.8
3205,10.7626,,152,,23.4
3206,10.7657,,152,,22.8
3207,10.769,,152,,22.8
3208,10.7724,,152,,22.8
3209,10.7757,,153,,22.8
3210,10.7789,,152,,22.2
3211,10.7821,,152,,21.4
3212,10.7853,,152,,21
3213,10.7884,,152,,20.4
3214,10.7914,,153,,19.8
3215,10.7944,,153,,19.4
3216,10.7976,,153,,18.6
3217,10.8006,,153,,18
3218,10.8037,,153,,17.2
3219,10.8071,,153,,16.4
3220,10.8102,,153,,16
3221,10.8136,,153,,15.6
3222,10.8168,,153,,14.8
3223,10.8197,,153,,14.6
3224,10.8229,,153,,13.8
3225,10.8263,,153,,13.8
3226,10.8294,,153,,13.6
3227,10.8325,,153,,13.6
3228,10.8357,,154,,13.2
3229,10.8392,,153,,13.2
3230,10.8424,,154,,12.8
3231,10.8456,,153,,13
3232,10.8489,,153,,12.6
3233,10.8523,,154,,11.8
3234,10.8557,,153,,11.2
3235,10.8589,,154,,10.6
3236,10.8625,,154,,10.4
3237,10.8656,,154,,10
3238,10.8688,,154,,9.6
3239,10.8721,,154,,9.6
3240,10.8751,,154,,9.2
3241,10.8783,,154,,9
3242,10.8812,,154,,8.6
3243,10.8843,,154,,8.2
3244,10.8874,,154,,8.4
3245,10.8903,,154,,8.2
3246,10.8934,,154,,8.4
3247,10.8966,,154,,8.6
3248,10.8997,,154,,8.6
3249,10.9027,,154,,9
3250,10.9057,,154,,9.2
3251,10.909,,154,,9.6
3252,10.9123,,154,,9.4
3253,10.9158,,155,,10.4
3254,10.9191,,154,,10.4
3255,10.9221,,155,,11.4
3256,10.9251,,155,,11.4
3257,10.9282,,155,,12
3258,10.9319,,155,,13
3259,10.9355,,155,,12.8
3260,10.9392,,154,,13.6
3261,10.9427,,154,,14
3262,10.9462,,154,,14.4
3263,10.9496,,154,,14
3264,10.9528,,154,,14
3265,10.956,,154,,13.4
3266,10.9589,,155,,13.6
3267,10.9617,,154,,14
3268,10.9646,,154,,14.8
3269,10.9675,,155,,15.2
3270,10.9707,,155,,15.4
3271,10.9738,,155,,15.8
3272,10.977,,154,,16.4
3273,10.9807,,154,,17
3274,10.9841,,154,,17.4
3275,10.9877,,154,,17.8
3276,10.9914,,155,,18.2
3277,10.9949,,154,,18.4
3278,10.9986,,155,,18.8
3279,11.0024,,155,,19.4
3280,11.006,,154,,19.6
3281,11.0096,,155,,19.8
3282,11.0129,,154,,20.2
3283,11.0159,,155,,20.8
3284,11.0188,,155,,21
3285,11.0215,,155,,21.4
3286,11.0244,,155,,21.6
3287,11.0274,,154,,22
3288,11.0304,,155,,22.4
3289,11.0334,,155,,22.6
3290,11.0367,,154,,22.4
3291,11.0398,,154,,22.6
3292,11.0428,,154,,22.8
3293,11.0459,,154,,22.6
3294,11.0487,,153,,22.8
3295,11.0512,,154,,22.8
3296,11.0541,,155,,23
3297,11.0571,,155,,22.8
3298,11.0602,,155,,22.8
3299,11.0629,,155,,22.8
3300,11.0649,,155,,22.4
3301,11.0674,,155,,22
3302,11.0702,,155,,22
3303,11.0729,,156,,21.8
3304,11.076,,156,,21.4
3305,11.0792,,156,,21
3306,11.0819,,157,,20.4
3307,11.0846,,157,,20.2
3308,11.0868,,157,,20.2
3309,11.0896,,156,,20.4
3310,11.0927,,157,,20.6
3311,11.0959,,156,,20.4
3312,11.0987,,156,,20.2
3313,11.1017,,156,,20.2
3314,11.105,,156,,20.2
3315,11.1084,,156,,19.8
3316,11.1119,,156,,19.8
3317,11.1153,,156,,19.6
3318,11.118,,156,,19.6
3319,11.121,,156,,19.6
3320,11.1249,,156,,19.4
3321,11.1281,,156,,19.4
3322,11.1311,,156,,19.6
3323,11.1342,,156,,19.6
3324,11.1373,,156,,19.8
3325,11.1401,,156,,20
3326,11.1428,,156,,20.4
3327,11.147,,156,,21.8
3328,11.1511,,156,,22.8
3329,11.1545,,155,,22.8
3330,11.1584,,155,,23.2
3331,11.1618,,155,,23.4
3332,11.1652,,156,,23.4
3333,11.1687,,156,,23.6
3334,11.172,,156,,23.2
3335,11.1757,,156,,23.6
3336,11.1793,,156,,23.6
3337,11.1825,,156,,23.6
3338,11.1855,,156,,23.4
3339,11.1883,,156,,23
3340,11.1913,,156,,22.8
3341,11.1945,,156,,22.6
3342,11.1975,,156,,22.4
3343,11.2006,,157,,22.4
3344,11.2037,,156,,22.6
3345,11.2069,,156,,22.2
3346,11.2102,,157,,22.4
3347,11.2137,,156,,22.8
3348,11.2171,,157,,23.2
3349,11.2202,,156,,23.6
3350,11.2231,,156,,23.8
3351,11.2259,,156,,24.2
3352,11.2289,,156,,24.6
3353,11.2316,,156,,25
3354,11.2343,,155,,25.4
3355,11.2378,,155,,25.6
3356,11.2409,,155,,25.8
3357,11.2439,,155,,25.8
3358,11.2465,,154,,25.8
3359,11.2491,,154,,25.8
3360,11.2517,,155,,26
3361,11.2544,,154,,26
3362,11.2573,,154,,26.2
3363,11.2603,,154,,26
3364,11.2635,,154,,25.6
3365,11.2669,,153,,25.4
3366,11.27,,153,,25.2
3367,11.2733,,153,,24.8
3368,11.2764,,153,,24.6
3369,11.2792,,153,,24.4
3370,11.2824,,153,,24.2
3371,11.2856,,153,,24
3372,11.2887,,153,,23.6
3373,11.292,,153,,23.4
3374,11.2953,,153,,23.2
3375,11.2982,,153,,23
3376,11.3012,,153,,23
3377,11.3049,,154,,23.2
3378,11.308,,154,,23.2
3379,11.3111,,154,,22.8
3380,11.3142,,154,,22.8
3381,11.3172,,153,,23
3382,11.3202,,154,,23
3383,11.3231,,153,,23.2
3384,11.3262,,153,,23
3385,11.3295,,153,,23.2
3386,11.333,,153,,23
3387,11.3364,,152,,23
3388,11.3396,,152,,23.2
3389,11.3428,,152,,23.2
3390,11.3462,,152,,23.2
3391,11.3495,,152,,22.8
3392,11.3523,,152,,22.6
3393,11.3551,,152,,22.8
3394,11.3583,,151,,22.6
3395,11.3615,,152,,22.6
3396,11.3647,,152,,22.6
3397,11.3678,,152,,22.8
3398,11.3708,,152,,22.6
3399,11.374,,152,,22.6
3400,11.3769,,152,,22.6
3401,11.3798,,152,,22.4
3402,11.3832,,152,,22
3403,11.3863,,152,,21.8
3404,11.3891,,152,,21.4
3405,11.392,,152,,21
3406,11.3953,,152,,20.4
3407,11.3985,,152,,20
3408,11.4017,,151,,19.6
3409,11.4052,,151,,19
3410,11.4087,,152,,18.8
3411,11.4119,,152,,18.6
3412,11.4152,,152,,18.2
3413,11.418,,152,,17.6
3414,11.4211,,152,,17.6
3415,11.4244,,151,,17.2
3416,11.4278,,151,,16.8
3417,11.4309,,151,,16.4
3418,11.4335,,151,,16.2
3419,11.436,,152,,15.8
3420,11.4384,,152,,15.4
3421,11.4409,,152,,15.8
3422,11.4439,,152,,15.6
3423,11.4472,,153,,15.4
3424,11.4504,,152,,15.4
3425,11.4532,,152,,15.4
3426,11.4557,,152,,15.6
3427,11.4584,,152,,15.6
3428,11.4611,,152,,15.6
3429,11.464,,153,,15.4
3430,11.4668,,153,,15.4
3431,11.4697,,153,,15.8
3432,11.4728,,153,,15.8
3433,11.4764,,153,,16
3434,11.48,,153,,16.2
3435,11.4838,,154,,16
3436,11.4872,,154,,15.8
3437,11.4903,,154,,15.8
3438,11.4935,,154,,16.2
3439,11.4969,,155,,16.4
3440,11.5002,,155,,16.6
3441,11.5032,,155,,16.6
3442,11.5064,,155,,16.8
3443,11.5092,,155,,17
3444,11.5114,,155,,17.2
3445,11.5132,,155,,17.4
3446,11.5157,,157,,17.6
3447,11.5186,,157,,17.6
3448,11.5215,,158,,17.4
3449,11.5244,,158,,17.2
3450,11.5273,,157,,17.2
3451,11.5307,,157,,17
3452,11.534,,157,,17
3453,11.537,,157,,17
3454,11.5396,,157,,17.2
3455,11.5433,,157,,17
3456,11.5465,,157,,17
3457,11.5496,,157,,17.4
3458,11.5525,,157,,17.4
3459,11.5558,,159,,17.6
3460,11.559,,159,,17.4
3461,11.5623,,159,,17.2
3462,11.5657,,159,,17.4
3463,11.5697,,159,,17.4
3464,11.5732,,159,,18.8
3465,11.5765,,159,,19.2
3466,11.5799,,159,,19.8
3467,11.5831,,159,,20.4
3468,11.5862,,160,,20.8
3469,11.589,,160,,20.8
3470,11.5921,,160,,20.4
3471,11.5954,,160,,20.2
3472,11.5987,,160,,20
3473,11.6018,,160,,19.8
3474,11.6052,,160,,19.6
3475,11.6086,,161,,19.4
3476,11.6115,,161,,19.6
3477,11.6144,,161,,19.6
3478,11.617,,162,,19.6
3479,11.6198,,163,,19.6
3480,11.6227,,163,,19.6
3481,11.6256,,164,,19.6
3482,11.6286,,164,,19.6
3483,11.6315,,164,,19.6
3484,11.6344,,164,,19.8
3485,11.6375,,164,,19.8
3486,11.641,,164,,20.4
3487,11.6445,,164,,20.6
3488,11.6475,,165,,20.6
3489,11.6504,,165,,20.8
3490,11.6533,,165,,20.6
3491,11.6568,,166,,20.6
3492,11.6602,,166,,20.6
3493,11.6637,,166,,20.2
3494,11.6663,,166,,20.4
3495,11.6689,,166,,20.4
3496,11.6715,,166,,20.2
3497,11.6746,,167,,19.8
3498,11.6777,,167,,19.6
3499,11.6808,,167,,19.4
3500,11.6837,,167,,19.2
3501,11.6859,,168,,19.4
3502,11.6885,,168,,19.4
3503,11.6912,,168,,19.2
3504,11.6943,,169,,19.2
3505,11.6974,,169,,19.2
3506,11.7001,,169,,19.4
3507,11.7029,,168,,19.4
3508,11.7056,,168,,19.4
3509,11.7086,,169,,19.4
3510,11.7113,,169,,19.4
3511,11.7143,,169,,19.2
3512,11.7175,,169,,19
3513,11.7206,,169,,18.8
3514,11.7233,,168,,18.8
3515,11.7259,,168,,18.4
3516,11.7293,,168,,18.4
3517,11.7322,,167,,18
3518,11.7357,,167,,17.6
3519,11.7388,,167,,17.8
3520,11.7421,,167,,17.6
3521,11.7455,,166,,17.6
3522,11.7493,,164,,17.6
3523,11.7526,,162,,17.6
3524,11.7557,,162,,18.4
3525,11.759,,163,,18.2
3526,11.7623,,160,,18.8
3527,11.7654,,159,,19.2
3528,11.7681,,158,,19.6
3529,11.7709,,158,,19.6
3530,11.7738,,157,,19.4
3531,11.7769,,157,,19.8
3532,11.7815,,156,,19.8
3533,11.7857,,156,,20
3534,11.7893,,155,,20.2
3535,11.7935,,155,,20.2
3536,11.7974,,155,,20.6
3537,11.8006,,155,,20.8
3538,11.8046,,154,,20.6
3539,11.8081,,154,,20.6
3540,11.8115,,154,,20.6
3541,11.8151,,154,,20.4
3542,11.8182,,154,,20.4
3543,11.8214,,154,,20.4
3544,11.8253,,154,,20.4
3545,11.829,,153,,20.8
3546,11.8324,,154,,21.2
3547,11.8356,,154,,21.4
3548,11.8389,,153,,21.4
3549,11.8426,,153,,21
3550,11.846,,154,,21
3551,11.849,,154,,21.4
3552,11.8521,,153,,22.2
3553,11.8551,,154,,22.6
3554,11.8585,,153,,23.2
3555,11.8618,,153,,23.2
3556,11.865,,153,,23.4
3557,11.8681,,152,,24
3558,11.8708,,152,,24.4
3559,11.8728,,151,,24.8
3560,11.8737,,151,,24.8
3561,11.8744,,150,,24.6
3562,11.8758,,150,,24.8
3563,11.8781,,150,,25.2
3564,11.8807,,149,,25.4
3565,11.8842,,149,,25.6
3566,11.8879,,150,,25.6
3567,11.8918,,150,,25.8
3568,11.8956,,150,,26
3569,11.8993,,151,,26
3570,11.9028,,151,,26.2
3571,11.9064,,151,,26.4
3572,11.9102,,152,,26.6
3573,11.9137,,151,,27
3574,11.9166,,152,,27
3575,11.9197,,152,,27.2
3576,11.923,,152,,27.4
3577,11.9264,,152,,28
3578,11.9297,,152,,28.4
3579,11.9333,,152,,28.6
3580,11.9368,,152,,29
3581,11.9404,,152,,29
3582,11.9438,,153,,29.2
3583,11.9471,,153,,29
3584,11.9503,,153,,29
3585,11.9536,,153,,29.6
3586,11.957,,153,,29.6
3587,11.9604,,153,,30.2
3588,11.9636,,153,,30.2
3589,11.9664,,153,,30.6
3590,11.9693,,153,,30.6
3591,11.9722,,153,,31
3592,11.9754,,153,,31
3593,11.9782,,153,,31.2
3594,11.981,,153,,31.4
3595,11.9841,,154,,31.4
3596,11.9874,,154,,31.8
3597,11.9905,,154,,32.2
3598,11.9937,,154,,32.8
3599,11.997,,155,,33.2
3600,12.0001,,155,,33.4
3601,12.0036,,154,,33.4
3602,12.007,,154,,33.8
3603,12.0102,,154,,34.2
3604,12.0132,,154,,34.6
3605,12.0163,,154,,34.8
3606,12.0195,,155,,35
3607,12.0223,,155,,35.2
3608,12.0253,,155,,35.2
3609,12.0288,,155,,35.2
3610,12.032,,155,,35
3611,12.0351,,155,,35.2
3612,12.0385,,154,,35
3613,12.0414,,154,,34.6
3614,12.0442,,155,,34.6
3615,12.0469,,155,,34.6
3616,12.0501,,155,,35
3617,12.0532,,155,,35.4
3618,12.056,,155,,35.6
3619,12.0591,,155,,35.4
3620,12.0621,,155,,35.6
3621,12.0648,,155,,35.6
3622,12.068,,155,,35.4
3623,12.0713,,156,,35.2
3624,12.0743,,155,,35
3625,12.0775,,155,,34.8
3626,12.0807,,156,,34.4
3627,12.0838,,156,,34.6
3628,12.0873,,155,,34.4
3629,12.09,,155,,34.6
3630,12.0927,,156,,35.2
3631,12.0954,,156,,35.6
3632,12.0982,,156,,35.8
3633,12.1011,,156,,36.4
3634,12.1041,,155,,37
3635,12.1071,,155,,37
3636,12.1104,,155,,37
3637,12.1135,,155,,36.8
3638,12.1166,,155,,36.4
3639,12.1198,,154,,36
3640,12.1227,,154,,35.8
3641,12.1258,,154,,36
3642,12.129,,154,,36
3643,12.1323,,154,,36.2
3644,12.1355,,154,,36.4
3645,12.1388,,154,,36.4
3646,12.1422,,154,,36.4
3647,12.1453,,153,,36.2
3648,12.1483,,154,,36.4
3649,12.1514,,153,,36.4
3650,12.1544,,153,,36.2
3651,12.1575,,153,,36
3652,12.1607,,153,,36.2
3653,12.1639,,153,,36.2
3654,12.1674,,153,,36.4
3655,12.1708,,153,,36.4
3656,12.1738,,153,,36.4
3657,12.1764,,152,,36.2
3658,12.1795,,153,,36.2
3659,12.1824,,153,,36
3660,12.1855,,153,,36
3661,12.1883,,152,,35.8
3662,12.1908,,153,,35.4
3663,12.1932,,153,,35.2
3664,12.1955,,152,,34.8
3665,12.198,,152,,34.2
3666,12.2004,,152,,34
3667,12.2026,,152,,33.8
3668,12.2049,,152,,33.8
3669,12.207,,152,,33.6
3670,12.2091,,152,,33.6
3671,12.2114,,152,,33.6
3672,12.2138,,152,,33.2
3673,12.2164,,151,,33
3674,12.2191,,151,,32.6
3675,12.2219,,151,,32.2
3676,12.2243,,151,,32
3677,12.2268,,151,,31.8
3678,12.2292,,151,,31.4
3679,12.2311,,151,,31.2
3680,12.2329,,151,,31
3681,12.2352,,151,,31
3682,12.2378,,151,,31
3683,12.2405,,151,,31.2
3684,12.244,,151,,31
3685,12.2477,,151,,30.8
3686,12.2512,,151,,30.4
3687,12.2551,,152,,30.2
3688,12.2587,,152,,29.8
3689,12.2618,,152,,29.4
3690,12.2647,,152,,29.4
3691,12.2679,,152,,29.6
3692,12.2709,,152,,29.2
3693,12.2741,,153,,28.8
3694,12.2772,,153,,28.6
3695,12.2805,,153,,28.4
3696,12.284,,152,,28.2
3697,12.2877,,152,,28.2
3698,12.292,,152,,28.2
3699,12.2954,,152,,28.4
3700,12.299,,152,,28.6
3701,12.3024,,152,,28.6
3702,12.3057,,152,,28.2
3703,12.309,,153,,27.8
3704,12.3123,,152,,27.8
3705,12.3156,,152,,27.6
3706,12.319,,152,,27.6
3707,12.322,,152,,27.8
3708,12.3253,,151,,27.8
3709,12.3286,,151,,27.6
3710,12.3318,,151,,27.6
3711,12.3344,,151,,27.4
3712,12.3371,,151,,27.4
3713,12.3398,,150,,27.6
3714,12.3432,,150,,27.4
3715,12.3458,,151,,27.2
3716,12.348,,150,,27
3717,12.3505,,150,,27
3718,12.3529,,150,,26.8
3719,12.3555,,150,,27
3720,12.3594,,151,,26.8
3721,12.3631,,150,,26.6
3722,12.3664,,151,,26.6
3723,12.3696,,151,,26.6
3724,12.3739,,151,,26.2
3725,12.3778,,150,,25.8
3726,12.381,,151,,25.8
3727,12.3838,,151,,26
3728,12.3866,,150,,26
3729,12.3897,,150,,26.2
3730,12.3924,,150,,26.6
3731,12.3948,,150,,26.6
3732,12.3972,,151,,26.8
3733,12.4004,,150,,26.6
3734,12.4031,,150,,26.6
3735,12.4068,,150,,26
3736,12.4101,,149,,25.4
3737,12.4139,,149,,24.8
3738,12.4179,,149,,24.2
3739,12.421,,149,,23.4
3740,12.4246,,149,,22.6
3741,12.4279,,148,,21.8
3742,12.4314,,148,,21.4
3743,12.4348,,148,,21.6
3744,12.4379,,148,,21.6
3745,12.4407,,148,,22
3746,12.443,,148,,22
3747,12.4459,,148,,22
3748,12.4493,,148,,22
3749,12.4525,,148,,22
3750,12.4559,,148,,22
3751,12.459,,147,,21.8
3752,12.4624,,147,,22
3753,12.4663,,147,,22.2
3754,12.4702,,147,,22.6
3755,12.474,,147,,22.4
3756,12.4774,,147,,22
3757,12.481,,148,,22
3758,12.4847,,147,,21.8
3759,12.4881,,147,,22
3760,12.4916,,147,,21.8
3761,12.495,,147,,21.8
3762,12.4983,,147,,21.8
3763,12.502,,147,,22
3764,12.5057,,147,,22
3765,12.5092,,147,,22.2
3766,12.5125,,148,,22.2
3767,12.5157,,149,,22
3768,12.5187,,148,,21.8
3769,12.5219,,148,,21.4
3770,12.525,,148,,21.2
3771,12.5279,,148,,21.2
3772,12.5309,,148,,21.2
3773,12.5339,,148,,21.2
3774,12.5367,,147,,21.4
3775,12.5396,,147,,21.4
3776,12.5429,,147,,21.4
3777,12.5461,,147,,21.8
3778,12.549,,148,,22
3779,12.5513,,148,,22.2
3780,12.5539,,148,,22.6
3781,12.5571,,148,,23.4
3782,12.5602,,147,,23.8
3783,12.5635,,147,,24.2
3784,12.5668,,147,,24.2
3785,12.5701,,147,,24.4
3786,12.5732,,147,,24.6
3787,12.5761,,148,,24.6
3788,12.5792,,148,,24.4
3789,12.5823,,148,,24.8
3790,12.5851,,149,,24.8
3791,12.588,,149,,24.8
3792,12.5906,,149,,24.8
3793,12.5935,,149,,24.8
3794,12.5964,,149,,24.4
3795,12.5991,,149,,24.4
3796,12.6019,,149,,24.2
3797,12.6046,,149,,24.2
3798,12.6075,,149,,24
3799,12.6104,,148,,23.6
3800,12.6133,,148,,23.4
3801,12.6163,,148,,23.6
3802,12.6204,,148,,25
3803,12.6239,,148,,25.2
3804,12.6271,,148,,25.2
3805,12.6302,,147,,24.8
3806,12.6336,,148,,24.6
3807,12.6369,,147,,23.8
3808,12.6404,,147,,23.8
3809,12.6437,,147,,23.8
3810,12.647,,147,,23.8
3811,12.6501,,147,,24
3812,12.6535,,147,,23.8
3813,12.6563,,147,,24
3814,12.6591,,147,,24
3815,12.6622,,147,,24
3816,12.6655,,147,,23.8
3817,12.6684,,147,,23.8
3818,12.6715,,147,,23.8
3819,12.6748,,147,,23.2
3820,12.6779,,147,,23.2
3821,12.6809,,147,,22.8
3822,12.6839,,147,,22.6
3823,12.6872,,147,,22.4
3824,12.69,,148,,22.6
3825,12.6929,,148,,22.6
3826,12.6959,,148,,22.4
3827,12.6988,,148,,22.6
3828,12.7019,,148,,22.4
3829,12.7049,,149,,22.4
3830,12.7078,,149,,21.8
3831,12.7109,,149,,21.6
3832,12.7138,,149,,21.6
3833,12.7172,,150,,21.8
3834,12.7205,,149,,21.6
3835,12.7241,,150,,21.6
3836,12.7274,,149,,21.6
3837,12.7306,,150,,21.2
3838,12.7335,,150,,21.2
3839,12.7366,,150,,20.6
3840,12.7396,,150,,20.4
3841,12.7425,,150,,20.8
3842,12.7454,,150,,21.2
3843,12.7486,,151,,21.4
3844,12.752,,151,,21.6
3845,12.7549,,151,,22
3846,12.7576,,151,,22.6
3847,12.76,,151,,23.2
3848,12.7627,,151,,22.8
3849,12.7655,,151,,22.6
3850,12.7686,,151,,22.4
3851,12.7713,,151,,23.2
3852,12.7736,,150,,23.2
3853,12.7759,,150,,23.6
3854,12.7788,,151,,24
3855,12.7817,,151,,24.4
3856,12.7846,,151,,25
3857,12.7873,,151,,25.6
3858,12.7899,,150,,26.2
3859,12.7927,,150,,26.6
3860,12.7955,,150,,26.6
3861,12.7983,,150,,27
3862,12.8014,,150,,26.8
3863,12.8045,,151,,26.6
3864,12.808,,151,,27.4
3865,12.8113,,151,,26.4
3866,12.8141,,150,,25.8
3867,12.8173,,150,,25
3868,12.8206,,150,,24.6
3869,12.8241,,151,,24.6
3870,12.8274,,151,,24.6
3871,12.8306,,151,,24.6
3872,12.8335,,152,,24.6
3873,12.8367,,152,,24
3874,12.8401,,152,,23.4
3875,12.8436,,152,,23
3876,12.8469,,152,,22.4
3877,12.8503,,152,,22.2
3878,12.8532,,153,,22.2
3879,12.8562,,152,,22
3880,12.8591,,153,,22
3881,12.8618,,153,,21.8
3882,12.8648,,153,,21.2
3883,12.8672,,153,,22.6
3884,12.8702,,151,,22.4
3885,12.8732,,151,,21.8
3886,12.8766,,152,,21.8
3887,12.8792,,152,,22.4
3888,12.8817,,152,,23.6
3889,12.8842,,152,,24.6
3890,12.8868,,152,,25.6
3891,12.8897,,152,,26.6
3892,12.8926,,152,,27.6
3893,12.8956,,152,,28
3894,12.8985,,152,,29
3895,12.9017,,152,,30
3896,12.9057,,152,,30.8
3897,12.9087,,152,,31.4
3898,12.9115,,152,,31.8
3899,12.914,,152,,32
3900,12.9172,,152,,31.8
3901,12.9201,,152,,32.4
3902,12.9232,,151,,32.4
3903,12.9268,,151,,32.6
3904,12.93,,151,,32.2
3905,12.9336,,151,,32.4
3906,12.9369,,151,,32.4
3907,12.9401,,151,,32.4
3908,12.9436,,151,,32.2
3909,12.9467,,150,,32.6
3910,12.95,,150,,32.6
3911,12.9532,,150,,32.6
3912,12.9562,,150,,33
3913,12.9597,,150,,32.6
3914,12.9629,,150,,32.8
3915,12.9657,,150,,33
3916,12.9686,,150,,33.4
3917,12.9712,,150,,33.4
3918,12.9742,,150,,33.2
3919,12.9767,,150,,33.6
3920,12.9796,,150,,33.6
3921,12.9825,,151,,33.8
3922,12.9856,,151,,33.8
3923,12.9885,,151,,33.6
3924,12.9912,,151,,34
3925,12.9942,,151,,34
3926,12.9973,,151,,33.8
3927,12.9998,,151,,33.8
3928,13.0025,,151,,33.6
3929,13.0049,,151,,33.8
3930,13.0073,,151,,33.6
3931,13.0103,,151,,33.4
3932,13.0131,,151,,33
3933,13.0158,,151,,32.8
3934,13.0189,,151,,32.6
3935,13.0225,,151,,31.6
3936,13.0259,,151,,31.2
3937,13.0294,,151,,30.4
3938,13.033,,151,,30
3939,13.0365,,151,,29.8
3940,13.0399,,151,,30
3941,13.0433,,151,,29.8
3942,13.0465,,151,,29.6
3943,13.0501,,151,,30.4
3944,13.0539,,151,,30
3945,13.0571,,151,,29.6
3946,13.0608,,151,,29.8
3947,13.0641,,151,,29.2
3948,13.0679,,151,,29.2
3949,13.0712,,151,,29
3950,13.0739,,151,,28.4
3951,13.0775,,151,,28.4
3952,13.0808,,151,,28
3953,13.0838,,151,,28
3954,13.0871,,151,,27.6
3955,13.0901,,151,,27.4
3956,13.0932,,151,,27.2
3957,13.0959,,151,,27.4
3958,13.0987,,151,,27.2
3959,13.1019,,151,,27
3960,13.1049,,152,,26.6
3961,13.1081,,152,,26.4
3962,13.111,,153,,26.2
3963,13.1139,,153,,26
3964,13.1175,,153,,25.6
3965,13.1207,,153,,26.2
3966,13.1236,,153,,26
3967,13.1264,,153,,25.4
3968,13.129,,154,,25.6
3969,13.1322,,153,,25.2
3970,13.1356,,154,,25.2
3971,13.1388,,154,,25.2
3972,13.1415,,155,,25
3973,13.1443,,155,,25.2
3974,13.1474,,155,,24.8
3975,13.1506,,155,,24.8
3976,13.1536,,155,,24.6
3977,13.1566,,155,,24.4
3978,13.1596,,155,,24.2
3979,13.1626,,155,,24.4
3980,13.1656,,154,,24.4
3981,13.1687,,155,,24.4
3982,13.1715,,155,,24.8
3983,13.1742,,155,,24.4
3984,13.1775,,154,,24.6
3985,13.1806,,154,,24.8
3986,13.1837,,154,,24.8
3987,13.1869,,154,,24.6
3988,13.1901,,154,,24.6
3989,13.1936,,155,,24.8
3990,13.1971,,155,,24.8
3991,13.2008,,155,,24.6
3992,13.2044,,156,,24.8
3993,13.2079,,155,,24.4
3994,13.2108,,155,,24.4
3995,13.2139,,155,,24.2
3996,13.2172,,155,,23.8
3997,13.2203,,155,,23.6
3998,13.2233,,155,,23.6
3999,13.2267,,154,,23.4
4000,13.2296,,154,,23.8
4001,13.2328,,155,,23.2
4002,13.2355,,154,,23.8
4003,13.2389,,154,,23.6
4004,13.2423,,154,,23.8
4005,13.2456,,154,,24
4006,13.249,,154,,24.2
4007,13.2521,,154,,24.4
4008,13.2555,,153,,24.2
4009,13.2586,,154,,24.2
4010,13.2614,,154,,24.2
4011,13.2651,,153,,24
4012,13.2685,,153,,24
4013,13.2717,,153,,24
4014,13.2746,,153,,24.2
4015,13.2777,,153,,24
4016,13.2805,,153,,23.8
4017,13.2838,,153,,24
4018,13.2871,,153,,24
4019,13.2901,,153,,24.2
4020,13.2934,,152,,24
4021,13.2968,,152,,23.8
4022,13.3003,,151,,23.6
4023,13.3037,,151,,23.6
4024,13.3068,,151,,23.2
4025,13.3103,,151,,22.8
4026,13.3138,,151,,22.6
4027,13.3168,,151,,22.4
4028,13.3194,,151,,22.2
4029,13.3225,,151,,22
4030,13.3252,,151,,22
4031,13.328,,150,,21.8
4032,13.331,,150,,21.8
4033,13.3342,,150,,21.4
4034,13.3369,,150,,21.4
4035,13.3396,,150,,21.6
4036,13.3428,,149,,21.8
4037,13.346,,150,,21.8
4038,13.3488,,149,,22
4039,13.3524,,150,,22
4040,13.3558,,150,,22.2
4041,13.3591,,150,,22.2
4042,13.362,,149,,22.4
4043,13.3648,,149,,22.2
4044,13.3679,,149,,22
4045,13.3709,,149,,22
4046,13.3743,,149,,21.8
4047,13.3771,,149,,21.8
4048,13.3795,,149,,21.8
4049,13.3825,,150,,21.8
4050,13.3857,,149,,21.8
4051,13.3888,,150,,21.6
4052,13.3923,,149,,21.4
4053,13.3954,,150,,21.2
4054,13.399,,150,,20.8
4055,13.4023,,150,,20.8
4056,13.4054,,151,,20.8
4057,13.4083,,151,,20.6
4058,13.4113,,151,,20.8
4059,13.4145,,151,,21
4060,13.4178,,151,,21.2
4061,13.4209,,151,,21.4
4062,13.4236,,151,,21.4
4063,13.4263,,150,,21.2
4064,13.4291,,150,,21.2
4065,13.4326,,149,,21
4066,13.4356,,149,,21
4067,13.4385,,149,,21.4
4068,13.4414,,149,,22
4069,13.4442,,149,,22.2
4070,13.4476,,148,,22.2
4071,13.4511,,149,,22.6
4072,13.4544,,148,,22.8
4073,13.458,,148,,23.2
4074,13.4612,,147,,23.2
4075,13.4642,,148,,23.2
4076,13.4674,,148,,23.2
4077,13.4703,,147,,23
4078,13.473,,147,,23
4079,13.4762,,147,,22.6
4080,13.4792,,147,,22.4
4081,13.483,,147,,22.4
4082,13.4863,,147,,22.4
4083,13.4891,,148,,22.4
4084,13.4919,,148,,22.2
4085,13.4952,,148,,22.4
4086,13.4985,,148,,22.2
4087,13.502,,148,,22.4
4088,13.5053,,148,,22.6
4089,13.5088,,148,,22.6
4090,13.5121,,148,,22.6
4091,13.515,,148,,22.4
4092,13.5181,,147,,22.4
4093,13.5215,,147,,22.6
4094,13.5246,,147,,22.6
4095,13.5278,,147,,22.8
4096,13.5312,,147,,22.6
4097,13.5343,,146,,23
4098,13.5374,,146,,23.2
4099,13.5406,,146,,23.6
4100,13.5437,,146,,24
4101,13.5465,,146,,24.2
4102,13.5494,,146,,24.6
4103,13.5526,,146,,24.8
4104,13.5559,,146,,25.2
4105,13.5589,,146,,25.6
4106,13.562,,145,,26.2
4107,13.565,,145,,26.6
4108,13.5684,,146,,26.8
4109,13.5717,,146,,27
4110,13.5747,,146,,27.8
4111,13.5778,,146,,28.6
4112,13.5809,,146,,28.8
4113,13.5842,,145,,29
4114,13.5875,,146,,29.2
4115,13.5909,,146,,29.4
4116,13.5943,,146,,30.4
4117,13.5974,,146,,31.4
4118,13.6005,,147,,31.8
4119,13.6034,,147,,32.6
4120,13.6064,,147,,32.8
4121,13.6095,,147,,33
4122,13.6125,,147,,33.2
4123,13.6154,,148,,33.6
4124,13.6185,,148,,34.2
4125,13.6212,,148,,34.4
4126,13.6239,,147,,34.8
4127,13.6269,,147,,35.6
4128,13.6297,,147,,36
4129,13.6327,,147,,36.8
4130,13.6359,,147,,37
4131,13.6391,,148,,37.8
4132,13.6424,,148,,38.4
4133,13.6455,,149,,38.8
4134,13.6487,,149,,39.4
4135,13.6519,,148,,39.4
4136,13.6553,,148,,39.4
4137,13.6584,,149,,39.8
4138,13.6615,,148,,39.6
4139,13.6646,,148,,39.4
4140,13.6678,,148,,39.6
4141,13.6706,,148,,40.2
4142,13.6736,,149,,40.2
4143,13.6769,,149,,40.2
4144,13.6795,,148,,40.4
4145,13.6827,,148,,41
4146,13.686,,148,,40.8
4147,13.6892,,148,,41
4148,13.6924,,149,,41
4149,13.6957,,149,,40.8
4150,13.6991,,149,,41.2
4151,13.7018,,149,,41.2
4152,13.7048,,149,,41
4153,13.7077,,148,,41.4
4154,13.7107,,149,,41.2
4155,13.7141,,149,,41.2
4156,13.7176,,149,,41.2
4157,13.7208,,149,,41.2
4158,13.7236,,149,,41.4
4159,13.7267,,148,,41.6
4160,13.73,,149,,41.6
4161,13.7331,,149,,41.8
4162,13.7361,,149,,41.8
4163,13.74,,150,,40.8
4164,13.7432,,149,,40.8
4165,13.7458,,149,,41.4
4166,13.749,,149,,41.4
4167,13.7527,,150,,41.2
4168,13.7566,,149,,41
4169,13.7601,,149,,40.8
4170,13.7632,,149,,41.2
4171,13.7664,,149,,41.4
4172,13.7695,,148,,41.2
4173,13.7727,,148,,41.4
4174,13.7761,,148,,41.4
4175,13.7792,,148,,41.4
4176,13.7824,,149,,41.2
4177,13.7855,,149,,41.4
4178,13.7884,,149,,41.6
4179,13.7913,,150,,41.8
4180,13.794,,150,,42
4181,13.7966,,151,,42.4
4182,13.7995,,151,,42.4
4183,13.8025,,151,,42.4
4184,13.8057,,151,,42.8
4185,13.8088,,151,,42.4
4186,13.8121,,151,,42.6
4187,13.8152,,152,,42.8
4188,13.8183,,151,,42.8
4189,13.8216,,152,,42.8
4190,13.8249,,151,,42.4
4191,13.8281,,152,,42.2
4192,13.8313,,151,,42.2
4193,13.8344,,151,,42
4194,13.8377,,151,,42.2
4195,13.8406,,151,,42.4
4196,13.8434,,151,,42
4197,13.8467,,151,,41.4
4198,13.8498,,151,,41.2
4199,13.8532,,152,,40.6
4200,13.8567,,152,,40
4201,13.8595,,152,,39.4
4202,13.8625,,152,,39
4203,13.8655,,152,,38.8
4204,13.8684,,152,,38.4
4205,13.8714,,152,,37.8
4206,13.8746,,152,,38.4
4207,13.878,,152,,39
4208,13.8815,,152,,39.4
4209,13.8849,,152,,39.6
4210,13.8881,,152,,39.6
4211,13.8914,,151,,39.6
4212,13.8948,,152,,39.4
4213,13.8982,,151,,39.6
4214,13.9015,,151,,39.4
4215,13.9043,,151,,38.4
4216,13.9075,,151,,38.4
4217,13.9108,,151,,38.6
4218,13.9141,,150,,38.6
4219,13.9174,,151,,39
4220,13.9205,,150,,39
4221,13.9239,,150,,39.2
4222,13.9271,,150,,39.2
4223,13.9304,,150,,39.2
4224,13.9339,,151,,39.6
4225,13.9372,,151,,39.8
4226,13.9405,,151,,39.8
4227,13.9434,,150,,39.8
4228,13.946,,150,,40
4229,13.9481,,149,,40.4
4230,13.9499,,149,,41.2
4231,13.9515,,148,,41.6
4232,13.9525,,147,,41.8
4233,13.9529,,146,,41.8
4234,13.9544,,146,,41.8
4235,13.9566,,147,,41.6
4236,13.9593,,146,,41.2
4237,13.9623,,146,,41.2
4238,13.9655,,147,,41.2
4239,13.9684,,146,,41
4240,13.9718,,147,,41
4241,13.9754,,147,,41.2
4242,13.9787,,147,,41.2
4243,13.9823,,147,,41
4244,13.9854,,147,,40.8
4245,13.9889,,147,,40.6
4246,13.9921,,147,,40.2
4247,13.9952,,147,,40
4248,13.9985,,147,,40
4249,14.0017,,147,,39.8
4250,14.0045,,147,,39.6
4251,14.0076,,147,,39.6
4252,14.0106,,147,,39.4
4253,14.0138,,147,,39.2
4254,14.017,,148,,39.2
4255,14.0201,,148,,38.8
4256,14.0233,,148,,39
4257,14.0265,,148,,38.6
4258,14.0294,,148,,38.6
4259,14.0325,,148,,38.4
4260,14.0356,,148,,38.4
4261,14.0387,,148,,38.6
4262,14.042,,148,,38.4
4263,14.0451,,147,,38.2
4264,14.0482,,147,,38.4
4265,14.0514,,146,,38.4
4266,14.0546,,146,,38.6
4267,14.0576,,147,,38.6
4268,14.0607,,146,,38.4
4269,14.0635,,146,,38.2
4270,14.0664,,146,,38
4271,14.07,,146,,38
4272,14.0732,,146,,38.2
4273,14.0764,,146,,38.4
4274,14.0797,,146,,38.4
4275,14.0828,,146,,38.6
4276,14.0859,,146,,38.6
4277,14.0891,,146,,38.8
4278,14.0924,,147,,38.8
4279,14.0955,,146,,38.8
4280,14.0984,,147,,39
4281,14.1015,,147,,39
4282,14.1048,,147,,38.8
4283,14.1077,,147,,38.8
4284,14.1108,,147,,39
4285,14.114,,147,,38.6
4286,14.1169,,148,,38.2
4287,14.1199,,148,,38
4288,14.123,,148,,38
4289,14.1261,,148,,38
4290,14.1292,,148,,37.6
4291,14.1324,,148,,37.6
4292,14.1357,,148,,37.8
4293,14.1388,,148,,37.6
4294,14.1419,,149,,37.8
4295,14.1452,,148,,37.8
4296,14.1484,,148,,37.4
4297,14.1513,,148,,37.6
4298,14.1543,,148,,37.2
4299,14.1572,,148,,36.8
4300,14.1605,,149,,36.8
4301,14.1635,,149,,36.4
4302,14.1665,,149,,36.2
4303,14.1693,,149,,36
4304,14.1721,,149,,35.6
4305,14.1749,,149,,35.6
4306,14.178,,149,,35.4
4307,14.1812,,148,,35
4308,14.1843,,148,,34.8
4309,14.1874,,148,,34.4
4310,14.1904,,148,,34.2
4311,14.1935,,149,,33.8
4312,14.1965,,148,,33.6
4313,14.1996,,148,,33.2
4314,14.2027,,148,,32.6
4315,14.2061,,148,,32.2
4316,14.2092,,148,,31.8
4317,14.2121,,148,,31.4
4318,14.215,,148,,31.4
4319,14.218,,148,,31
4320,14.2212,,148,,30.8
4321,14.2245,,148,,30.4
4322,14.2279,,149,,30.2
4323,14.2311,,149,,29.8
4324,14.2342,,149,,30
4325,14.2373,,149,,30
4326,14.2408,,149,,30
4327,14.2442,,150,,30
4328,14.2476,,150,,30
4329,14.2508,,150,,30
4330,14.2541,,150,,30.2
4331,14.2577,,150,,29.8
4332,14.2612,,150,,29.4
4333,14.2646,,150,,29
4334,14.2679,,150,,28.8
4335,14.2714,,151,,28.8
4336,14.2749,,150,,28.8
4337,14.2781,,151,,28.6
4338,14.2814,,151,,28.8
4339,14.2846,,151,,29.2
4340,14.2878,,151,,29
4341,14.2911,,152,,29
4342,14.2943,,151,,29.2
4343,14.2977,,152,,29.4
4344,14.3008,,151,,29.4
4345,14.3038,,151,,29.6
4346,14.3068,,151,,29.6
4347,14.31,,151,,30
4348,14.3132,,151,,30
4349,14.3163,,151,,30
4350,14.3193,,151,,29.6
4351,14.3225,,151,,29.6
4352,14.3256,,150,,29.6
4353,14.3287,,150,,29.4
4354,14.3319,,151,,29.6
4355,14.3349,,151,,29.6
4356,14.3379,,151,,29.8
4357,14.3409,,151,,30
4358,14.344,,151,,30
4359,14.3473,,151,,30
4360,14.3504,,152,,29.8
4361,14.3533,,152,,29.8
4362,14.3563,,152,,30.2
4363,14.3592,,152,,30.6
4364,14.3622,,153,,30.8
4365,14.3651,,153,,30.8
4366,14.3681,,153,,31
4367,14.3712,,152,,31.4
4368,14.3744,,153,,31.6
4369,14.3776,,152,,31.6
4370,14.3807,,153,,32.2
4371,14.3838,,153,,32.4
4372,14.3869,,152,,32.6
4373,14.39,,152,,32.8
4374,14.3931,,152,,32.8
4375,14.3963,,152,,33
4376,14.3994,,152,,33.6
4377,14.4023,,152,,33.4
4378,14.4053,,153,,33.2
4379,14.4081,,152,,33.6
4380,14.4112,,153,,33.8
4381,14.4146,,153,,33.6
4382,14.4178,,153,,33.6
4383,14.4208,,153,,33.4
4384,14.4239,,152,,33.2
4385,14.4273,,152,,33.2
4386,14.4303,,153,,33.2
4387,14.4332,,153,,33.4
4388,14.4362,,153,,33.4
4389,14.4388,,153,,33.8
4390,14.4416,,153,,33.6
4391,14.4447,,153,,33.8
4392,14.448,,153,,34
4393,14.4513,,153,,34.2
4394,14.4544,,153,,34.6
4395,14.4576,,153,,34.8
4396,14.4606,,153,,35
4397,14.4635,,154,,35.4
4398,14.4667,,153,,35.4
4399,14.4701,,154,,35.4
4400,14.4735,,153,,35.4
4401,14.4771,,154,,35.4
4402,14.4807,,153,,35.4
4403,14.4838,,153,,35.6
4404,14.4868,,153,,35.8
4405,14.4901,,154,,35.6
4406,14.4937,,154,,35.6
4407,14.4974,,153,,36.6
4408,14.501,,153,,36.8
4409,14.5043,,153,,36.8
4410,14.5075,,154,,37.4
4411,14.5106,,153,,37.6
4412,14.5138,,154,,37.8
4413,14.517,,153,,37.8
4414,14.5201,,153,,37.8
4415,14.5233,,154,,37.6
4416,14.5267,,153,,37.2
4417,14.5302,,153,,37.8
4418,14.5339,,153,,38
4419,14.5375,,153,,38
4420,14.541,,153,,38.2
4421,14.5444,,153,,38.4
4422,14.5477,,153,,38.4
4423,14.5509,,152,,38.2
4424,14.5543,,152,,38.2
4425,14.5576,,152,,38.2
4426,14.5611,,152,,38
4427,14.5643,,151,,38.2
4428,14.5676,,151,,38.2
4429,14.5711,,151,,38.4
4430,14.5746,,152,,38.6
4431,14.5776,,153,,38.8
4432,14.5806,,152,,38.8
4433,14.5837,,151,,38.8
4434,14.5867,,152,,39.2
4435,14.5899,,152,,39
4436,14.5933,,153,,39
4437,14.5968,,153,,39.2
4438,14.6001,,153,,39
4439,14.603,,153,,39
4440,14.606,,154,,39.2
4441,14.6092,,154,,39.2
4442,14.6125,,154,,39.4
4443,14.6155,,153,,39.2
4444,14.6185,,153,,39.4
4445,14.6217,,153,,39.4
4446,14.6249,,153,,39.4
4447,14.6279,,153,,39.6
4448,14.631,,153,,39.8
4449,14.6341,,153,,40.2
4450,14.637,,153,,40.2
4451,14.6397,,153,,40.2
4452,14.6428,,153,,40.6
4453,14.6461,,153,,40.2
4454,14.649,,153,,40.4
4455,14.6518,,153,,40.2
4456,14.6546,,152,,40.2
4457,14.6577,,152,,40
4458,14.6609,,152,,40
4459,14.6641,,152,,40
4460,14.6674,,152,,39.8
4461,14.6708,,152,,39.8
4462,14.6741,,151,,39.8
4463,14.6772,,151,,39.6
4464,14.6801,,151,,39.6
4465,14.6833,,152,,39.6
4466,14.6866,,152,,39.4
4467,14.6898,,151,,39.2
4468,14.6929,,151,,39
4469,14.696,,152,,39
4470,14.6991,,151,,39
4471,14.7024,,151,,38.6
4472,14.7054,,151,,38.4
4473,14.7083,,151,,38.2
4474,14.7113,,151,,38.4
4475,14.7143,,151,,38.4
4476,14.7176,,151,,38.2
4477,14.7209,,150,,38.4
4478,14.7237,,150,,38.6
4479,14.7269,,150,,38.6
4480,14.7303,,150,,39.4
4481,14.7335,,150,,39.8
4482,14.7366,,150,,40
4483,14.7397,,150,,40
4484,14.7429,,150,,40
4485,14.7457,,150,,40.8
4486,14.7488,,149,,40.6
4487,14.7518,,149,,40.6
4488,14.7547,,149,,40.4
4489,14.7583,,149,,40.6
4490,14.7617,,149,,40.6
4491,14.765,,149,,40.8
4492,14.7683,,150,,40.6
4493,14.7707,,150,,42.2
4494,14.7736,,150,,43
4495,14.7769,,150,,43.2
4496,14.7803,,150,,43.8
4497,14.7835,,150,,44.2
4498,14.7867,,150,,44.2
4499,14.7894,,149,,45
4500,14.7917,,150,,47.4
4501,14.7943,,149,,48.4
4502,14.7973,,149,,48.4
4503,14.8003,,149,,48.8
4504,14.803,,149,,49.2
4505,14.8063,,149,,49.4
4506,14.8095,,149,,49.6
4507,14.8128,,149,,49.8
4508,14.8158,,149,,51
4509,14.8189,,149,,51
4510,14.8222,,149,,51.4
4511,14.8257,,149,,51.2
4512,14.8281,,149,,51
4513,14.8314,,149,,51.6
4514,14.8348,,149,,51.8
4515,14.8384,,149,,52
4516,14.8418,,149,,51.6
4517,14.8453,,149,,52.2
4518,14.8486,,149,,52.6
4519,14.8513,,149,,52.4
4520,14.8549,,149,,52.6
4521,14.8585,,149,,52.6
4522,14.8615,,149,,52.4
4523,14.8649,,149,,52.4
4524,14.8678,,149,,52.2
4525,14.8709,,149,,52
4526,14.8741,,149,,52
4527,14.877,,148,,51.8
4528,14.8803,,149,,51.8
4529,14.8837,,148,,51.8
4530,14.8868,,149,,51.6
4531,14.89,,148,,51.6
4532,14.8928,,148,,51
4533,14.8959,,148,,51
4534,14.8989,,148,,50.6
4535,14.9022,,148,,50.2
4536,14.9055,,148,,50.2
4537,14.9086,,148,,49.8
4538,14.9114,,148,,49.8
4539,14.9138,,148,,49.4
4540,14.9166,,148,,49.6
4541,14.9195,,148,,50
4542,14.9231,,148,,49
4543,14.9265,,148,,49
4544,14.9295,,148,,48.8
4545,14.9328,,148,,48.8
4546,14.9363,,148,,49.4
4547,14.9396,,147,,49.4
4548,14.943,,148,,49.6
4549,14.9462,,148,,50
4550,14.9495,,148,,50
4551,14.9528,,147,,50.2
4552,14.9557,,148,,50
4553,14.9588,,148,,50
4554,14.962,,147,,50.2
4555,14.9649,,148,,50.2
4556,14.9681,,147,,50.6
4557,14.971,,148,,50.4
4558,14.9741,,147,,50.6
4559,14.977,,148,,50.6
4560,14.98,,147,,50.6
4561,14.9834,,148,,50.6
4562,14.9865,,148,,50.4
4563,14.9898,,148,,50.4
4564,14.9931,,148,,50.4
4565,14.9961,,148,,50
4566,14.9994,,148,,49.8
4567,15.0026,,148,,49.8
4568,15.0058,,149,,49.6
4569,15.0089,,148,,49
4570,15.0119,,148,,49
4571,15.0151,,148,,49
4572,15.018,,148,,48.4
4573,15.0213,,148,,48.4
4574,15.0245,,148,,48.4
4575,15.0278,,148,,48.6
4576,15.031,,147,,48.4
4577,15.0341,,148,,48.2
4578,15.0373,,148,,48
4579,15.0406,,148,,48
4580,15.044,,148,,48.2
4581,15.0473,,148,,48.4
4582,15.0503,,148,,48.6
4583,15.0535,,149,,49.2
4584,15.0568,,149,,49.4
4585,15.0598,,149,,50
4586,15.0629,,149,,50.2
4587,15.0657,,149,,50.4
4588,15.0689,,148,,50.8
4589,15.0723,,148,,50.6
4590,15.0756,,148,,50.6
4591,15.0789,,148,,50.4
4592,15.0819,,149,,50.2
4593,15.0851,,149,,50.2
4594,15.0884,,149,,50
4595,15.0912,,149,,49.4
4596,15.0944,,149,,49.4
4597,15.0978,,149,,49.4
4598,15.1013,,149,,49.6
4599,15.1048,,149,,49.6
4600,15.1076,,149,,49.6
4601,15.1109,,149,,49.4
4602,15.1139,,149,,49.6
4603,15.1168,,149,,49.8
4604,15.1198,,149,,49.8
4605,15.1228,,149,,49.6
4606,15.1259,,149,,49.6
4607,15.1288,,150,,49.4
4608,15.132,,150,,49.2
4609,15.1355,,150,,49
4610,15.1387,,150,,49
4611,15.1433,,150,,47.8
4612,15.1465,,150,,47.8
4613,15.1504,,151,,46.6
4614,15.1537,,151,,46.6
4615,15.1572,,150,,45.6
4616,15.1604,,150,,45.4
4617,15.1641,,150,,44.4
4618,15.1676,,151,,43.6
4619,15.171,,151,,43
4620,15.1746,,152,,41.8
4621,15.1779,,152,,42
4622,15.1813,,151,,41
4623,15.1848,,151,,40.4
4624,15.188,,151,,40.4
4625,15.1914,,151,,40.2
4626,15.1947,,151,,40
4627,15.1976,,152,,39.8
4628,15.2008,,151,,39.4
4629,15.2042,,151,,39.8
4630,15.2075,,150,,39
4631,15.2109,,151,,38.8
4632,15.214,,151,,38.4
4633,15.2175,,151,,38
4634,15.2208,,151,,38
4635,15.2241,,151,,37.8
4636,15.2276,,151,,37.6
4637,15.2307,,151,,37.4
4638,15.2342,,152,,37.2
4639,15.2376,,152,,37.6
4640,15.241,,152,,37.8
4641,15.2443,,152,,37.8
4642,15.2476,,152,,37.8
4643,15.2509,,152,,38.2
4644,15.254,,153,,37.6
4645,15.257,,153,,38
4646,15.2603,,153,,38
4647,15.2635,,153,,38.4
4648,15.2669,,153,,38.8
4649,15.2703,,152,,39.2
4650,15.2738,,153,,40.4
4651,15.2773,,153,,40.8
4652,15.2807,,152,,41.6
4653,15.2839,,153,,42
4654,15.2873,,152,,42
4655,15.2908,,153,,41.4
4656,15.2941,,153,,41.6
4657,15.2975,,152,,40.6
4658,15.301,,152,,40.4
4659,15.3046,,153,,40.4
4660,15.3081,,153,,39.8
4661,15.3115,,153,,39.2
4662,15.315,,153,,38.6
4663,15.3188,,153,,38.2
4664,15.3222,,153,,38
4665,15.3256,,152,,37.6
4666,15.3289,,153,,37.4
4667,15.3321,,153,,36.8
4668,15.3353,,153,,36.2
4669,15.3384,,154,,36.2
4670,15.3416,,153,,36
4671,15.3448,,154,,35.2
4672,15.3484,,153,,34.4
4673,15.3515,,154,,34
4674,15.3549,,154,,33.6
4675,15.3582,,154,,33.2
4676,15.3612,,155,,33.2
4677,15.3643,,154,,33.4
4678,15.3675,,155,,32.6
4679,15.3707,,154,,32.8
4680,15.374,,155,,32.8
4681,15.3775,,155,,32.8
4682,15.3809,,155,,32.6
4683,15.3844,,155,,32
4684,15.3879,,155,,32
4685,15.3912,,155,,32
4686,15.3946,,155,,31.6
4687,15.3977,,155,,31.4
4688,15.4009,,155,,31.2
4689,15.405,,155,,31
4690,15.409,,155,,30.8
4691,15.413,,155,,30.6
4692,15.4165,,155,,29.8
4693,15.4197,,155,,29.4
4694,15.423,,154,,29.4
4695,15.4262,,155,,29.6
4696,15.4294,,154,,29.4
4697,15.4326,,154,,29.4
4698,15.4359,,154,,29
4699,15.4392,,154,,29
4700,15.4425,,155,,29
4701,15.4458,,155,,29
4702,15.4492,,155,,29
4703,15.4526,,155,,29.2
4704,15.4556,,155,,29
4705,15.4588,,155,,28.8
4706,15.4621,,155,,28.8
4707,15.4653,,155,,29.2
4708,15.4683,,155,,29.6
4709,15.4713,,155,,30
4710,15.4744,,155,,30.2
4711,15.4776,,155,,30.2
4712,15.4807,,155,,30.6
4713,15.4837,,155,,30.8
4714,15.4868,,155,,30.8
4715,15.4899,,155,,30.8
4716,15.4931,,155,,31
4717,15.4963,,154,,31
4718,15.4992,,154,,31
4719,15.5025,,154,,31.2
4720,15.5056,,154,,31.2
4721,15.5085,,154,,31.6
4722,15.5114,,154,,32.2
4723,15.5142,,153,,32.6
4724,15.5171,,153,,33
4725,15.5202,,153,,33
4726,15.5231,,153,,33.6
4727,15.5261,,153,,34.6
4728,15.5293,,153,,35
4729,15.5324,,153,,35.8
4730,15.5354,,153,,35.8
4731,15.5384,,153,,36.2
4732,15.5414,,153,,36.6
4733,15.5446,,153,,37
4734,15.5477,,152,,37
4735,15.5516,,152,,37.6
4736,15.5551,,153,,37.8
4737,15.5583,,152,,37.6
4738,15.561,,153,,37
4739,15.564,,153,,37
4740,15.5674,,153,,37
4741,15.5703,,153,,37
4742,15.573,,153,,37
4743,15.5756,,153,,37
4744,15.5786,,152,,37
4745,15.5816,,152,,37.2
4746,15.5848,,152,,36.8
4747,15.5881,,152,,36.8
4748,15.5912,,152,,36.8
4749,15.5943,,151,,36.4
4750,15.5972,,152,,36
4751,15.6,,151,,35.8
4752,15.6031,,151,,36
4753,15.6062,,151,,35.8
4754,15.6095,,151,,35.8
4755,15.6125,,151,,35.8
4756,15.6153,,150,,35.4
4757,15.6181,,150,,35.4
4758,15.6208,,150,,35.2
4759,15.6237,,150,,35.4
4760,15.6266,,150,,35.2
4761,15.6295,,150,,35
4762,15.6325,,150,,34.8
4763,15.6354,,150,,34.8
4764,15.6384,,150,,34.4
4765,15.6414,,150,,34
4766,15.6446,,150,,33.6
4767,15.6477,,150,,33.2
4768,15.6507,,150,,32.8
4769,15.6536,,149,,32.6
4770,15.6562,,149,,32.2
4771,15.659,,149,,32
4772,15.6618,,149,,32
4773,15.6649,,148,,31.4
4774,15.6683,,148,,31.6
4775,15.6713,,148,,31.8
4776,15.6743,,148,,31.8
4777,15.677,,148,,31.8
4778,15.6797,,148,,31.4
4779,15.6825,,148,,31.2
4780,15.6852,,147,,31
4781,15.6883,,148,,30.8
4782,15.6914,,147,,30.4
4783,15.6949,,148,,30.6
4784,15.6982,,147,,30.8
4785,15.7014,,148,,30.4
4786,15.7046,,148,,29.6
4787,15.708,,148,,29.4
4788,15.7117,,147,,29.6
4789,15.715,,148,,29.4
4790,15.7183,,147,,29.2
4791,15.7215,,148,,29.4
4792,15.7246,,148,,28.8
4793,15.7278,,148,,28.8
4794,15.7307,,148,,28.2
4795,15.7338,,148,,27.8
4796,15.7367,,148,,27.4
4797,15.7398,,149,,27.2
4798,15.7427,,149,,27.4
4799,15.746,,149,,27.4
4800,15.7492,,150,,27.2
4801,15.7523,,150,,27.4
4802,15.7552,,150,,27.6
4803,15.7577,,150,,27.2
4804,15.7605,,150,,27
4805,15.7637,,151,,27
4806,15.7667,,151,,27
4807,15.7693,,151,,26.4
4808,15.772,,151,,25.8
4809,15.7749,,151,,25.6
4810,15.7779,,151,,25.2
4811,15.7809,,151,,24.8
4812,15.7843,,151,,24.4
4813,15.7877,,151,,24
4814,15.7909,,150,,23.6
4815,15.7942,,150,,23.6
4816,15.7975,,150,,23.6
4817,15.8009,,150,,23.4
4818,15.8043,,150,,23.6
4819,15.8072,,149,,23.6
4820,15.8099,,149,,23.2
4821,15.8129,,149,,23.2
4822,15.8159,,149,,23
4823,15.8189,,149,,22.8
4824,15.8224,,150,,22.8
4825,15.8255,,149,,22.8
4826,15.8286,,149,,22.8
4827,15.8318,,149,,22.8
4828,15.8347,,149,,22.6
4829,15.8376,,149,,22.8
4830,15.8406,,149,,22.8
4831,15.8437,,149,,23
4832,15.8466,,149,,23
4833,15.8495,,149,,23
4834,15.8524,,149,,23
4835,15.8554,,149,,22.8
4836,15.8584,,149,,22.6
4837,15.8614,,149,,22.6
4838,15.8643,,148,,22.6
4839,15.8671,,148,,22.8
4840,15.87,,148,,23
4841,15.8729,,148,,23.2
4842,15.876,,148,,23.2
4843,15.879,,148,,23.8
4844,15.8818,,148,,24
4845,15.8848,,148,,23.8
4846,15.8883,,147,,23.6
4847,15.8918,,147,,23.4
4848,15.8954,,147,,23.8
4849,15.8989,,148,,23.6
4850,15.9022,,148,,23.4
4851,15.9054,,148,,23.4
4852,15.9086,,148,,23.2
4853,15.9119,,148,,22.8
4854,15.9156,,148,,23.6
4855,15.9191,,148,,23.8
4856,15.9224,,148,,23.8
4857,15.9256,,148,,23.8
4858,15.9291,,148,,24.2
4859,15.9322,,148,,24
4860,15.9356,,148,,24.2
4861,15.9389,,148,,24.6
4862,15.9423,,148,,24.8
4863,15.9453,,148,,24.8
4864,15.9482,,148,,25.2
4865,15.9513,,148,,25
4866,15.9545,,148,,24.8
4867,15.9576,,148,,24.8
4868,15.9605,,148,,24.8
4869,15.9633,,148,,24.6
4870,15.9667,,148,,24.6
4871,15.9698,,148,,24.6
4872,15.973,,148,,24.6
4873,15.976,,148,,24.8
4874,15.9791,,148,,24.8
4875,15.9825,,147,,24.8
4876,15.9858,,148,,24.8
4877,15.9891,,148,,25.2
4878,15.9917,,148,,25.2
4879,15.9946,,148,,25.2
4880,15.9975,,148,,25.4
4881,16.0003,,148,,25
4882,16.0032,,148,,24.8
4883,16.0061,,148,,24.8
4884,16.0092,,149,,24.8
4885,16.012,,149,,24.6
4886,16.0152,,149,,25
4887,16.0183,,149,,24.8
4888,16.0215,,149,,25
4889,16.0249,,150,,25.2
4890,16.0283,,150,,25.6
4891,16.0313,,150,,25.8
4892,16.0345,,150,,26.2
4893,16.0377,,150,,26.4
4894,16.0408,,150,,26.4
4895,16.0439,,150,,26.2
4896,16.0469,,151,,26.2
4897,16.05,,151,,26.4
4898,16.0529,,151,,26.6
4899,16.0561,,151,,27
4900,16.0595,,152,,27.2
4901,16.0628,,152,,27.6
4902,16.0659,,152,,27.6
4903,16.0691,,152,,27.6
4904,16.072,,152,,27.6
4905,16.075,,152,,27.6
4906,16.0781,,153,,27.8
4907,16.0812,,153,,28
4908,16.0844,,153,,28.4
4909,16.0873,,153,,28.6
4910,16.0903,,153,,29
4911,16.0929,,153,,29
4912,16.0957,,153,,28.8
4913,16.0986,,154,,29
4914,16.1014,,154,,28.8
4915,16.1043,,153,,29.2
4916,16.1074,,154,,29.8
4917,16.1104,,154,,30
4918,16.1133,,154,,30.2
4919,16.1161,,154,,30.4
4920,16.1191,,155,,30.8
4921,16.1221,,155,,30.8
4922,16.125,,154,,31
4923,16.1279,,154,,31
4924,16.131,,154,,31
4925,16.1343,,155,,31.4
4926,16.1376,,154,,31.4
4927,16.1408,,155,,31.2
4928,16.144,,154,,31.2
4929,16.1474,,154,,31.6
4930,16.1503,,154,,31.6
4931,16.1532,,155,,31.4
4932,16.1566,,155,,31.8
4933,16.1599,,155,,32
4934,16.1631,,155,,32.4
4935,16.1663,,154,,32.2
4936,16.1694,,154,,32.4
4937,16.1725,,155,,32.6
4938,16.1754,,155,,32.6
4939,16.1786,,155,,32.4
4940,16.1816,,155,,32.4
4941,16.1847,,155,,32.4
4942,16.1877,,155,,32.4
4943,16.1908,,155,,32.4
4944,16.1938,,155,,32.2
4945,16.1969,,155,,32.2
4946,16.2,,155,,32.4
4947,16.203,,155,,32.4
4948,16.2061,,155,,32.2
4949,16.2088,,155,,32.4
4950,16.2118,,155,,32.6
4951,16.2148,,155,,32.6
4952,16.2179,,155,,32.4
4953,16.2209,,155,,32.2
4954,16.2239,,155,,32
4955,16.2272,,155,,32.4
4956,16.2301,,155,,32.2
4957,16.2331,,156,,32.2
4958,16.2363,,155,,32.4
4959,16.2391,,155,,32
4960,16.2422,,156,,31.8
4961,16.2453,,156,,31.8
4962,16.2486,,155,,32
4963,16.2521,,155,,32.2
4964,16.2549,,155,,32.2
4965,16.2578,,155,,32.2
4966,16.2611,,155,,32
4967,16.2642,,155,,31.6
4968,16.2673,,154,,31.4
4969,16.2701,,154,,31.2
4970,16.2732,,154,,31
4971,16.2763,,154,,30.6
4972,16.2794,,154,,30.4
4973,16.2823,,153,,30
4974,16.2849,,153,,29.2
4975,16.2877,,153,,28.6
4976,16.2906,,152,,28.2
4977,16.2938,,152,,27.8
4978,16.297,,152,,27.2
4979,16.2999,,152,,26.8
4980,16.3028,,152,,26.6
4981,16.3057,,152,,26
4982,16.3088,,152,,25.6
4983,16.3119,,151,,25.6
4984,16.3154,,151,,25.2
4985,16.3187,,151,,24.6
4986,16.3218,,151,,24.2
4987,16.325,,150,,23.6
4988,16.3283,,151,,23.4
4989,16.3314,,150,,23.2
4990,16.3343,,150,,22.8
4991,16.3374,,150,,22.2
4992,16.3408,,149,,22.4
4993,16.3439,,149,,22
4994,16.3471,,149,,22
4995,16.3504,,149,,21.8
4996,16.3537,,149,,21.8
4997,16.3569,,148,,21.8
4998,16.3599,,148,,21.6
4999,16.3629,,148,,21.2
5000,16.3665,,148,,21.4
5001,16.3698,,148,,21.4
5002,16.3731,,148,,21
5003,16.3762,,148,,20.8
5004,16.3797,,149,,20.8
5005,16.383,,148,,20.4
5006,16.386,,148,,20
5007,16.3896,,148,,20.2
5008,16.3928,,148,,20
5009,16.3963,,148,,19.6
5010,16.4001,,148,,19.6
5011,16.4033,,148,,19.4
5012,16.4064,,148,,19.2
5013,16.4095,,147,,18.8
5014,16.4127,,148,,18.6
5015,16.4157,,148,,18.2
5016,16.4185,,149,,18
5017,16.4212,,148,,17.6
5018,16.4241,,149,,17.4
5019,16.4273,,148,,17
5020,16.4307,,148,,16.8
5021,16.4336,,148,,16.8
5022,16.4363,,148,,16.8
5023,16.4395,,148,,16.8
5024,16.443,,148,,16.6
5025,16.4463,,148,,17.2
5026,16.4496,,148,,17.6
5027,16.4528,,147,,17.6
5028,16.4561,,147,,18
5029,16.4596,,147,,18.2
5030,16.4631,,147,,18.2
5031,16.4666,,147,,18.2
5032,16.4701,,147,,18.8
5033,16.4736,,147,,19.2
5034,16.4771,,147,,19.4
5035,16.4809,,147,,21
5036,16.4842,,147,,21.2
5037,16.4876,,147,,21.4
5038,16.4912,,147,,21.6
5039,16.4944,,147,,21.8
5040,16.4974,,147,,21.8
5041,16.5006,,147,,22.2
5042,16.504,,147,,22.2
5043,16.5076,,147,,22.8
5044,16.511,,147,,22.6
5045,16.5144,,146,,22.8
5046,16.5177,,147,,22.8
5047,16.521,,147,,22.8
5048,16.5242,,146,,22.6
5049,16.5275,,147,,22.6
5050,16.5307,,147,,22.4
5051,16.5337,,147,,22.2
5052,16.537,,148,,22.2
5053,16.5404,,148,,22.2
5054,16.5435,,148,,22
5055,16.5469,,148,,21.8
5056,16.5502,,148,,21.8
5057,16.5534,,148,,21.6
5058,16.5563,,148,,21.6
5059,16.5596,,147,,22
5060,16.5627,,148,,22.4
5061,16.5658,,147,,22.6
5062,16.5689,,147,,22.4
5063,16.5722,,147,,23
5064,16.5754,,146,,23
5065,16.5787,,146,,23.2
5066,16.582,,147,,23.4
5067,16.5851,,147,,23.4
5068,16.5883,,148,,23.6
5069,16.5915,,147,,23.8
5070,16.5946,,148,,24
5071,16.5981,,148,,24.6
5072,16.6012,,148,,24.6
5073,16.6046,,147,,25
5074,16.6079,,148,,25.2
5075,16.6111,,148,,25
5076,16.6144,,148,,25.4
5077,16.6179,,148,,25.8
5078,16.6215,,148,,26.2
5079,16.6248,,149,,26.4
5080,16.6279,,149,,26.4
5081,16.6311,,148,,26.8
5082,16.6342,,148,,27
5083,16.6375,,149,,27.2
5084,16.6407,,149,,27.6
5085,16.6437,,149,,27.8
5086,16.6471,,149,,28.4
5087,16.6503,,150,,28.4
5088,16.6534,,150,,29
5089,16.6566,,150,,29
5090,16.6598,,151,,29.4
5091,16.6631,,151,,29.4
5092,16.6662,,151,,29.2
5093,16.6691,,152,,29.2
5094,16.6723,,151,,29.4
5095,16.6754,,152,,29.2
5096,16.6785,,152,,29.4
5097,16.6815,,152,,29.4
5098,16.6849,,152,,29.4
5099,16.6882,,152,,29.6
5100,16.6913,,152,,29.6
5101,16.6946,,152,,29.6
5102,16.6978,,152,,29.4
5103,16.7009,,151,,29.2
5104,16.7045,,151,,29.6
5105,16.7078,,152,,29.4
5106,16.7112,,151,,29.6
5107,16.7144,,152,,29.2
5108,16.718,,152,,29.4
5109,16.7218,,152,,29.8
5110,16.7252,,152,,29.8
5111,16.7286,,152,,30
5112,16.732,,152,,29.8
5113,16.7352,,152,,29.6
5114,16.7381,,152,,29.4
5115,16.7409,,152,,29.2
5116,16.7439,,152,,29.2
5117,16.7469,,152,,29
5118,16.7502,,153,,29
5119,16.7533,,153,,29
5120,16.7561,,152,,28.6
5121,16.7591,,153,,28.2
5122,16.762,,154,,27.8
5123,16.7651,,153,,27.6
5124,16.7682,,153,,27.4
5125,16.7712,,153,,27.2
5126,16.7742,,153,,27
5127,16.7772,,153,,26.8
5128,16.7807,,153,,26.4
5129,16.7843,,153,,26.4
5130,16.7873,,153,,26.4
5131,16.7904,,153,,26.4
5132,16.7935,,153,,26.2
5133,16.7966,,153,,26
5134,16.8,,153,,26.6
5135,16.803,,153,,26.4
5136,16.806,,153,,26.8
5137,16.8095,,152,,27.2
5138,16.8127,,152,,27
5139,16.8155,,151,,27
5140,16.8183,,152,,26.6
5141,16.8214,,152,,26.2
5142,16.8242,,151,,26
5143,16.8272,,151,,26.4
5144,16.8306,,151,,26.8
5145,16.8336,,151,,26.8
5146,16.8363,,151,,27
5147,16.8392,,150,,27.4
5148,16.8426,,151,,27.6
5149,16.8457,,150,,27.4
5150,16.8487,,151,,27.4
5151,16.8517,,151,,27.4
5152,16.8547,,150,,27.4
5153,16.8577,,150,,27.6
5154,16.8607,,149,,27.4
5155,16.8635,,149,,27.2
5156,16.8663,,149,,27.4
5157,16.8693,,149,,27.2
5158,16.8732,,149,,27.8
5159,16.8768,,149,,27.8
5160,16.8802,,149,,27.8
5161,16.8832,,149,,27.4
5162,16.8863,,149,,27.6
5163,16.8897,,149,,28.2
5164,16.8932,,149,,28.8
5165,16.8964,,149,,29.2
5166,16.8996,,149,,30.2
5167,16.9025,,149,,30.6
5168,16.9059,,149,,30.8
5169,16.9098,,149,,30.8
5170,16.9135,,149,,31.2
5171,16.9169,,150,,31.2
5172,16.9206,,149,,31.2
5173,16.9241,,150,,31.8
5174,16.9278,,149,,32
5175,16.9315,,150,,32.4
5176,16.9349,,150,,32.8
5177,16.9383,,150,,33.6
5178,16.9416,,150,,33.8
5179,16.9448,,150,,34
5180,16.9478,,150,,33.6
5181,16.951,,150,,33.6
5182,16.9539,,150,,33.6
5183,16.9568,,150,,33.6
5184,16.9599,,150,,33.8
5185,16.9625,,150,,34.4
5186,16.9653,,150,,34.4
5187,16.9681,,150,,34.6
5188,16.971,,150,,34.4
5189,16.9741,,150,,34.4
5190,16.9771,,150,,33.8
5191,16.9804,,150,,33.2
5192,16.9838,,150,,33.2
5193,16.9872,,150,,32.6
5194,16.9905,,150,,32.4
5195,16.9936,,150,,31.6
5196,16.9969,,150,,31.4
5197,17.0002,,150,,31.4
5198,17.0034,,150,,31.2
5199,17.0064,,150,,31
5200,17.0094,,150,,30.6
5201,17.0126,,149,,30.6
5202,17.0157,,149,,30.4
5203,17.0187,,149,,29.8
5204,17.0219,,149,,30
5205,17.0249,,149,,30
5206,17.0278,,149,,29.6
5207,17.0308,,149,,29.6
5208,17.0335,,148,,29.6
5209,17.0364,,149,,29.4
5210,17.0396,,149,,29
5211,17.0425,,149,,28.6
5212,17.0459,,150,,28.6
5213,17.0493,,150,,28
5214,17.0523,,150,,28
5215,17.0557,,150,,28.4
5216,17.0592,,149,,28.2
5217,17.0625,,149,,28.2
5218,17.0656,,150,,27.8
5219,17.0687,,149,,27.6
5220,17.0721,,149,,28
5221,17.0755,,149,,28
5222,17.0785,,149,,28
5223,17.0815,,149,,28.4
5224,17.0845,,149,,28.2
5225,17.0875,,149,,28.6
5226,17.0907,,149,,28.6
5227,17.0936,,149,,28.6
5228,17.0962,,148,,28.6
5229,17.0989,,149,,28.2
5230,17.1022,,148,,28.6
5231,17.1056,,148,,29
5232,17.1085,,149,,29.2
5233,17.1115,,149,,29.4
5234,17.1145,,148,,29.6
5235,17.118,,148,,29.6
5236,17.1214,,149,,30
5237,17.1247,,148,,30.2
5238,17.128,,149,,30.2
5239,17.1313,,148,,30
5240,17.1344,,149,,30.2
5241,17.1376,,149,,30.4
5242,17.1402,,149,,30.4
5243,17.1433,,148,,30.6
5244,17.1465,,149,,30.4
5245,17.1495,,148,,31.8
5246,17.1523,,148,,31.2
5247,17.1557,,149,,31.6
5248,17.1584,,149,,31.6
5249,17.1617,,149,,31.4
5250,17.1651,,149,,31.8
5251,17.1685,,148,,31.4
5252,17.1717,,149,,30.4
5253,17.1749,,148,,30.8
5254,17.1785,,148,,29.8
5255,17.1821,,149,,28.8
5256,17.1853,,148,,28.6
5257,17.1885,,148,,28
5258,17.1913,,148,,27.2
5259,17.1939,,148,,27
5260,17.1971,,148,,27.2
5261,17.2,,148,,27
5262,17.2034,,148,,27
5263,17.2067,,147,,27.2
5264,17.2098,,147,,27
5265,17.2127,,147,,27.4
5266,17.2155,,146,,27.6
5267,17.2186,,146,,27.6
5268,17.2217,,146,,27.6
5269,17.2249,,145,,27.2
5270,17.2283,,145,,27.4
5271,17.2317,,145,,27.6
5272,17.2348,,145,,27.8
5273,17.2381,,145,,28.2
5274,17.2418,,146,,28
5275,17.2455,,146,,28.8
5276,17.2489,,146,,28.6
5277,17.2522,,146,,28.2
5278,17.2555,,146,,28.2
5279,17.2585,,146,,28.8
5280,17.2616,,146,,28.2
5281,17.2647,,146,,28.8
5282,17.2678,,146,,28.4
5283,17.2708,,146,,28.6
5284,17.2742,,146,,28.6
5285,17.278,,147,,28.6
5286,17.2813,,147,,28.8
5287,17.2844,,147,,28.8
5288,17.2872,,147,,28.4
5289,17.2905,,148,,29.2
5290,17.2938,,148,,29
5291,17.2963,,148,,28.8
5292,17.2989,,148,,28.6
5293,17.3019,,149,,28.4
5294,17.305,,149,,27.8
5295,17.3079,,149,,27.4
5296,17.3107,,149,,27.4
5297,17.3137,,149,,28
5298,17.3165,,149,,27.8
5299,17.3192,,149,,28
5300,17.3222,,149,,28
5301,17.3252,,148,,28
5302,17.328,,149,,28.4
5303,17.3308,,148,,28.4
5304,17.3335,,147,,28.2
5305,17.3368,,147,,28.4
5306,17.3399,,146,,28.4
5307,17.343,,147,,28.2
5308,17.3464,,146,,28.4
5309,17.3496,,146,,28.2
5310,17.3528,,146,,28.4
5311,17.356,,146,,28
5312,17.3596,,146,,28.2
5313,17.3633,,146,,29
5314,17.3664,,146,,29
5315,17.3695,,146,,29.6
5316,17.3724,,145,,29.2
5317,17.3755,,145,,29.2
5318,17.3786,,145,,29.6
5319,17.3813,,145,,29.4
5320,17.384,,145,,29
5321,17.3869,,145,,28.8
5322,17.3898,,145,,28.6
5323,17.393,,145,,28.6
5324,17.396,,145,,28.6
5325,17.3994,,145,,28.6
5326,17.4027,,145,,28.4
5327,17.406,,145,,28
5328,17.4094,,145,,28.2
5329,17.4125,,145,,28.2
5330,17.4158,,145,,28.2
5331,17.4189,,145,,28
5332,17.4225,,145,,28.4
5333,17.4259,,145,,28.6
5334,17.4289,,144,,28.4
5335,17.4323,,144,,28.2
5336,17.4354,,145,,28.2
5337,17.4383,,145,,28.2
5338,17.4415,,145,,28
5339,17.4443,,145,,27.4
5340,17.4476,,145,,27.4
5341,17.4508,,145,,27.2
5342,17.4539,,145,,26.8
5343,17.4572,,146,,26.2
5344,17.4601,,146,,25.6
5345,17.4633,,146,,25.6
5346,17.4667,,146,,25.4
5347,17.4699,,146,,25.4
5348,17.4726,,146,,25
5349,17.4757,,146,,24.8
5350,17.4785,,146,,24.8
5351,17.4813,,146,,24.6
5352,17.4842,,147,,24.6
5353,17.4873,,146,,24.6
5354,17.4904,,146,,24.6
5355,17.4934,,146,,25
5356,17.4965,,146,,25
5357,17.4995,,146,,25
5358,17.5027,,146,,24.8
5359,17.5063,,146,,25
5360,17.5097,,146,,24.6
5361,17.513,,146,,24.6
5362,17.5164,,146,,24.6
5363,17.5196,,146,,24.2
5364,17.5228,,146,,24
5365,17.5259,,146,,24.2
5366,17.5291,,146,,24.2
5367,17.5325,,146,,23.8
5368,17.5359,,146,,23.8
5369,17.5392,,146,,23.6
5370,17.5422,,145,,23.4
5371,17.5454,,145,,23.4
5372,17.5488,,146,,23.4
5373,17.5519,,145,,23.6
5374,17.5556,,145,,24.4
5375,17.5589,,145,,24.6
5376,17.5619,,146,,24.8
5377,17.5652,,145,,25
5378,17.5681,,145,,25.2
5379,17.5714,,145,,25.6
5380,17.5745,,145,,25.8
5381,17.5778,,145,,26.2
5382,17.5813,,146,,26.2
5383,17.5846,,145,,26.6
5384,17.5881,,145,,27.4
5385,17.5914,,146,,27.6
5386,17.5945,,146,,27.6
5387,17.5975,,146,,27.8
5388,17.6008,,147,,27.4
5389,17.604,,146,,27.4
5390,17.6073,,146,,27.4
5391,17.6106,,147,,27.4
5392,17.614,,147,,26.8
5393,17.6174,,147,,26.8
5394,17.6208,,147,,26.8
5395,17.6238,,147,,26.8
5396,17.627,,147,,26.8
5397,17.6305,,146,,26.8
5398,17.6339,,146,,27
5399,17.6371,,147,,27
5400,17.64,,146,,26.2
5401,17.643,,146,,26
5402,17.6458,,147,,26
5403,17.649,,147,,26.2
5404,17.6525,,147,,26.2
5405,17.6559,,146,,25.8
5406,17.6592,,147,,25.4
5407,17.6625,,147,,25.4
5408,17.6652,,147,,24.6
5409,17.6684,,147,,24.2
5410,17.6714,,147,,24
5411,17.6748,,147,,23.6
5412,17.6784,,147,,23.2
5413,17.6819,,147,,23.2
5414,17.685,,147,,23
5415,17.6885,,146,,23
5416,17.6921,,147,,22.8
5417,17.6955,,147,,23
5418,17.6986,,147,,22.6
5419,17.702,,147,,22.6
5420,17.7052,,147,,22.6
5421,17.7085,,147,,22.6
5422,17.7118,,147,,22.4
5423,17.7152,,147,,22.2
5424,17.7187,,147,,22.2
5425,17.722,,147,,22.2
5426,17.7254,,147,,22.2
5427,17.7285,,147,,21.8
5428,17.7319,,148,,21.8
5429,17.7352,,147,,21.6
5430,17.7386,,147,,22
5431,17.7421,,148,,22
5432,17.7456,,148,,22.4
5433,17.7488,,148,,22.8
5434,17.7523,,148,,23.2
5435,17.7555,,148,,23.6
5436,17.7582,,148,,23.6
5437,17.7608,,148,,23.6
5438,17.7637,,148,,24
5439,17.7668,,148,,24.2
5440,17.7698,,148,,24.2
5441,17.7729,,148,,24.4
5442,17.776,,149,,24.4
5443,17.7789,,148,,24.2
5444,17.7823,,148,,24
5445,17.7855,,149,,24.2
5446,17.7887,,149,,24.2
5447,17.7916,,148,,23.8
5448,17.7948,,148,,23.6
5449,17.7981,,149,,24
5450,17.8012,,149,,24.4
5451,17.8046,,148,,24.8
5452,17.8083,,148,,25
5453,17.8117,,148,,25.6
5454,17.815,,148,,26
5455,17.8187,,148,,26.8
5456,17.8223,,148,,27
5457,17.826,,149,,27.4
5458,17.8291,,149,,27.6
5459,17.8323,,149,,27.8
5460,17.8352,,149,,28.2
5461,17.8382,,149,,28.2
5462,17.8414,,149,,28.4
5463,17.8443,,150,,29
5464,17.8474,,150,,29.4
5465,17.8506,,150,,29.4
5466,17.854,,150,,29.6
5467,17.8576,,150,,30
5468,17.8611,,150,,30.6
5469,17.8644,,151,,31.2
5470,17.8673,,151,,31.4
5471,17.8702,,151,,32
5472,17.8736,,151,,31.8
5473,17.8762,,151,,31.6
5474,17.8794,,151,,31.4
5475,17.8829,,152,,31.4
5476,17.8857,,151,,31.4
5477,17.8893,,152,,31.4
5478,17.8923,,152,,30.8
5479,17.8959,,151,,31
5480,17.8984,,151,,30
5481,17.9012,,151,,29.6
5482,17.9042,,151,,29.8
5483,17.9072,,151,,29.8
5484,17.9104,,151,,29.8
5485,17.9135,,151,,29.8
5486,17.9165,,150,,29.6
5487,17.9197,,150,,29.4
5488,17.9227,,150,,29.2
5489,17.9259,,150,,29.2
5490,17.9289,,150,,29
5491,17.9316,,149,,29
5492,17.9347,,149,,28.8
5493,17.9377,,149,,28.8
5494,17.9402,,149,,28.6
5495,17.9432,,149,,28.6
5496,17.946,,149,,28.6
5497,17.9489,,150,,28.4
5498,17.9517,,150,,28.4
5499,17.9542,,150,,28
5500,17.9568,,149,,28
5501,17.9595,,150,,28.4
5502,17.9617,,149,,28
5503,17.9644,,150,,28.2
5504,17.9673,,150,,28
5505,17.9699,,150,,27.6
5506,17.9727,,150,,27.4
5507,17.9757,,151,,27
5508,17.9787,,151,,27.2
5509,17.9816,,151,,27.2
5510,17.9851,,151,,27.4
5511,17.9884,,151,,27.6
5512,17.992,,150,,27.8
5513,17.9953,,150,,27.6
5514,17.9985,,150,,27.6
5515,18.0019,,150,,28.2
5516,18.0049,,150,,28.2
5517,18.0077,,149,,28.2
5518,18.0104,,149,,28
5519,18.0135,,150,,28.6
5520,18.0171,,149,,28.8
5521,18.0206,,149,,28.8
5522,18.0242,,149,,28.6
5523,18.0274,,149,,28.4
5524,18.0305,,150,,28.2
5525,18.033,,149,,28
5526,18.0357,,149,,27.6
5527,18.0388,,148,,27.4
5528,18.0416,,148,,27
5529,18.0446,,148,,27.2
5530,18.0482,,148,,27.6
5531,18.0515,,148,,27.4
5532,18.0547,,148,,27.2
5533,18.0576,,148,,26.2
5534,18.0609,,148,,26.6
5535,18.0644,,149,,27
5536,18.0672,,149,,26.6
5537,18.0702,,148,,26.6
5538,18.073,,148,,26.4
5539,18.0761,,148,,27
5540,18.0794,,148,,26.8
5541,18.0826,,147,,26.6
5542,18.0859,,148,,26.6
5543,18.0893,,147,,26.4
5544,18.0925,,147,,26.4
5545,18.0958,,147,,26.2
5546,18.0994,,148,,25.8
5547,18.1032,,147,,25.6
5548,18.1066,,147,,25.6
5549,18.1099,,147,,24.4
5550,18.1133,,147,,24.4
5551,18.1164,,147,,24.4
5552,18.1198,,147,,24.2
5553,18.1233,,147,,24
5554,18.1266,,147,,24
5555,18.1297,,147,,23.8
5556,18.1327,,147,,23.8
5557,18.136,,146,,23.6
5558,18.1394,,146,,23.4
5559,18.1429,,146,,23.8
5560,18.1464,,147,,23.8
5561,18.1505,,147,,24.4
5562,18.1542,,146,,24.6
5563,18.1575,,146,,24.8
5564,18.1606,,146,,25
5565,18.1639,,146,,25
5566,18.1671,,147,,25
5567,18.1704,,147,,24.8
5568,18.174,,147,,25
5569,18.1777,,147,,25
5570,18.1812,,147,,25
5571,18.1845,,147,,25
5572,18.188,,147,,25.4
5573,18.1913,,148,,25.2
5574,18.1947,,148,,25.6
5575,18.1981,,147,,25.4
5576,18.201,,147,,25.6
5577,18.2043,,147,,25.6
5578,18.2075,,147,,25.4
5579,18.2106,,147,,25.4
5580,18.2141,,147,,25.4
5581,18.2175,,147,,25.2
5582,18.2204,,147,,25
5583,18.2235,,148,,25
5584,18.2265,,148,,24.8
5585,18.2294,,148,,24.2
5586,18.2325,,148,,24.2
5587,18.2354,,148,,24.4
5588,18.2378,,148,,24.6
5589,18.2406,,148,,24.2
5590,18.2436,,148,,23.8
5591,18.2467,,148,,23.8
5592,18.2501,,148,,24
5593,18.2531,,149,,23.2
5594,18.2567,,148,,23.6
5595,18.26,,148,,23.4
5596,18.2634,,148,,22.6
5597,18.2668,,147,,22.6
5598,18.27,,148,,22.4
5599,18.2732,,148,,22.6
5600,18.2763,,148,,22.8
5601,18.2792,,148,,22.4
5602,18.2823,,148,,22.2
5603,18.2853,,148,,22
5604,18.2883,,148,,21.6
5605,18.2913,,148,,21.6
5606,18.2944,,148,,21.2
5607,18.2977,,148,,20.8
5608,18.3009,,148,,20.8
5609,18.3038,,148,,20.2
5610,18.3067,,148,,19.6
5611,18.3097,,148,,19.4
5612,18.3126,,148,,19.4
5613,18.3153,,148,,19
5614,18.3181,,148,,19
5615,18.3209,,148,,18.8
5616,18.3238,,148,,18.8
5617,18.3268,,148,,18.6
5618,18.3299,,148,,18
5619,18.3328,,148,,17.6
5620,18.3358,,148,,17.4
5621,18.3389,,149,,16.8
5622,18.3421,,149,,16.6
5623,18.3453,,150,,16.6
5624,18.3484,,150,,17
5625,18.3515,,151,,16.6
5626,18.3544,,151,,15.8
5627,18.3575,,152,,15.6
5628,18.361,,151,,15.6
5629,18.3645,,152,,15.6
5630,18.368,,152,,16.2
5631,18.3713,,151,,16.8
5632,18.3746,,152,,17.4
5633,18.3778,,152,,17.8
5634,18.3811,,152,,18.2
5635,18.3849,,152,,19.2
5636,18.3885,,152,,20.2
5637,18.392,,152,,21.2
5638,18.3953,,151,,21.2
5639,18.3986,,151,,21.6
5640,18.4018,,152,,22
5641,18.4051,,152,,23
5642,18.4083,,151,,23.6
5643,18.4113,,151,,23.8
5644,18.4143,,152,,24.2
5645,18.4174,,152,,24.8
5646,18.4203,,152,,24.8
5647,18.4236,,152,,24.8
5648,18.427,,151,,25.2
5649,18.4302,,151,,24.6
5650,18.4332,,151,,24.2
5651,18.4364,,151,,24
5652,18.4398,,151,,24.2
5653,18.4429,,151,,24.2
5654,18.4459,,152,,24.2
5655,18.4491,,151,,24.2
5656,18.4523,,151,,24.2
5657,18.455,,152,,23.8
5658,18.458,,152,,23.6
5659,18.4615,,152,,23.4
5660,18.4648,,152,,23.4
5661,18.4675,,152,,23
5662,18.4701,,151,,22.8
5663,18.4723,,152,,22.8
5664,18.4752,,151,,22.6
5665,18.4788,,152,,22.4
5666,18.4819,,152,,22.4
5667,18.4851,,152,,21.8
5668,18.4881,,152,,21.8
5669,18.4912,,152,,21.6
5670,18.4945,,152,,21.4
5671,18.4978,,152,,21.2
5672,18.5012,,152,,21
5673,18.5046,,152,,20.8
5674,18.5083,,151,,20.6
5675,18.5114,,151,,20.6
5676,18.5139,,151,,20.6
5677,18.5171,,152,,19.8
5678,18.5202,,151,,19.6
5679,18.5229,,152,,19.4
5680,18.5255,,151,,19.2
5681,18.5282,,151,,19
5682,18.5304,,151,,18.6
5683,18.5334,,151,,18
5684,18.5365,,151,,17.8
5685,18.5393,,151,,17.2
5686,18.5421,,152,,17.2
5687,18.545,,151,,16.8
5688,18.548,,151,,16.8
5689,18.5509,,151,,16.4
5690,18.554,,151,,16.4
5691,18.5568,,151,,16.2
5692,18.5595,,151,,16
5693,18.5626,,151,,15.6
5694,18.5658,,152,,15.6
5695,18.5689,,152,,15.6
5696,18.5723,,152,,15.4
5697,18.5754,,152,,15.2
5698,18.5783,,152,,15
5699,18.5809,,152,,14.8
5700,18.5833,,152,,14.6
5701,18.5869,,152,,14.4
5702,18.5902,,153,,14.4
5703,18.5942,,153,,14.4
5704,18.5975,,153,,14.2
5705,18.6001,,152,,14.2
5706,18.6037,,152,,13.8
5707,18.607,,153,,13.6
5708,18.6092,,153,,13.6
5709,18.6118,,152,,13.4
5710,18.6145,,153,,13.2
5711,18.6173,,153,,13
5712,18.6206,,153,,13
5713,18.624,,153,,13.2
5714,18.6271,,153,,13.4
5715,18.6304,,153,,13.4
5716,18.6339,,153,,13.6
5717,18.6378,,153,,13.8
5718,18.6414,,152,,14
5719,18.6441,,152,,14.4
5720,18.6464,,152,,14.4
5721,18.6488,,152,,14.8
5722,18.6521,,152,,14.8
5723,18.6547,,152,,15.2
5724,18.6565,,152,,15
5725,18.6598,,152,,15
5726,18.6634,,152,,15.4
5727,18.6664,,152,,15.8
5728,18.6697,,152,,16.2
5729,18.6728,,153,,16.4
5730,18.6747,,152,,17.2
5731,18.6776,,152,,17.4
5732,18.6805,,152,,17.6
5733,18.6843,,152,,18
5734,18.6875,,152,,18.4
5735,18.6908,,152,,18.4
5736,18.6941,,152,,18.6
5737,18.6973,,152,,18.2
5738,18.7005,,152,,18
5739,18.7036,,153,,18.2
5740,18.7069,,152,,18
5741,18.7104,,153,,18.4
5742,18.7138,,152,,18.6
5743,18.717,,152,,18.6
5744,18.7199,,152,,18.8
5745,18.7232,,152,,18.6
5746,18.7262,,152,,18.4
5747,18.7289,,152,,18.6
5748,18.7314,,152,,18.4
5749,18.7343,,152,,18.8
5750,18.7377,,152,,18.8
5751,18.741,,153,,18.8
5752,18.7439,,152,,18.8
5753,18.747,,152,,19
5754,18.7504,,152,,19
5755,18.7535,,153,,19
5756,18.7558,,153,,19
5757,18.7584,,152,,19
5758,18.7615,,152,,19
5759,18.7647,,152,,19
5760,18.7673,,153,,18.8
5761,18.7703,,152,,19
5762,18.7742,,152,,18.8
5763,18.7773,,152,,18.6
5764,18.7803,,152,,19
5765,18.7836,,152,,19
5766,18.7866,,152,,19.2
5767,18.7892,,151,,19.6
5768,18.792,,151,,19.8
5769,18.7949,,152,,19.8
5770,18.7981,,152,,19.8
5771,18.8009,,151,,19.8
5772,18.804,,152,,20
5773,18.8067,,152,,20.2
5774,18.8096,,152,,19.8
5775,18.813,,153,,19.8
5776,18.8163,,153,,19.8
5777,18.8195,,153,,19.6
5778,18.8228,,153,,20
5779,18.8254,,153,,20.2
5780,18.8283,,152,,20.4
5781,18.8315,,152,,20.4
5782,18.8346,,153,,20.6
5783,18.8376,,153,,20.8
5784,18.8404,,152,,21.2
5785,18.8434,,152,,21.4
5786,18.8468,,153,,21.4
5787,18.8506,,153,,22
5788,18.8544,,153,,22.4
5789,18.8578,,152,,22.6
5790,18.861,,152,,22.8
5791,18.8646,,152,,23
5792,18.8681,,152,,23.2
5793,18.871,,152,,23.2
5794,18.8738,,152,,23.4
5795,18.8758,,152,,23.2
5796,18.8788,,152,,23.2
5797,18.8821,,152,,23.2
5798,18.8851,,152,,22.8
5799,18.8883,,152,,22.8
5800,18.892,,152,,22.6
5801,18.8957,,151,,22.8
5802,18.899,,151,,23.4
5803,18.9015,,151,,23.8
5804,18.9047,,152,,24
5805,18.9081,,152,,24.4
5806,18.9111,,152,,24.4
5807,18.9141,,152,,24.4
5808,18.9179,,152,,24.6
5809,18.922,,152,,25
5810,18.9258,,152,,25.2
5811,18.9295,,152,,25.6
5812,18.933,,151,,25.4
5813,18.9362,,151,,25.4
5814,18.939,,151,,25.8
5815,18.9417,,151,,26
5816,18.9445,,151,,26.6
5817,18.9469,,151,,26.8
5818,18.9496,,151,,26.8
5819,18.9519,,150,,26.8
5820,18.9548,,150,,26.6
5821,18.9576,,150,,26.6
5822,18.9601,,150,,26.6
5823,18.9625,,149,,26.8
5824,18.9651,,150,,26.8
5825,18.9683,,150,,26.8
5826,18.971,,150,,26.6
5827,18.9734,,150,,26.6
5828,18.9759,,150,,26.4
5829,18.9786,,149,,26.2
5830,18.9816,,150,,26.4
5831,18.9843,,150,,26.2
5832,18.9872,,149,,26
5833,18.9904,,149,,25.6
5834,18.9939,,150,,25.6
5835,18.9973,,150,,25.6
5836,19.0005,,150,,25.4
5837,19.0039,,150,,25.2
5838,19.007,,150,,25.4
5839,19.0101,,151,,25.4
5840,19.013,,151,,25.6
5841,19.0157,,152,,26.2
5842,19.0185,,151,,25.8
5843,19.021,,151,,25.6
5844,19.0234,,152,,25.2
5845,19.0265,,152,,24.6
5846,19.0291,,152,,24.4
5847,19.0323,,152,,24
5848,19.0354,,152,,23.4
5849,19.0384,,152,,23.2
5850,19.0406,,152,,22.8
5851,19.0431,,152,,22.8
5852,19.0454,,152,,22.4
5853,19.0479,,152,,21.8
5854,19.0504,,153,,21.2
5855,19.0524,,153,,20
5856,19.055,,153,,19.8
5857,19.0576,,152,,19.2
5858,19.0603,,153,,18.8
5859,19.0633,,152,,18.6
5860,19.0661,,152,,18.6
5861,19.0688,,153,,18.4
5862,19.0718,,152,,18.4
5863,19.0743,,152,,18.2
5864,19.0769,,152,,18.2
5865,19.0795,,152,,18.2
5866,19.0827,,152,,17.8
5867,19.0858,,152,,17.6
5868,19.0885,,152,,17.4
5869,19.0916,,152,,17.2
5870,19.0945,,152,,17.2
5871,19.0977,,152,,17.2
5872,19.1008,,153,,17.2
5873,19.1043,,153,,17
5874,19.1073,,153,,16.8
5875,19.1105,,152,,17
5876,19.1137,,153,,17
5877,19.1166,,153,,17
5878,19.1194,,153,,17
5879,19.1219,,152,,17.2
5880,19.1249,,153,,17.2
5881,19.1278,,153,,17
5882,19.1308,,152,,16.8
5883,19.1341,,152,,16.6
5884,19.1369,,153,,16.6
5885,19.1398,,153,,16.6
5886,19.1435,,153,,16.6
5887,19.1473,,154,,16.6
5888,19.1501,,154,,16.6
5889,19.1535,,153,,16.6
5890,19.157,,154,,16.6
5891,19.1604,,153,,16.6
5892,19.1634,,153,,16.8
5893,19.1665,,154,,17
5894,19.1696,,153,,16.8
5895,19.1728,,154,,17.2
5896,19.1758,,153,,17.4
5897,19.1786,,154,,17.8
5898,19.1818,,154,,18
5899,19.1853,,154,,18.8
5900,19.1877,,154,,19
5901,19.1901,,154,,19.4
5902,19.193,,154,,19.6
5903,19.197,,154,,19.8
5904,19.2003,,154,,20
5905,19.2037,,153,,20
5906,19.207,,154,,19.8
5907,19.2102,,154,,19.8
5908,19.2137,,154,,19.8
5909,19.2169,,155,,20
5910,19.2199,,154,,20
5911,19.223,,154,,20.4
5912,19.2259,,154,,21
5913,19.2285,,155,,20.8
5914,19.2311,,155,,21
5915,19.234,,156,,21
5916,19.2369,,156,,21.2
5917,19.2402,,155,,21.2
5918,19.2436,,155,,21.2
5919,19.2468,,156,,21
5920,19.2501,,156,,21.4
5921,19.2538,,156,,20.8
5922,19.2575,,156,,20.4
5923,19.2605,,155,,20
5924,19.2635,,155,,20
5925,19.2667,,155,,20
5926,19.2695,,155,,20.2
5927,19.2719,,156,,20.4
5928,19.2744,,156,,21
5929,19.2778,,156,,21.6
5930,19.2815,,156,,22
5931,19.2849,,156,,22.6
5932,19.2881,,154,,23.2
5933,19.2909,,154,,23.4
5934,19.2946,,154,,23.6
5935,19.2979,,154,,23.4
5936,19.3009,,154,,23.6
5937,19.3035,,154,,23.6
5938,19.305,,154,,23.4
5939,19.3072,,154,,23.4
5940,19.31,,154,,23.6
5941,19.3129,,154,,23.4
5942,19.316,,154,,23.6
5943,19.3188,,155,,23.6
5944,19.3228,,155,,23.6
5945,19.3265,,155,,23.8
5946,19.3297,,155,,23.4
5947,19.3334,,155,,23.4
5948,19.3372,,155,,23.8
5949,19.3412,,155,,24
5950,19.345,,154,,24.2
5951,19.3486,,154,,24.4
5952,19.3519,,155,,24.6
5953,19.3556,,155,,24.8
5954,19.3588,,154,,25
5955,19.3625,,154,,25.6
5956,19.3661,,154,,26
5957,19.37,,154,,25.8
5958,19.3734,,154,,26.2
5959,19.3771,,154,,26.4
5960,19.3806,,154,,26.2
5961,19.3837,,154,,26.4
5962,19.3862,,154,,26.2
5963,19.3883,,154,,26.2
5964,19.3901,,154,,26.4
5965,19.3924,,154,,26.6
5966,19.3949,,0,,26.8
5967,19.3966,,154,,26.8
5968,19.398,,153,,26.8
5969,19.3991,,153,,27
5970,19.3998,,151,,27
5971,19.4004,,149,,27.4
5972,19.4007,,148,,27.4
5973,19.4009,,147,,27.6
5974,19.4011,,147,,27.6
5975,19.4011,,145,,27.6
5976,19.4013,,144,,27.6
5977,19.4021,,144,,27.6
5978,19.4043,,144,,27.4
5979,19.4068,,144,,27.4
5980,19.41,,144,,27.4
5981,19.4132,,144,,27.4
5982,19.4166,,144,,27.4
5983,19.42,,145,,27.4
5984,19.4232,,145,,27.6
5985,19.4265,,145,,27.6
5986,19.4296,,145,,27.8
5987,19.4329,,145,,27.6
5988,19.4366,,145,,27.6
5989,19.4402,,145,,27.4
5990,19.4435,,145,,27.4
5991,19.4466,,145,,27.2
5992,19.4493,,146,,27.6
5993,19.4526,,145,,27.6
5994,19.4558,,145,,27.8
5995,19.4586,,144,,28
5996,19.4612,,144,,28
5997,19.464,,144,,28.2
5998,19.4671,,144,,28.4
5999,19.4701,,145,,28.8
6000,19.473,,145,,29
6001,19.476,,145,,29.4
6002,19.4787,,145,,30.2
6003,19.4818,,145,,30.2
6004,19.4851,,146,,30.2
6005,19.4884,,146,,30.4
6006,19.4917,,146,,30.2
6007,19.4944,,147,,30.4
6008,19.4974,,146,,30
6009,19.5007,,146,,29.6
6010,19.5039,,146,,29.6
6011,19.5072,,146,,29.4
6012,19.51,,146,,29.2
6013,19.5129,,146,,29.6
6014,19.516,,146,,29.8
6015,19.5194,,147,,29.8
6016,19.5227,,147,,30
6017,19.526,,148,,30
6018,19.5289,,148,,30.2
6019,19.5319,,148,,30.4
6020,19.535,,148,,30.6
6021,19.5382,,148,,30.8
6022,19.5412,,148,,31
6023,19.5441,,148,,31
6024,19.5469,,147,,31.6
6025,19.5491,,147,,31.4
6026,19.5523,,147,,32.2
6027,19.5554,,148,,32
6028,19.5581,,148,,32.2
6029,19.5608,,148,,32.2
6030,19.5638,,148,,32
6031,19.5669,,148,,31.8
6032,19.5699,,148,,31.8
6033,19.5725,,148,,32
6034,19.5758,,0,,31.8
6035,19.5793,,147,,31.8
6036,19.5823,,147,,31.8
6037,19.5852,,148,,31.6
6038,19.5884,,150,,31.6
6039,19.5918,,151,,31.4
6040,19.5947,,151,,32
6041,19.5977,,151,,32.2
6042,19.6008,,152,,32.2
6043,19.6043,,152,,31.8
6044,19.6075,,152,,31.8
6045,19.6107,,153,,31.2
6046,19.6138,,153,,31
6047,19.6172,,154,,30.8
6048,19.6205,,154,,30
6049,19.6239,,154,,29.8
6050,19.6273,,154,,29.4
6051,19.6303,,154,,29
6052,19.6335,,154,,28.8
6053,19.6368,,154,,28.6
6054,19.6399,,153,,28.4
6055,19.6427,,153,,28.6
6056,19.6458,,152,,28.4
6057,19.6487,,152,,28.6
6058,19.6517,,152,,28.4
6059,19.6543,,152,,28.4
6060,19.6573,,151,,28.4
6061,19.6603,,151,,28.8
6062,19.6633,,151,,29
6063,19.6664,,151,,29.2
6064,19.6698,,150,,29.2
6065,19.6731,,150,,29.4
6066,19.6764,,151,,29.4
6067,19.6793,,151,,29.4
6068,19.6825,,150,,29.2
6069,19.6853,,150,,29.6
6070,19.6887,,150,,29.2
6071,19.6914,,150,,29.4
6072,19.6939,,150,,29.4
6073,19.6965,,150,,29.4
6074,19.7002,,150,,29.4
6075,19.7034,,151,,29.2
6076,19.7062,,151,,29
6077,19.7086,,150,,29
6078,19.7113,,150,,29
6079,19.7141,,150,,29.2
6080,19.7168,,150,,30
6081,19.7193,,150,,30.2
6082,19.722,,151,,30
6083,19.7253,,150,,30.6
6084,19.728,,151,,30.8
6085,19.731,,150,,31
6086,19.7335,,150,,31.2
6087,19.7354,,150,,31
6088,19.738,,150,,31
6089,19.7406,,149,,31.2
6090,19.7435,,150,,31.2
6091,19.7467,,149,,31.4
6092,19.7496,,149,,31.4
6093,19.7522,,149,,31.2
6094,19.7554,,149,,31
6095,19.7576,,148,,31.2
6096,19.7599,,148,,31.2
6097,19.7625,,149,,31.4
6098,19.7651,,149,,31.4
6099,19.768,,149,,31.6
6100,19.7706,,149,,31.6
6101,19.7738,,148,,31.6
6102,19.7767,,149,,31.4
6103,19.7799,,149,,31.2
6104,19.7835,,149,,31
6105,19.7864,,149,,31
6106,19.7894,,148,,31
6107,19.7926,,149,,31
6108,19.7956,,149,,30.8
6109,19.7995,,148,,31
6110,19.8023,,148,,31.2
6111,19.8055,,149,,31.4
6112,19.8086,,149,,31.4
6113,19.8113,,148,,31.4
6114,19.8144,,149,,31.4
6115,19.8172,,149,,31.4
6116,19.8203,,148,,31.6
6117,19.8238,,149,,31.4
6118,19.8272,,149,,31.4
6119,19.8304,,149,,31.6
6120,19.8336,,149,,31.6
6121,19.8364,,149,,31.8
6122,19.8394,,149,,31.6
6123,19.8421,,149,,31.6
6124,19.845,,150,,31.6
6125,19.8481,,150,,31.2
6126,19.8518,,150,,31.2
6127,19.8559,,150,,31
6128,19.86,,150,,31
6129,19.8638,,150,,30.8
6130,19.8674,,150,,30.6
6131,19.8713,,150,,30.8
6132,19.8757,,151,,30.6
6133,19.8793,,151,,30.8
6134,19.8829,,150,,30.8
6135,19.8866,,151,,31
6136,19.89,,150,,31.2
6137,19.8932,,150,,31.2
6138,19.8965,,150,,31.4
6139,19.8995,,150,,31.4
6140,19.9027,,151,,31.2
6141,19.9059,,150,,31.2
6142,19.9087,,150,,31
6143,19.9118,,150,,31.6
6144,19.9151,,150,,31.6
6145,19.9182,,150,,31.6
6146,19.9206,,150,,31.6
6147,19.9236,,150,,31.8
6148,19.9269,,149,,31.6
6149,19.9306,,149,,31
6150,19.9339,,149,,30.8
6151,19.9373,,149,,30.8
6152,19.9409,,149,,31
6153,19.9444,,149,,31.2
6154,19.9483,,148,,31.4
6155,19.9517,,148,,31.2
6156,19.9542,,148,,30.8
6157,19.9565,,148,,31
6158,19.959,,148,,30.4
6159,19.9615,,148,,30.4
6160,19.9645,,148,,30.2
6161,19.9678,,148,,30.4
6162,19.9714,,148,,30
6163,19.9751,,148,,29.2
6164,19.9784,,149,,29.6
6165,19.9815,,149,,29
6166,19.985,,150,,28.4
6167,19.9885,,150,,28.2
6168,19.9917,,150,,28.2
6169,19.995,,149,,28
6170,19.9984,,150,,28.4
6171,20.0019,,150,,29.2
6172,20.005,,151,,29.6
6173,20.0084,,150,,30
6174,20.0117,,151,,30
6175,20.0152,,151,,30
6176,20.0188,,151,,30.4
6177,20.0222,,151,,30.6
6178,20.0259,,152,,30.6
6179,20.0291,,152,,30.8
6180,20.0321,,151,,31.2
6181,20.0348,,152,,31.4
6182,20.0377,,151,,31.6
6183,20.0399,,151,,32
6184,20.0426,,151,,31.8
6185,20.0458,,151,,31.8
6186,20.0488,,151,,32
6187,20.0522,,151,,32
6188,20.056,,151,,32.2
6189,20.0583,,150,,32.4
6190,20.0606,,150,,32.8
6191,20.0627,,150,,32.8
6192,20.0653,,150,,33
6193,20.0697,,150,,32.8
6194,20.0733,,150,,32.8
6195,20.0766,,150,,32.6
6196,20.0796,,150,,32.6
6197,20.0829,,150,,32.8
6198,20.086,,150,,32.8
6199,20.0892,,150,,32.2
6200,20.0926,,150,,32.2
6201,20.0959,,150,,31.8
6202,20.0996,,150,,31.6
6203,20.1034,,149,,31
6204,20.1069,,150,,30.4
6205,20.1102,,150,,29.8
6206,20.1135,,150,,29.6
6207,20.1168,,149,,29.6
6208,20.1196,,150,,29.4
6209,20.1229,,150,,29.2
6210,20.1262,,149,,29
6211,20.1296,,149,,28.8
6212,20.1324,,149,,28.6
6213,20.1358,,149,,28
6214,20.1396,,149,,27.8
6215,20.143,,148,,27
6216,20.1467,,148,,26.6
6217,20.1496,,148,,26.4
6218,20.1529,,149,,25.8
6219,20.1557,,149,,25.6
6220,20.1582,,149,,25
6221,20.1617,,150,,24.8
6222,20.1642,,149,,24.6
6223,20.1676,,149,,24.4
6224,20.171,,150,,24
6225,20.1743,,150,,23.6
6226,20.1777,,150,,23.4
6227,20.1806,,150,,23.2
6228,20.1836,,150,,23.2
6229,20.1868,,149,,23
6230,20.1902,,150,,23
6231,20.1934,,150,,23
6232,20.1966,,150,,23.2
6233,20.1995,,150,,23.4
6234,20.2027,,151,,23.6
6235,20.2055,,151,,23.6
6236,20.2086,,151,,24
6237,20.2109,,151,,24.4
6238,20.2132,,152,,25
6239,20.2157,,152,,25.2
6240,20.2184,,152,,25.4
6241,20.2219,,152,,26
6242,20.2248,,152,,26.4
6243,20.228,,152,,26.6
6244,20.2308,,152,,27
6245,20.2345,,152,,27.2
6246,20.2378,,152,,27.4
6247,20.2415,,153,,27.8
6248,20.2446,,153,,27.8
6249,20.2473,,154,,28
6250,20.2502,,154,,28.2
6251,20.2535,,153,,28.4
6252,20.2575,,153,,28.8
6253,20.2615,,153,,29.2
6254,20.2648,,153,,29.4
6255,20.2681,,152,,29.4
6256,20.2712,,152,,29.8
6257,20.275,,152,,29.6
6258,20.2786,,153,,29.8
6259,20.2822,,153,,29.8
6260,20.2864,,153,,30
6261,20.2894,,152,,30.6
6262,20.2927,,153,,31.2
6263,20.2956,,153,,31.2
6264,20.2978,,153,,31.4
6265,20.3006,,153,,31.8
6266,20.3041,,153,,31.8
6267,20.3067,,153,,31.8
6268,20.3098,,153,,32
6269,20.3127,,153,,32.2
6270,20.3164,,154,,32.4
6271,20.3194,,153,,32.6
6272,20.3222,,153,,33
6273,20.3248,,153,,33.2
6274,20.3277,,153,,33.8
6275,20.3305,,153,,34
6276,20.3337,,153,,34.2
6277,20.3369,,153,,34.2
6278,20.3406,,153,,34.2
6279,20.3442,,153,,34.6
6280,20.3477,,153,,34.8
6281,20.3509,,153,,35.2
6282,20.3542,,153,,35.8
6283,20.3575,,152,,36.4
6284,20.361,,152,,37.2
6285,20.3644,,153,,38
6286,20.368,,153,,38.8
6287,20.371,,153,,39.2
6288,20.3741,,153,,39.6
6289,20.3772,,153,,40
6290,20.3795,,153,,40.6
6291,20.3827,,153,,40.2
6292,20.3861,,153,,40.4
6293,20.389,,153,,40.4
6294,20.3917,,153,,40.6
6295,20.3946,,154,,41
6296,20.3975,,154,,41.4
6297,20.401,,154,,41.6
6298,20.4044,,155,,42
6299,20.4076,,155,,42.4
6300,20.4116,,155,,42.6
6301,20.4146,,156,,43
6302,20.4176,,156,,43.2
6303,20.4209,,156,,43.6
6304,20.4246,,156,,44
6305,20.4278,,156,,44.4
6306,20.4309,,157,,44.6
6307,20.4345,,157,,44.8
6308,20.4373,,156,,45
6309,20.4404,,157,,45.6
6310,20.4429,,157,,45.6
6311,20.4452,,156,,45.6
6312,20.4481,,156,,46
6313,20.4513,,156,,46.6
6314,20.454,,156,,46.6
6315,20.4569,,155,,46.8
6316,20.4597,,155,,47
6317,20.4626,,155,,47.2
6318,20.4654,,155,,47.2
6319,20.468,,155,,47.6
6320,20.4702,,155,,47.4
6321,20.4736,,154,,47.6
6322,20.4767,,154,,47.8
6323,20.4802,,153,,48
6324,20.4838,,153,,48.4
6325,20.4868,,153,,48.8
6326,20.4899,,153,,49
6327,20.4932,,153,,49.4
6328,20.4965,,153,,49.6
6329,20.4988,,153,,50
6330,20.5018,,152,,50.4
6331,20.5051,,152,,50.4
6332,20.5077,,151,,50.4
6333,20.511,,152,,50.6
6334,20.5138,,151,,50.8
6335,20.5154,,151,,50
6336,20.5178,,152,,50
6337,20.5208,,152,,49.8
6338,20.5229,,152,,49.8
6339,20.5259,,151,,49.6
6340,20.5282,,152,,49.4
6341,20.531,,151,,49.4
6342,20.534,,151,,48.8
6343,20.537,,151,,48.4
6344,20.5397,,150,,48.2
6345,20.5426,,150,,48.4
6346,20.5459,,151,,48.4
6347,20.5488,,151,,48.2
6348,20.5518,,151,,48.2
6349,20.5552,,151,,48
6350,20.5585,,151,,47.6
6351,20.5617,,151,,47.2
6352,20.5643,,151,,47.2
6353,20.5672,,152,,47
6354,20.5701,,151,,47.2
6355,20.5725,,151,,47
6356,20.5751,,152,,46.8
6357,20.5776,,152,,46.6
6358,20.5806,,152,,46.6
6359,20.5837,,152,,46.6
6360,20.5868,,152,,46.8
6361,20.5898,,152,,47
6362,20.5926,,152,,47
6363,20.5952,,152,,46.8
6364,20.5985,,152,,46.8
6365,20.6018,,152,,46.6
6366,20.6051,,152,,46.6
6367,20.6084,,152,,46.8
6368,20.6114,,152,,46.6
6369,20.6145,,152,,46.6
6370,20.6178,,152,,47
6371,20.621,,153,,47
6372,20.6239,,153,,47.2
6373,20.6266,,152,,47.4
6374,20.6297,,152,,47.4
6375,20.633,,152,,47.4
6376,20.6358,,153,,47.2
6377,20.6387,,152,,46.8
6378,20.642,,152,,46.6
6379,20.6456,,153,,46.6
6380,20.6495,,153,,46.8
6381,20.6537,,153,,46.6
6382,20.6569,,153,,46.6
6383,20.6601,,153,,46.2
6384,20.6636,,153,,46
6385,20.6664,,153,,45.8
6386,20.6693,,153,,45
6387,20.6728,,153,,44.2
6388,20.676,,154,,43.8
6389,20.6789,,154,,43.6
6390,20.6822,,154,,43
6391,20.6849,,154,,42.6
6392,20.6879,,154,,42.4
6393,20.6912,,154,,42
6394,20.6938,,154,,41.8
6395,20.6962,,154,,41.4
6396,20.6985,,154,,41.4
6397,20.7016,,154,,41.2
6398,20.704,,154,,41.6
6399,20.7064,,155,,41.6
6400,20.7095,,154,,41.8
6401,20.7122,,154,,41.8
6402,20.7153,,154,,41.6
6403,20.7183,,154,,41.8
6404,20.7215,,153,,42
6405,20.7252,,154,,42.4
6406,20.7299,,153,,42.2
6407,20.7332,,154,,42.4
6408,20.7365,,154,,42.2
6409,20.7391,,154,,42.2
6410,20.7424,,155,,42
6411,20.7457,,155,,42
6412,20.7491,,155,,41.8
6413,20.7526,,154,,41.6
6414,20.7558,,155,,41.6
6415,20.7594,,155,,41.4
6416,20.7631,,155,,41.4
6417,20.7663,,154,,41.2
6418,20.769,,154,,41.4
6419,20.7722,,154,,41.4
6420,20.7752,,154,,41.4
6421,20.7777,,154,,41.6
6422,20.7811,,154,,41.6
6423,20.784,,153,,41.8
6424,20.7859,,153,,41.6
6425,20.7893,,153,,41.6
6426,20.7927,,153,,41.4
6427,20.7962,,152,,41.8
6428,20.8,,153,,41.6
6429,20.8034,,152,,41.6
6430,20.8059,,152,,41.2
6431,20.8089,,152,,41.2
6432,20.8112,,152,,40.8
6433,20.814,,151,,40.8
6434,20.8167,,152,,40.4
6435,20.8196,,152,,40
6436,20.8226,,151,,39.6
6437,20.8259,,151,,39
6438,20.8293,,151,,38.8
6439,20.8328,,151,,38.6
6440,20.8362,,151,,38.4
6441,20.8392,,151,,38.2
6442,20.8425,,151,,38
6443,20.8457,,151,,37.8
6444,20.8484,,151,,37.6
6445,20.8515,,151,,37.8
6446,20.8542,,150,,38.2
6447,20.8572,,150,,38.2
6448,20.8602,,149,,38.6
6449,20.8637,,150,,38.6
6450,20.8673,,149,,38.2
6451,20.8708,,150,,38.4
6452,20.874,,149,,38.2
6453,20.8769,,149,,38
6454,20.8798,,149,,37.8
6455,20.8827,,149,,37.6
6456,20.8852,,149,,37.6
6457,20.8883,,149,,37
6458,20.8916,,149,,37.2
6459,20.8953,,149,,36.8
6460,20.8981,,149,,36.6
6461,20.901,,149,,36.8
6462,20.9043,,150,,36.8
6463,20.9072,,149,,36.8
6464,20.911,,149,,37
6465,20.9144,,150,,36.8
6466,20.9176,,149,,36.8
6467,20.921,,149,,36.6
6468,20.9241,,149,,35.6
6469,20.9273,,149,,35.2
6470,20.9308,,149,,35
6471,20.9339,,149,,34.8
6472,20.9372,,149,,35
6473,20.9401,,149,,34.8
6474,20.943,,149,,34.4
6475,20.946,,150,,34.4
6476,20.9488,,150,,34.2
6477,20.9519,,149,,34.4
6478,20.9549,,149,,34
6479,20.9587,,149,,33
6480,20.9616,,148,,32.4
6481,20.9654,,148,,32.6
6482,20.9693,,148,,32.8
6483,20.973,,148,,32.4
6484,20.9762,,148,,32.2
6485,20.9791,,149,,32
6486,20.9824,,149,,31.8
6487,20.9851,,149,,31.6
6488,20.9877,,149,,31.2
6489,20.9907,,150,,31.4
6490,20.9933,,150,,31.2
6491,20.9961,,150,,30.4
6492,20.9993,,151,,30
6493,21.0025,,151,,29.8
6494,21.0058,,151,,29.2
6495,21.0094,,152,,28.4
6496,21.0124,,151,,28
6497,21.0155,,152,,28
6498,21.0188,,152,,27.8
6499,21.0224,,152,,27.8
6500,21.0254,,152,,27.8
6501,21.0285,,151,,28.2
6502,21.0319,,151,,27.6
6503,21.0356,,152,,28
6504,21.0389,,151,,28
6505,21.042,,151,,28
6506,21.0452,,151,,28.6
6507,21.0485,,151,,28.8
6508,21.0514,,151,,28.8
6509,21.0543,,152,,29
6510,21.0575,,152,,29.2
6511,21.061,,152,,29.6
6512,21.0647,,152,,30
6513,21.0676,,151,,30
6514,21.0708,,151,,30.6
6515,21.0738,,151,,30.6
6516,21.077,,151,,30.8
6517,21.08,,151,,31
6518,21.0833,,151,,31.2
6519,21.0867,,150,,31.2
6520,21.0899,,151,,31.4
6521,21.0927,,150,,31.6
6522,21.0959,,150,,32.4
6523,21.0994,,150,,32.8
6524,21.1024,,149,,33
6525,21.1058,,149,,33.2
6526,21.1091,,149,,33.4
6527,21.1122,,149,,33.4
6528,21.115,,149,,33.2
6529,21.118,,149,,33
6530,21.1211,,149,,32.8
6531,21.1242,,149,,32.6
6532,21.1269,,148,,32.4
6533,21.1298,,148,,32.2
6534,21.1333,,149,,32
6535,21.1367,,148,,32.4
6536,21.1399,,148,,32.2
6537,21.1429,,148,,32
6538,21.146,,148,,32.4
6539,21.1488,,148,,32.4
6540,21.1518,,148,,32.4
6541,21.1551,,148,,32.8
6542,21.1581,,148,,33.4
6543,21.1611,,149,,33.4
6544,21.1639,,149,,33.8
6545,21.1673,,149,,34
6546,21.1708,,149,,33.6
6547,21.1741,,149,,34
6548,21.1774,,149,,34.2
6549,21.1805,,150,,34.6
6550,21.1838,,149,,34.6
6551,21.1872,,150,,34.6
6552,21.1906,,150,,34.8
6553,21.194,,150,,34.6
6554,21.1971,,150,,34.6
6555,21.2,,150,,35.2
6556,21.2032,,150,,35.2
6557,21.2067,,150,,34.8
6558,21.21,,150,,34.8
6559,21.213,,150,,35
6560,21.216,,150,,34.8
6561,21.2192,,150,,34
6562,21.222,,150,,33.8
6563,21.225,,150,,33.4
6564,21.228,,150,,33.2
6565,21.2309,,150,,33
6566,21.2338,,150,,32.6
6567,21.2368,,150,,32.4
6568,21.2404,,150,,32.8
6569,21.2436,,150,,32.6
6570,21.2466,,151,,32.8
6571,21.2495,,151,,32.8
6572,21.2522,,151,,33
6573,21.2548,,151,,32.8
6574,21.2575,,151,,32.6
6575,21.2604,,151,,32.4
6576,21.2634,,152,,32.4
6577,21.2666,,152,,32.4
6578,21.2698,,151,,31.8
6579,21.2729,,152,,31.6
6580,21.2757,,151,,31.4
6581,21.2785,,151,,31.6
6582,21.2814,,151,,31.6
6583,21.2845,,151,,31.8
6584,21.2878,,151,,31.8
6585,21.291,,151,,31.8
6586,21.2942,,152,,31.8
6587,21.2972,,152,,31.6
6588,21.3004,,152,,32
6589,21.3035,,152,,32.2
6590,21.3065,,153,,32.6
6591,21.3095,,153,,32.6
6592,21.3123,,153,,32.8
6593,21.3155,,153,,33
6594,21.3187,,153,,33.2
6595,21.3217,,154,,33.2
6596,21.3248,,154,,33.2
6597,21.3283,,154,,33.4
6598,21.3317,,155,,33.2
6599,21.3349,,154,,33.6
6600,21.338,,155,,33.6
6601,21.3413,,155,,33.6
6602,21.3445,,155,,33.4
6603,21.3476,,155,,33.6
6604,21.3507,,154,,34.6
6605,21.354,,154,,34.8
6606,21.357,,154,,34.6
6607,21.3603,,154,,35
6608,21.3636,,153,,34.8
6609,21.3667,,153,,35.2
6610,21.3698,,153,,35
6611,21.3728,,153,,35
6612,21.376,,152,,35
6613,21.3792,,153,,34.8
6614,21.3822,,153,,35
6615,21.385,,152,,34.8
6616,21.388,,151,,34.8
6617,21.3907,,151,,34.6
6618,21.3934,,151,,34.4
6619,21.3963,,151,,34.2
6620,21.3987,,151,,34
6621,21.4015,,150,,33.8
6622,21.4043,,150,,33.8
6623,21.4073,,151,,33.6
6624,21.4106,,151,,33.2
6625,21.4143,,151,,33.8
6626,21.4178,,151,,33.8
6627,21.4208,,151,,33.4
6628,21.4238,,150,,33.2
6629,21.4274,,151,,33.4
6630,21.4307,,151,,33.6
6631,21.4341,,150,,33.6
6632,21.4375,,150,,33.8
6633,21.4407,,151,,34.4
6634,21.4437,,151,,34.8
6635,21.4466,,151,,34.4
6636,21.4497,,151,,34.4
6637,21.4531,,151,,34.6
6638,21.4563,,151,,34.6
6639,21.4596,,151,,34.8
6640,21.4627,,151,,34.6
6641,21.4659,,151,,34.6
6642,21.4691,,151,,34.6
6643,21.4722,,151,,34.4
6644,21.4749,,152,,33.8
6645,21.4776,,152,,33.6
6646,21.4806,,152,,33.2
6647,21.4834,,151,,32.6
6648,21.486,,151,,32
6649,21.4889,,151,,32
6650,21.492,,151,,32.2
6651,21.4949,,151,,32.4
6652,21.4979,,151,,32.6
6653,21.501,,151,,33.2
6654,21.5044,,151,,34
6655,21.5075,,151,,34.2
6656,21.5107,,152,,34.2
6657,21.5141,,152,,34.6
6658,21.5175,,153,,34.6
6659,21.5205,,153,,34.6
6660,21.5236,,153,,34.6
6661,21.5265,,153,,34.4
6662,21.5295,,153,,34.6
6663,21.5328,,153,,34.8
6664,21.5359,,153,,34.8
6665,21.539,,153,,34.6
6666,21.5424,,154,,34.4
6667,21.5459,,154,,34.4
6668,21.5492,,153,,34
6669,21.5525,,153,,34.2
6670,21.5558,,153,,34.6
6671,21.5591,,153,,34.6
6672,21.5623,,154,,34.8
6673,21.5651,,154,,34.6
6674,21.568,,154,,34.2
6675,21.5711,,154,,34
6676,21.5741,,154,,34
6677,21.5772,,154,,33.8
6678,21.5802,,155,,34.2
6679,21.5832,,155,,33.8
6680,21.5861,,155,,32.8
6681,21.5891,,155,,32.4
6682,21.592,,155,,32
6683,21.5949,,155,,31.6
6684,21.5981,,155,,31.2
6685,21.6012,,155,,31.4
6686,21.6044,,155,,31.6
6687,21.6072,,155,,31
6688,21.6102,,155,,31
6689,21.6132,,155,,31
6690,21.6159,,155,,30.6
6691,21.6188,,154,,30.4
6692,21.6217,,154,,30.2
6693,21.625,,155,,30.4
6694,21.628,,154,,30.2
6695,21.631,,154,,30.2
6696,21.6339,,154,,30
6697,21.6372,,153,,29.8
6698,21.6405,,153,,29.4
6699,21.6435,,153,,29.2
6700,21.6466,,153,,28.8
6701,21.6499,,153,,29
6702,21.653,,153,,29.4
6703,21.6559,,153,,29
6704,21.6589,,154,,29.4
6705,21.6623,,153,,30
6706,21.6658,,153,,31
6707,21.669,,153,,31.2
6708,21.6726,,153,,31.6
6709,21.6759,,153,,32
6710,21.6792,,152,,32
6711,21.6827,,153,,32.2
6712,21.6865,,152,,33
6713,21.6898,,153,,33
6714,21.6932,,153,,32.6
6715,21.6968,,153,,32.8
6716,21.6999,,153,,32.6
6717,21.7032,,153,,32.4
6718,21.7066,,153,,32.6
6719,21.7097,,153,,32
6720,21.7128,,154,,31.8
6721,21.7159,,154,,32
6722,21.7193,,153,,32
6723,21.7229,,153,,32.2
6724,21.7261,,154,,32.4
6725,21.7292,,153,,32.8
6726,21.7321,,153,,32.6
6727,21.7348,,153,,32.6
6728,21.7377,,153,,32.8
6729,21.7407,,153,,33
6730,21.7438,,153,,33.6
6731,21.747,,153,,34.6
6732,21.7502,,152,,35.4
6733,21.7538,,153,,36
6734,21.7573,,153,,36.4
6735,21.7602,,152,,36.4
6736,21.7634,,152,,37
6737,21.7667,,152,,37.6
6738,21.7698,,152,,37.4
6739,21.7729,,152,,37.6
6740,21.776,,152,,37.8
6741,21.7792,,153,,37.6
6742,21.782,,153,,37.4
6743,21.7848,,153,,37.8
6744,21.7879,,153,,38
6745,21.7911,,154,,38.4
6746,21.7937,,154,,38.6
6747,21.7966,,154,,38.8
6748,21.7992,,154,,38.8
6749,21.8023,,155,,39
6750,21.8051,,154,,39
6751,21.8076,,155,,38.6
6752,21.8104,,155,,38.6
6753,21.8131,,155,,38
6754,21.8159,,155,,37.6
6755,21.8188,,155,,36.8
6756,21.8218,,155,,36.2
6757,21.8245,,155,,35.4
6758,21.8277,,155,,35
6759,21.8305,,155,,34.4
6760,21.8334,,156,,34
6761,21.8365,,156,,33.8
6762,21.8397,,155,,33.6
6763,21.8426,,155,,33.2
6764,21.8454,,155,,32.8
6765,21.8485,,155,,33
6766,21.8518,,155,,33.6
6767,21.8549,,155,,33.8
6768,21.8579,,155,,34
6769,21.8608,,154,,34
6770,21.8638,,154,,34.2
6771,21.8668,,154,,34.2
6772,21.87,,153,,34.2
6773,21.873,,154,,34
6774,21.8764,,154,,34.2
6775,21.8795,,153,,34.4
6776,21.8826,,154,,34.8
6777,21.8858,,153,,34.2
6778,21.8892,,153,,34.2
6779,21.8927,,152,,34
6780,21.8963,,153,,34.4
6781,21.8995,,153,,34.4
6782,21.9023,,153,,34.4
6783,21.9053,,152,,34.8
6784,21.9081,,152,,34.2
6785,21.9112,,153,,34.4
6786,21.9144,,153,,34.4
6787,21.9172,,152,,33.8
6788,21.9202,,152,,34
6789,21.9232,,152,,33.6
6790,21.926,,152,,35
6791,21.9289,,152,,35
6792,21.9321,,151,,35
6793,21.9354,,151,,35.4
6794,21.9386,,151,,35.8
6795,21.9423,,151,,36
6796,21.9458,,151,,36.6
6797,21.9491,,151,,37.2
6798,21.9526,,151,,37
6799,21.956,,151,,37
6800,21.9593,,151,,37
6801,21.9624,,151,,37.2
6802,21.9656,,151,,37.4
6803,21.9686,,151,,37.4
6804,21.9717,,151,,37.8
6805,21.9751,,151,,38
6806,21.9782,,151,,38
6807,21.9812,,151,,38
6808,21.9842,,152,,38.2
6809,21.9873,,151,,38.4
6810,21.9907,,151,,38.4
6811,21.9939,,151,,38.8
6812,21.9967,,151,,38.8
6813,21.9993,,150,,38.8
6814,22.0023,,151,,38.6
6815,22.0054,,152,,38.6
6816,22.0086,,152,,39
6817,22.0112,,152,,38.6
6818,22.0139,,151,,38.2
6819,22.0169,,151,,38.6
6820,22.0199,,151,,39.2
6821,22.023,,152,,39.4
6822,22.0263,,151,,39.4
6823,22.0295,,151,,39.6
6824,22.0327,,151,,39.8
6825,22.0357,,151,,39.8
6826,22.0381,,151,,39.2
6827,22.0407,,153,,39
6828,22.0432,,153,,39.2
6829,22.0458,,153,,39.2
6830,22.0487,,153,,39
6831,22.0521,,153,,39.2
6832,22.0549,,153,,38.6
6833,22.0579,,153,,39.2
6834,22.061,,153,,39.2
6835,22.0638,,153,,39
6836,22.0661,,154,,38.8
6837,22.0691,,154,,38.8
6838,22.0715,,154,,38.8
6839,22.0744,,155,,38.2
6840,22.0777,,155,,37.8
6841,22.0809,,155,,37.6
6842,22.0838,,155,,37
6843,22.087,,155,,36.8
6844,22.0899,,154,,36.4
6845,22.0928,,153,,36.4
6846,22.0955,,152,,36
6847,22.0992,,152,,36.6
6848,22.1028,,151,,36.6
6849,22.106,,151,,36.4
6850,22.1087,,151,,35.6
6851,22.1118,,150,,35.4
6852,22.1149,,150,,35.2
6853,22.1181,,151,,35.4
6854,22.1216,,150,,35.4
6855,22.1253,,150,,35.4
6856,22.129,,151,,36.4
6857,22.1327,,151,,36.4
6858,22.136,,151,,37
6859,22.1392,,151,,36.4
6860,22.1422,,151,,36.8
6861,22.1457,,151,,37.8
6862,22.1491,,151,,38
6863,22.1516,,152,,37.6
6864,22.1548,,152,,37.6
6865,22.1584,,152,,37.6
6866,22.1615,,152,,37.8
6867,22.1644,,152,,38
6868,22.1668,,152,,38.2
6869,22.1698,,152,,38.8
6870,22.1726,,152,,38.4
6871,22.1754,,152,,38
6872,22.1783,,151,,38.6
6873,22.1811,,151,,38.8
6874,22.184,,151,,39.2
6875,22.187,,151,,39.4
6876,22.1901,,152,,38.6
6877,22.1932,,151,,37.6
6878,22.1962,,151,,37.8
6879,22.1991,,152,,37.8
6880,22.2022,,152,,38
6881,22.2047,,152,,38
6882,22.2072,,151,,38
6883,22.2097,,151,,37.4
6884,22.2129,,151,,37.4
6885,22.216,,151,,37.6
6886,22.2193,,151,,38
6887,22.2222,,151,,36.6
6888,22.2252,,151,,36.6
6889,22.2285,,151,,36.4
6890,22.2321,,151,,35.8
6891,22.2355,,151,,35.8
6892,22.239,,152,,35.4
6893,22.2424,,152,,35.6
6894,22.2458,,152,,36
6895,22.2488,,152,,35.6
6896,22.2516,,152,,35
6897,22.2546,,152,,34.2
6898,22.2581,,153,,34.4
6899,22.2618,,153,,34.4
6900,22.2653,,153,,34.6
6901,22.2687,,152,,34.4
6902,22.2723,,152,,34.8
6903,22.2757,,152,,35.6
6904,22.2791,,152,,35.6
6905,22.282,,152,,35.2
6906,22.2849,,152,,35.2
6907,22.2886,,153,,35.2
6908,22.2914,,152,,35
6909,22.2943,,152,,34.8
6910,22.2969,,152,,34.8
6911,22.2995,,152,,35
6912,22.3025,,152,,35.2
6913,22.3052,,151,,35.4
6914,22.3085,,151,,36
6915,22.3116,,151,,36.4
6916,22.3145,,151,,36.6
6917,22.3176,,151,,36.4
6918,22.3203,,151,,36.6
6919,22.3231,,151,,36.6
6920,22.3261,,151,,36.8
6921,22.3284,,151,,36.4
6922,22.3312,,151,,36.2
6923,22.3342,,150,,36.4
6924,22.3372,,150,,36.4
6925,22.3404,,150,,36.2
6926,22.3433,,150,,36
6927,22.3464,,150,,35.4
6928,22.3498,,150,,35
6929,22.3534,,150,,34.6
6930,22.3565,,150,,34
6931,22.3596,,149,,33.4
6932,22.3628,,149,,33.6
6933,22.3658,,149,,33.6
6934,22.3692,,149,,33.4
6935,22.3727,,149,,33
6936,22.376,,149,,33
6937,22.3797,,149,,33
6938,22.3832,,150,,33
6939,22.3864,,150,,33.4
6940,22.3897,,151,,33.4
6941,22.3925,,151,,33.6
6942,22.3956,,150,,34
6943,22.3983,,150,,34
6944,22.4006,,150,,34
6945,22.4035,,149,,34.2
6946,22.4064,,150,,34.8
6947,22.4093,,150,,34.6
6948,22.4125,,150,,35
6949,22.4156,,149,,35.2
6950,22.4188,,150,,35.2
6951,22.4219,,150,,35.2
6952,22.4253,,150,,35.4
6953,22.429,,150,,35.2
6954,22.433,,149,,35.2
6955,22.4368,,151,,35
6956,22.44,,150,,34.6
6957,22.4432,,151,,34
6958,22.4468,,152,,34
6959,22.4502,,152,,34.2
6960,22.4539,,151,,34.2
6961,22.4573,,152,,34.2
6962,22.4607,,152,,34.2
6963,22.4642,,152,,34.2
6964,22.4673,,152,,34
6965,22.4709,,152,,33.4
6966,22.4745,,152,,33.8
6967,22.4775,,152,,33.2
6968,22.4807,,152,,33.4
6969,22.4841,,152,,33.6
6970,22.4874,,153,,33.6
6971,22.4909,,153,,33.8
6972,22.4943,,153,,33.6
6973,22.4979,,153,,33.6
6974,22.5015,,153,,33.8
6975,22.5049,,152,,34.4
6976,22.5077,,153,,34.4
6977,22.5109,,153,,35
6978,22.5143,,153,,36.2
6979,22.5174,,153,,36.6
6980,22.5208,,153,,36.6
6981,22.5238,,153,,36.4
6982,22.527,,154,,36.2
6983,22.5302,,154,,36.4
6984,22.5331,,154,,36.2
6985,22.5362,,154,,36.2
6986,22.5394,,154,,36.4
6987,22.543,,154,,36.6
6988,22.5467,,154,,36.6
6989,22.5496,,156,,36.6
6990,22.5526,,157,,36.2
6991,22.5556,,158,,36
6992,22.5592,,158,,35.8
6993,22.5624,,158,,35.8
6994,22.5651,,160,,35.6
6995,22.5683,,160,,35
6996,22.5714,,160,,35.2
6997,22.5748,,160,,35.6
6998,22.5778,,160,,36.2
6999,22.5807,,160,,36
7000,22.5836,,160,,36.4
7001,22.5863,,160,,36.4
7002,22.5892,,160,,36.2
7003,22.5925,,160,,36.4
7004,22.5951,,160,,36
7005,22.5986,,160,,36
7006,22.6019,,159,,36
7007,22.6051,,159,,36.4
7008,22.6083,,159,,36.2
7009,22.6115,,159,,36.2
7010,22.6145,,159,,36.4
7011,22.6178,,159,,37
7012,22.6204,,159,,36.8
7013,22.6233,,159,,37
7014,22.6261,,159,,37.2
7015,22.629,,159,,37
7016,22.6322,,157,,37.2
7017,22.635,,157,,37
7018,22.6382,,157,,37
7019,22.6415,,157,,37
7020,22.6445,,157,,37
7021,22.6473,,157,,37.4
7022,22.6501,,157,,37.4
7023,22.653,,157,,37.2
7024,22.6554,,157,,36.6
7025,22.6582,,157,,36.6
7026,22.6614,,157,,37
7027,22.664,,157,,37.6
7028,22.6668,,157,,38.2
7029,22.6696,,156,,38.2
7030,22.6727,,155,,38.4
7031,22.6762,,155,,38.6
7032,22.6796,,155,,39
7033,22.6833,,155,,38.6
7034,22.6876,,155,,38.6
7035,22.6908,,155,,38.4
7036,22.6942,,155,,38.6
7037,22.6974,,155,,38.8
7038,22.7003,,155,,38.8
7039,22.703,,155,,39
7040,22.7053,,155,,39.2
7041,22.7075,,155,,39.4
7042,22.71,,155,,39.6
7043,22.7115,,155,,40
7044,22.7148,,155,,40.2
7045,22.7204,,155,,40.2
7046,22.722,,155,,40.8
7047,22.7277,,155,,41.4
7048,22.7305,,155,,41.6
7049,22.7341,,155,,41.4
7050,22.7367,,155,,41.2
7051,22.7403,,155,,41.6
7052,22.7433,,155,,41.4
7053,22.7462,,155,,41
7054,22.7498,,155,,40.8
7055,22.753,,155,,41
7056,22.756,,155,,41
7057,22.7594,,155,,40.8
7058,22.7627,,155,,40
7059,22.7661,,155,,40.2
7060,22.7695,,155,,40
7061,22.7726,,155,,39.8
7062,22.7756,,156,,39.6
7063,22.779,,156,,39.8
7064,22.7812,,156,,39.6
7065,22.7841,,157,,40
7066,22.7872,,157,,40.2
7067,22.7903,,158,,40
7068,22.7933,,158,,40.2
7069,22.796,,158,,40.4
7070,22.7996,,158,,40.6
7071,22.8024,,158,,40
7072,22.8053,,158,,39.8
7073,22.8085,,158,,39.6
7074,22.8115,,158,,39.4
7075,22.8142,,158,,39.2
7076,22.8174,,159,,39.2
7077,22.8202,,158,,38.6
7078,22.8236,,158,,38.6
7079,22.827,,158,,38.6
7080,22.8299,,158,,38.2
7081,22.8329,,158,,38
7082,22.8358,,159,,37.6
7083,22.8392,,159,,37.8
7084,22.8424,,158,,37.6
7085,22.8457,,157,,37.8
7086,22.8488,,157,,37.4
7087,22.8522,,157,,37.6
7088,22.8554,,159,,37
7089,22.8586,,159,,37.6
7090,22.8613,,159,,37.2
7091,22.8643,,158,,37.4
7092,22.8674,,158,,37.2
7093,22.8704,,158,,37.2
7094,22.8733,,158,,37.6
7095,22.8758,,158,,37.6
7096,22.8791,,158,,37.4
7097,22.8821,,157,,37
7098,22.8846,,157,,37
7099,22.8874,,156,,36.8
7100,22.8905,,156,,36.6
7101,22.8932,,156,,36
7102,22.8967,,157,,37
7103,22.8998,,157,,37.2
7104,22.9022,,157,,36.8
7105,22.9046,,157,,36.4
7106,22.9074,,158,,36.4
7107,22.911,,158,,37.2
7108,22.9142,,158,,37.2
7109,22.9172,,158,,36.8
7110,22.9208,,158,,37.2
7111,22.9238,,158,,37.6
7112,22.9268,,157,,37.6
7113,22.9304,,157,,38.2
7114,22.9335,,157,,38.2
7115,22.9365,,157,,38.6
7116,22.9393,,157,,38.8
7117,22.9423,,157,,39.4
7118,22.9455,,155,,39.6
7119,22.9491,,155,,40.2
7120,22.9524,,155,,40.6
7121,22.9552,,155,,40.8
7122,22.9572,,154,,40.6
7123,22.96,,154,,40.4
7124,22.9627,,154,,40
7125,22.9655,,154,,39.6
7126,22.969,,154,,39.8
7127,22.9716,,154,,39.4
7128,22.9752,,153,,39.4
7129,22.9784,,153,,39.4
7130,22.9813,,152,,38.8
7131,22.9843,,152,,38.2
7132,22.9869,,152,,38
7133,22.9902,,152,,38.4
7134,22.9936,,152,,38.6
7135,22.9967,,152,,38.8
7136,22.9997,,152,,38.6
7137,23.0021,,152,,38.2
7138,23.005,,152,,38.8
7139,23.008,,152,,38.8
7140,23.0105,,152,,38.2
7141,23.0139,,151,,38.4
7142,23.0171,,151,,38.4
7143,23.0201,,151,,38.8
7144,23.0233,,151,,39
7145,23.026,,152,,39
7146,23.0292,,152,,39.6
7147,23.0323,,152,,39.2
7148,23.0354,,152,,39.2
7149,23.0388,,152,,39.8
7150,23.0418,,150,,40
7151,23.045,,150,,40.2
7152,23.0486,,150,,40.8
7153,23.0521,,150,,41.2
7154,23.0557,,150,,41
7155,23.0587,,150,,41
7156,23.0618,,150,,41
7157,23.0652,,150,,40.6
7158,23.0681,,150,,40.6
7159,23.0713,,150,,40.6
7160,23.0746,,150,,40.6
7161,23.0777,,150,,40.6
7162,23.0807,,150,,41
7163,23.0834,,150,,40.8
7164,23.0866,,150,,40.6
7165,23.0899,,150,,40.6
7166,23.093,,150,,41
7167,23.0963,,150,,41.2
7168,23.0992,,150,,41.4
7169,23.1019,,150,,41
7170,23.1049,,150,,41
7171,23.1081,,150,,40.6
7172,23.1114,,150,,40.4
7173,23.1146,,150,,40.4
7174,23.1177,,150,,40.2
7175,23.1211,,150,,39.4
7176,23.1238,,150,,38.8
7177,23.1267,,150,,38.2
7178,23.1298,,150,,38.2
7179,23.1321,,150,,37.8
7180,23.1349,,148,,38
7181,23.138,,148,,37.8
7182,23.1408,,148,,38
7183,23.1438,,148,,38.6
7184,23.147,,148,,38.6
7185,23.1503,,148,,38
7186,23.1533,,148,,38
7187,23.1563,,148,,37.8
7188,23.1593,,148,,37.4
7189,23.1624,,148,,37.4
7190,23.1653,,148,,37.6
7191,23.1682,,148,,37.8
7192,23.1711,,148,,37.8
7193,23.174,,148,,38
7194,23.1766,,149,,37.6
7195,23.1794,,149,,37.6
7196,23.1825,,149,,37.8
7197,23.1858,,150,,38.2
7198,23.1883,,151,,38
7199,23.1919,,151,,38.4
7200,23.1954,,151,,38.6
7201,23.1989,,151,,38.8
7202,23.2017,,151,,38.4
7203,23.2046,,151,,38.4
7204,23.2076,,151,,39
7205,23.2105,,151,,38.6
7206,23.213,,150,,38.2
7207,23.2161,,151,,38.2
7208,23.2191,,151,,38
7209,23.2221,,151,,38.2
7210,23.2251,,151,,37.8
7211,23.228,,152,,37.8
7212,23.2314,,151,,38.2
7213,23.2341,,151,,37.8
7214,23.237,,151,,38
7215,23.2402,,151,,38
7216,23.2431,,151,,37.8
7217,23.2465,,151,,38.2
7218,23.2499,,151,,38
7219,23.2536,,151,,38.2
7220,23.257,,151,,38.6
7221,23.2604,,151,,38.6
7222,23.2634,,150,,39
7223,23.2664,,150,,39.2
7224,23.2692,,150,,39.2
7225,23.272,,151,,38.8
7226,23.2752,,150,,38.8
7227,23.2783,,151,,38.8
7228,23.2814,,151,,38.6
7229,23.2847,,151,,38.4
7230,23.2876,,150,,38.6
7231,23.2908,,150,,38.8
7232,23.294,,150,,38.8
7233,23.2971,,150,,38.6
7234,23.3001,,150,,38.6
7235,23.303,,151,,38
7236,23.3064,,151,,38.2
7237,23.3093,,151,,37.8
7238,23.3125,,151,,37.6
7239,23.3159,,151,,37.8
7240,23.3187,,151,,37.6
7241,23.322,,152,,38.2
7242,23.3252,,152,,38
7243,23.3282,,153,,37.8
7244,23.3314,,153,,37.8
7245,23.3345,,153,,37.8
7246,23.3375,,153,,38
7247,23.3407,,152,,37.8
7248,23.3437,,152,,38.2
7249,23.3466,,152,,38
7250,23.3493,,152,,37.6
7251,23.3519,,151,,37.2
7252,23.3546,,152,,37.6
7253,23.3575,,151,,37.4
7254,23.3602,,151,,37
7255,23.3631,,152,,37
7256,23.3662,,151,,37
7257,23.3689,,150,,37.2
7258,23.3712,,150,,36.6
7259,23.3738,,151,,36.6
7260,23.377,,151,,36.4
7261,23.3806,,151,,36.4
7262,23.3833,,151,,36.2
7263,23.3863,,150,,36.4
7264,23.3894,,150,,36.2
7265,23.3936,,150,,36
7266,23.3981,,150,,36.4
7267,23.4015,,150,,36.8
7268,23.4034,,150,,36.6
7269,23.4045,,150,,36.6
7270,23.4052,,149,,36.6
7271,23.4056,,148,,36.8
7272,23.4062,,148,,36.8
7273,23.4067,,147,,37
7274,23.4068,,147,,37.2
7275,23.4075,,147,,37.2
7276,23.4086,,146,,37.2
7277,23.4105,,146,,37.4
7278,23.4128,,147,,37.4
7279,23.4157,,146,,37.4
7280,23.4189,,148,,37.6
7281,23.4221,,147,,37.6
7282,23.4257,,147,,37.6
7283,23.4288,,147,,37.6
7284,23.4323,,147,,37.6
7285,23.4359,,147,,37.8
7286,23.4389,,146,,38.2
7287,23.4419,,147,,38.2
7288,23.4454,,146,,38.2
7289,23.4491,,146,,38.2
7290,23.4524,,146,,38.2
7291,23.4554,,146,,38.2
7292,23.4586,,146,,38.4
7293,23.4617,,146,,38.4
7294,23.4643,,146,,38.2
7295,23.4673,,146,,38
7296,23.4703,,146,,38
7297,23.473,,146,,37.6
7298,23.4753,,146,,37.2
7299,23.4779,,146,,36.6
7300,23.481,,145,,36.6
7301,23.4844,,145,,36.2
7302,23.4879,,145,,36.6
7303,23.4914,,145,,37.2
7304,23.4943,,146,,37
7305,23.4973,,146,,37.2
7306,23.5,,146,,36.8
7307,23.5025,,147,,36.2
7308,23.5053,,147,,36
7309,23.5073,,147,,35.4
7310,23.51,,147,,35.4
7311,23.5133,,147,,35.8
7312,23.516,,147,,35.2
7313,23.5189,,147,,34.8
7314,23.5224,,147,,34.6
7315,23.5258,,147,,34.4
7316,23.529,,147,,34.8
7317,23.5316,,148,,34.4
7318,23.535,,147,,34.2
7319,23.5386,,147,,33.8
7320,23.5416,,147,,34
7321,23.5448,,147,,34
7322,23.5476,,147,,34.2
7323,23.5508,,147,,33.8
7324,23.5542,,147,,34
7325,23.5572,,147,,34.4
7326,23.5601,,146,,34.6
7327,23.5628,,146,,34.4
7328,23.5652,,146,,34
7329,23.5677,,146,,34
7330,23.5705,,146,,34.2
7331,23.5734,,146,,34.2
7332,23.5754,,146,,33.8
7333,23.578,,146,,33.8
7334,23.5809,,146,,33.6
7335,23.5838,,146,,33.8
7336,23.5869,,146,,34.6
7337,23.5901,,146,,34.8
7338,23.5926,,146,,34.4
7339,23.5956,,146,,35
7340,23.5981,,146,,35.2
7341,23.6012,,146,,35.6
7342,23.6041,,146,,36
7343,23.6069,,145,,35
7344,23.6102,,145,,35
7345,23.6128,,145,,35.2
7346,23.6158,,145,,35.6
7347,23.6191,,145,,35.2
7348,23.6224,,145,,35.2
7349,23.6257,,144,,35.8
7350,23.6289,,144,,36
7351,23.6319,,144,,35.8
7352,23.6353,,144,,36.4
7353,23.6378,,145,,36.2
7354,23.6406,,145,,35.8
7355,23.6437,,145,,35.8
7356,23.6468,,146,,35.6
7357,23.6504,,146,,35.6
7358,23.6533,,147,,35.2
7359,23.6568,,147,,35.4
7360,23.6598,,147,,35.4
7361,23.6625,,147,,35.2
7362,23.6653,,147,,35
7363,23.6686,,148,,35.2
7364,23.672,,149,,35.2
7365,23.675,,148,,35.4
7366,23.6782,,148,,35.4
7367,23.681,,149,,35.6
7368,23.6841,,149,,35.8
7369,23.687,,149,,35
7370,23.6904,,149,,35
7371,23.6937,,149,,35
7372,23.6968,,149,,35.8
7373,23.6998,,149,,36.2
7374,23.7032,,149,,36.6
7375,23.706,,149,,35.8
7376,23.7092,,149,,35.2
7377,23.7125,,149,,34.6
7378,23.7158,,149,,34.6
7379,23.7186,,149,,34.4
7380,23.7217,,149,,33.8
7381,23.7249,,149,,33.8
7382,23.7283,,149,,34
7383,23.7312,,148,,33.2
7384,23.7338,,149,,32.8
7385,23.737,,148,,32.4
7386,23.7406,,148,,32.6
7387,23.7445,,148,,32.4
7388,23.7477,,147,,32.2
7389,23.7509,,147,,32
7390,23.7542,,147,,32.2
7391,23.7576,,147,,32
7392,23.7609,,147,,32.4
7393,23.764,,147,,32.2
7394,23.7671,,147,,32.2
7395,23.7704,,147,,32.6
7396,23.7736,,147,,32.8
7397,23.7767,,147,,32.6
7398,23.779,,147,,32.6
7399,23.7824,,146,,33
7400,23.7854,,146,,33
7401,23.7882,,147,,33.4
7402,23.7906,,146,,33.6
7403,23.7936,,146,,34
7404,23.7967,,146,,34.6
7405,23.7999,,147,,34.8
7406,23.8034,,147,,35.4
7407,23.8065,,146,,35.6
7408,23.8099,,146,,35.6
7409,23.8131,,146,,36.2
7410,23.8163,,147,,36.8
7411,23.8194,,148,,37.6
7412,23.8222,,148,,37
7413,23.8254,,148,,37
7414,23.8283,,148,,37.2
7415,23.8315,,147,,37.2
7416,23.8346,,147,,37
7417,23.8378,,147,,37
7418,23.8409,,147,,37
7419,23.8446,,147,,37.4
7420,23.8478,,147,,37.2
7421,23.8507,,147,,37.2
7422,23.854,,146,,37.4
7423,23.8575,,146,,37.2
7424,23.8611,,147,,37.2
7425,23.8644,,146,,37
7426,23.8674,,147,,36.6
7427,23.871,,146,,36.8
7428,23.8744,,147,,37
7429,23.8775,,147,,37.2
7430,23.8806,,146,,37.4
7431,23.8832,,146,,37.6
7432,23.8858,,146,,37.4
7433,23.889,,146,,37.6
7434,23.8918,,146,,37.2
7435,23.8944,,146,,37
7436,23.8957,,147,,36
7437,23.898,,147,,35.6
7438,23.9008,,147,,35.6
7439,23.9036,,147,,35.8
7440,23.9067,,147,,35.8
7441,23.9097,,147,,35.6
7442,23.9125,,147,,35.4
7443,23.915,,146,,35.6
7444,23.9179,,146,,36
7445,23.9207,,146,,36.4
7446,23.9232,,146,,36
7447,23.9261,,146,,36
7448,23.9291,,146,,35.8
7449,23.932,,146,,36
7450,23.9351,,146,,36.2
7451,23.9378,,146,,35.8
7452,23.9413,,146,,35.8
7453,23.9449,,146,,35.8
7454,23.948,,146,,35.6
7455,23.9515,,146,,35.6
7456,23.9549,,145,,35.4
7457,23.9582,,146,,35.6
7458,23.9615,,145,,35.8
7459,23.9649,,145,,35.8
7460,23.9684,,146,,35.6
7461,23.9716,,146,,35.6
7462,23.975,,146,,35
7463,23.9784,,146,,34
7464,23.9812,,147,,33.4
7465,23.9846,,148,,33.4
7466,23.988,,147,,33.2
7467,23.9914,,147,,33.8
7468,23.9946,,147,,34
7469,23.997,,147,,33.6
7470,24.0001,,147,,33.8
7471,24.0038,,148,,34.2
7472,24.007,,148,,34.4
7473,24.0107,,148,,35
7474,24.0139,,148,,34.8
7475,24.0176,,148,,35
7476,24.0212,,148,,34.6
7477,24.0242,,148,,34.4
7478,24.0274,,148,,34.2
7479,24.0307,,148,,34.6
7480,24.034,,148,,34.4
7481,24.0371,,148,,34.2
7482,24.0401,,147,,34.4
7483,24.0432,,147,,34.4
7484,24.0465,,148,,35
7485,24.0495,,147,,35
7486,24.053,,147,,35.6
7487,24.0559,,147,,35.6
7488,24.0591,,147,,36
7489,24.0624,,147,,36
7490,24.0653,,147,,36.2
7491,24.0687,,147,,36.6
7492,24.0717,,147,,37
7493,24.0745,,147,,37.2
7494,24.0775,,147,,36.8
7495,24.0802,,147,,36.4
7496,24.0832,,147,,36.4
7497,24.0864,,147,,36.6
7498,24.0895,,147,,36.6
7499,24.0925,,147,,37
7500,24.0954,,147,,36.8
7501,24.098,,147,,36.4
7502,24.1008,,147,,36.4
7503,24.103,,147,,36.4
7504,24.1064,,147,,37
7505,24.1099,,147,,37
7506,24.1137,,147,,37.4
7507,24.1172,,147,,37.6
7508,24.1199,,147,,37.6
7509,24.1231,,148,,38.4
7510,24.1262,,149,,38.4
7511,24.1287,,149,,38
7512,24.1315,,149,,37.8
7513,24.1343,,150,,38.4
7514,24.1368,,150,,38.6
7515,24.1398,,150,,38.6
7516,24.1431,,150,,39
7517,24.1463,,150,,39.4
7518,24.1494,,150,,39.4
7519,24.1527,,150,,39.2
7520,24.1561,,150,,39.4
7521,24.1592,,151,,39.6
7522,24.1623,,151,,39.4
7523,24.1651,,150,,39.8
7524,24.1677,,151,,39.8
7525,24.1707,,151,,39.6
7526,24.1736,,150,,39.4
7527,24.1768,,150,,39.4
7528,24.1803,,151,,39.4
7529,24.1828,,151,,38.8
7530,24.1859,,151,,38.6
7531,24.1888,,151,,38.6
7532,24.1915,,151,,38.2
7533,24.1944,,151,,37.8
7534,24.1975,,151,,37.8
7535,24.1998,,150,,37.4
7536,24.2013,,151,,37
7537,24.2021,,150,,36.8
7538,24.2027,,149,,36.8
7539,24.2042,,149,,36.6
7540,24.2065,,151,,36.6
7541,24.2092,,151,,36.6
7542,24.2122,,151,,36.6
7543,24.2159,,151,,36.4
7544,24.2187,,152,,36
7545,24.2215,,152,,36
7546,24.2246,,152,,35.6
7547,24.2277,,152,,35.6
7548,24.231,,152,,35.6
7549,24.2344,,152,,35.8
7550,24.2373,,152,,35.6
7551,24.2412,,152,,35.6
7552,24.245,,152,,36.2
7553,24.2478,,151,,36
7554,24.2511,,152,,36.2
7555,24.2542,,153,,36.4
7556,24.2574,,153,,36.8
7557,24.2603,,153,,37
7558,24.2633,,152,,37.2
7559,24.2672,,152,,37.8
7560,24.2706,,151,,37.6
7561,24.2738,,151,,37.4
7562,24.2772,,151,,37.4
7563,24.2804,,152,,37.8
7564,24.2832,,152,,37.8
7565,24.286,,152,,37.4
7566,24.289,,152,,37.6
7567,24.2918,,152,,37.2
7568,24.2948,,152,,37.4
7569,24.2977,,152,,37.6
7570,24.3007,,152,,38
7571,24.3036,,152,,38
7572,24.3067,,152,,37.4
7573,24.3101,,152,,37.6
7574,24.3131,,151,,37.8
7575,24.315,,152,,37.2
7576,24.3178,,152,,37
7577,24.3215,,152,,36.8
7578,24.3243,,152,,36.8
7579,24.3273,,152,,36.8
7580,24.331,,152,,37
7581,24.3341,,151,,37
7582,24.337,,151,,36.2
7583,24.3409,,151,,36.4
7584,24.3442,,152,,36.4
7585,24.347,,152,,36
7586,24.3503,,152,,35.6
7587,24.3534,,152,,35.4
7588,24.3565,,152,,35.4
7589,24.3592,,152,,35.6
7590,24.3619,,152,,35.4
7591,24.365,,152,,35
7592,24.3679,,152,,34.8
7593,24.3705,,152,,34.2
7594,24.3731,,152,,34
7595,24.3763,,152,,34.2
7596,24.3794,,152,,34.2
7597,24.3825,,152,,33.8
7598,24.3856,,152,,34
7599,24.3889,,152,,34.6
7600,24.3906,,152,,34.2
7601,24.3922,,151,,34
7602,24.3942,,151,,34.2
7603,24.3964,,151,,33.8
7604,24.3982,,152,,33.6
7605,24.4005,,151,,33.8
7606,24.4037,,151,,33.8
7607,24.408,,151,,33.6
7608,24.4126,,152,,34.4
7609,24.4163,,152,,35.2
7610,24.42,,152,,35.6
7611,24.4237,,152,,36
7612,24.4273,,152,,35.8
7613,24.4314,,152,,36
7614,24.4356,,152,,36
7615,24.4393,,152,,35.4
7616,24.4427,,152,,35.2
7617,24.4459,,152,,34.6
7618,24.4492,,152,,34.8
7619,24.4525,,152,,34.8
7620,24.4558,,152,,34.4
7621,24.4589,,153,,34
7622,24.4617,,152,,33.4
7623,24.465,,153,,33.4
7624,24.468,,153,,33.6
7625,24.471,,152,,34.4
7626,24.474,,153,,34.6
7627,24.4767,,153,,34.6
7628,24.4796,,153,,34.4
7629,24.4826,,153,,34.6
7630,24.4847,,153,,34.2
7631,24.4876,,154,,34.2
7632,24.4908,,154,,33.8
7633,24.4939,,154,,33.8
7634,24.4972,,153,,33.6
7635,24.5002,,153,,33.6
7636,24.5036,,153,,33.8
7637,24.5072,,153,,34.2
7638,24.5103,,153,,34.4
7639,24.514,,154,,35
7640,24.5176,,154,,36
7641,24.5205,,154,,36
7642,24.5237,,154,,36.4
7643,24.5267,,153,,36.8
7644,24.5292,,154,,36.8
7645,24.5323,,154,,37
7646,24.5352,,154,,37.2
7647,24.5376,,154,,37.6
7648,24.5406,,155,,37.8
7649,24.5433,,155,,38
7650,24.5465,,155,,38.8
7651,24.5496,,155,,39
7652,24.5523,,155,,39
7653,24.5556,,156,,39.4
7654,24.5589,,157,,39.6
7655,24.5617,,157,,39.6
7656,24.5648,,157,,40
7657,24.5668,,157,,39.8
7658,24.5698,,157,,40
7659,24.5729,,158,,40.4
7660,24.5758,,158,,40.6
7661,24.5789,,159,,40.2
7662,24.5819,,159,,40.6
7663,24.5847,,158,,40.8
7664,24.5876,,158,,40.8
7665,24.5903,,158,,40.8
7666,24.5934,,158,,40.8
7667,24.5963,,159,,40.6
7668,24.5991,,158,,41
7669,24.6019,,158,,41.2
7670,24.6048,,158,,41.4
7671,24.6074,,159,,41.4
7672,24.6105,,159,,41.6
7673,24.6137,,159,,41.8
7674,24.6162,,160,,41.8
7675,24.6194,,160,,41.6
7676,24.6224,,160,,41.8
7677,24.6254,,160,,42.2
7678,24.6285,,160,,42.2
7679,24.6314,,160,,42.4
7680,24.6342,,160,,42.8
7681,24.6367,,160,,41.8
7682,24.639,,160,,41.6
7683,24.6415,,160,,41.6
7684,24.6437,,160,,40.4
7685,24.6465,,160,,40.6
7686,24.6496,,160,,41
7687,24.6525,,160,,40.6
7688,24.6557,,159,,40.2
7689,24.6586,,160,,39.8
7690,24.6612,,159,,40
7691,24.6639,,159,,40
7692,24.6665,,159,,39.8
7693,24.6693,,159,,39.8
7694,24.6721,,160,,39.6
7695,24.6752,,160,,39.2
7696,24.6783,,159,,39.2
7697,24.6816,,159,,39.6
7698,24.6852,,158,,40
7699,24.6888,,159,,39.8
7700,24.6924,,159,,39.8
7701,24.6955,,159,,40
7702,24.6991,,159,,40.2
7703,24.7027,,159,,40.4
7704,24.7064,,159,,41
7705,24.7103,,159,,41
7706,24.7138,,158,,41.4
7707,24.7173,,157,,41.6
7708,24.7208,,157,,41.8
7709,24.724,,156,,42
7710,24.7275,,156,,42.8
7711,24.7305,,156,,43.8
7712,24.7338,,156,,43.8
7713,24.737,,156,,43.6
7714,24.7408,,155,,44.4
7715,24.744,,154,,44.6
7716,24.7472,,155,,44.6
7717,24.7505,,154,,44.8
7718,24.754,,154,,45.2
7719,24.7566,,154,,44.6
7720,24.7596,,153,,44.6
7721,24.7627,,153,,44.2
7722,24.7659,,152,,43.8
7723,24.7692,,152,,43.6
7724,24.7723,,152,,43.2
7725,24.7755,,152,,43
7726,24.7788,,151,,43
7727,24.7815,,151,,42.4
7728,24.7846,,151,,42.6
7729,24.7876,,150,,42.2
7730,24.7901,,150,,41.4
7731,24.7936,,150,,41.6
7732,24.7967,,150,,41.4
7733,24.8,,150,,41.2
7734,24.8031,,149,,41.2
7735,24.8061,,149,,40.6
7736,24.8096,,149,,40.6
7737,24.8127,,148,,40.4
7738,24.8158,,148,,40.2
7739,24.8183,,147,,40
7740,24.8216,,147,,40.4
7741,24.8254,,147,,40.8
7742,24.8284,,146,,40.4
7743,24.8316,,146,,40
7744,24.8346,,147,,39.4
7745,24.8378,,147,,38.8
7746,24.8411,,147,,38.6
7747,24.8444,,147,,38.6
7748,24.8479,,146,,38.6
7749,24.8513,,146,,38.6
7750,24.8548,,146,,38.8
7751,24.8582,,146,,38.6
7752,24.8613,,146,,38.8
7753,24.8634,,146,,38.4
7754,24.8645,,146,,38.4
7755,24.8645,,145,,37.4
7756,24.8645,,145,,37.4
7757,24.8645,,145,,36.8
7758,24.8645,,145,,36
7759,24.8645,,145,,35.2
7760,24.8645,,146,,34.8
7761,24.8645,,145,,34.4
7762,24.8645,,145,,34
7763,24.8645,,145,,33.8
7764,24.8649,,145,,33.4
7765,24.8668,,145,,33
7766,24.8689,,145,,32.8
7767,24.8715,,145,,32.4
7768,24.8743,,145,,32.2
7769,24.8764,,145,,31.8
7770,24.8774,,144,,31.4
7771,24.8783,,143,,30.8
7772,24.879,,142,,30.6
7773,24.88,,141,,30.6
7774,24.8803,,140,,30.4
7775,24.8811,,140,,30.4
7776,24.8816,,138,,30
7777,24.882,,137,,30
7778,24.8823,,137,,30
7779,24.8826,,137,,29.8
7780,24.8829,,137,,29.8
7781,24.883,,137,,29.8
7782,24.883,,136,,29.8
7783,24.883,,135,,29.8
7784,24.883,,134,,30
7785,24.883,,134,,30
7786,24.8831,,134,,30
7787,24.8832,,134,,30
7788,24.8833,,134,,30
7789,24.8833,,0,,30
7790,24.8834,,0,,29.8
7791,24.8837,,0,,29.8
7792,24.8845,,0,,29.8
7793,24.8851,,0,,29.8
7794,24.8871,,0,,29.8
7795,24.8892,,133,,29.8
7796,24.8921,,133,,29.8
7797,24.8954,,132,,29.6
7798,24.8988,,132,,29.6
7799,24.9022,,131,,29.4
7800,24.9055,,131,,29.6
7801,24.9088,,131,,29.6
7802,24.9121,,131,,29.6
7803,24.9152,,130,,29.6
7804,24.9183,,130,,29.4
7805,24.921,,130,,28
7806,24.9241,,130,,28
7807,24.9277,,130,,28.2
7808,24.9313,,130,,28.6
7809,24.9347,,130,,28.8
7810,24.9388,,130,,30.2
7811,24.9423,,130,,30.4
7812,24.9456,,130,,30.4
7813,24.9487,,130,,30
7814,24.9517,,130,,30
7815,24.9551,,130,,30.4
7816,24.9582,,130,,30.4
7817,24.9603,,130,,29.4
7818,24.9636,,130,,29.2
7819,24.967,,130,,29.8
7820,24.9701,,130,,29.8
7821,24.9734,,130,,30.2
7822,24.9764,,130,,30.2
7823,24.9792,,130,,29.8
7824,24.9824,,130,,29.8
7825,24.9858,,130,,30.2
7826,24.9891,,130,,30.6
7827,24.9917,,130,,30.2
7828,24.9949,,130,,30
7829,24.9982,,130,,30.2
7830,25.0015,,130,,30.4
7831,25.0042,,130,,30.2
7832,25.0076,,130,,30
7833,25.0108,,130,,29.8
7834,25.0133,,130,,29.2
7835,25.0164,,129,,29.6
7836,25.0196,,129,,29.8
7837,25.022,,130,,29
7838,25.0251,,130,,28.4
7839,25.028,,130,,28.2
7840,25.031,,130,,28
7841,25.0341,,130,,28
7842,25.0367,,130,,27.8
7843,25.0396,,130,,27.4
7844,25.0426,,130,,27.4
7845,25.0463,,130,,27.8
7846,25.0495,,130,,27.8
7847,25.0529,,131,,27.8
7848,25.0564,,132,,28.2
7849,25.0602,,132,,28.6
7850,25.0639,,132,,28.8
7851,25.0672,,132,,29
7852,25.0707,,131,,28.8
7853,25.0742,,131,,28.8
7854,25.0775,,131,,28.4
7855,25.0806,,131,,28.2
7856,25.0842,,131,,28.4
7857,25.0873,,131,,28
7858,25.0908,,131,,27.8
7859,25.0939,,131,,27.6
7860,25.0967,,131,,27.2
7861,25.0999,,131,,27.6
7862,25.1023,,131,,26.8
7863,25.1051,,131,,26.2
7864,25.1081,,131,,26
7865,25.1108,,131,,25.4
7866,25.1135,,131,,25.4
7867,25.1157,,131,,24.6
7868,25.1189,,131,,24.6
7869,25.1215,,132,,24
7870,25.1246,,132,,23.6
7871,25.1276,,132,,23.6
7872,25.1304,,132,,23.8
7873,25.1335,,132,,24.4
7874,25.1372,,132,,25
7875,25.1402,,132,,25.2
7876,25.1431,,134,,25.2
7877,25.1463,,134,,25.2
7878,25.1497,,134,,25.4
7879,25.1524,,134,,25
7880,25.1556,,133,,25.4
7881,25.159,,133,,25.2
7882,25.1625,,133,,25.4
7883,25.1657,,133,,25.2
7884,25.1686,,133,,25.4
7885,25.1718,,133,,25.2
7886,25.1753,,133,,25.6
7887,25.1781,,133,,25
7888,25.1813,,133,,25.4
7889,25.1842,,133,,25.4
7890,25.1872,,133,,25
7891,25.1902,,133,,25
7892,25.1936,,133,,25.8
7893,25.1968,,133,,25.2
7894,25.1997,,133,,24.6
7895,25.2029,,133,,25
7896,25.2056,,133,,24.4
7897,25.2078,,133,,23.6
7898,25.2108,,133,,22.4
7899,25.2141,,133,,22.6
7900,25.217,,133,,22.8
7901,25.2199,,133,,22.8
7902,25.2229,,133,,22.4
7903,25.2258,,133,,22.4
7904,25.229,,133,,22.4
7905,25.232,,133,,22
7906,25.2351,,133,,22.2
7907,25.2382,,133,,22
7908,25.2411,,133,,22.2
7909,25.2441,,133,,22.2
7910,25.2473,,133,,22.2
7911,25.2504,,133,,22
7912,25.2535,,133,,21.6
7913,25.2564,,133,,21.4
7914,25.2591,,133,,21.2
7915,25.2624,,133,,21.4
7916,25.2655,,134,,21.8
7917,25.2685,,135,,21.8
7918,25.2717,,135,,22
7919,25.2749,,136,,21.8
7920,25.278,,137,,21.8
7921,25.2812,,137,,21.6
7922,25.2847,,137,,22.2
7923,25.2883,,138,,22.4
7924,25.2912,,139,,22.2
7925,25.2945,,140,,22.2
7926,25.2977,,140,,21.8
7927,25.3008,,141,,21.6
7928,25.3042,,142,,21.8
7929,25.3074,,143,,21.8
7930,25.3105,,145,,22
7931,25.314,,146,,22
7932,25.3174,,147,,22.4
7933,25.3207,,147,,22.8
7934,25.3238,,147,,22.6
7935,25.327,,148,,22.6
7936,25.3304,,148,,23
7937,25.3335,,149,,23.4
7938,25.337,,149,,23.8
7939,25.3401,,149,,24
7940,25.3431,,149,,24
7941,25.3458,,149,,23.4
7942,25.3485,,149,,23.6
7943,25.3517,,150,,23.6
7944,25.3546,,150,,23.4
7945,25.3579,,149,,23.4
7946,25.361,,149,,23.6
7947,25.3642,,149,,23.6
7948,25.3677,,149,,23.8
7949,25.3709,,149,,23.8
7950,25.3741,,149,,24
7951,25.3772,,149,,24
7952,25.3804,,150,,24.2
7953,25.3839,,150,,24.4
7954,25.3872,,150,,24.6
7955,25.3907,,150,,24.8
7956,25.3939,,150,,24.4
7957,25.397,,150,,24.2
7958,25.4003,,150,,24.4
7959,25.4033,,151,,24
7960,25.4064,,151,,24
7961,25.4092,,151,,23.6
7962,25.4125,,152,,23.4
7963,25.4155,,151,,23
7964,25.4185,,151,,22.8
7965,25.4216,,151,,22.6
7966,25.4246,,152,,22.4
7967,25.4279,,152,,22.4
7968,25.431,,153,,22.4
7969,25.4341,,153,,22.2
7970,25.4369,,153,,21.6
7971,25.4398,,153,,21.6
7972,25.4429,,152,,21.6
7973,25.446,,153,,21.8
7974,25.4496,,152,,21.8
7975,25.4531,,153,,21.8
7976,25.4563,,152,,22
7977,25.4598,,153,,22.4
7978,25.463,,153,,22.6
7979,25.4663,,153,,22.6
7980,25.4696,,153,,22.6
7981,25.4729,,153,,23
7982,25.4764,,153,,23.4
7983,25.4793,,153,,23
7984,25.4825,,153,,23.4
7985,25.4857,,153,,23.8
7986,25.4885,,154,,23.8
7987,25.4916,,153,,23.8
7988,25.4948,,153,,24
7989,25.4984,,153,,24.4
7990,25.5022,,153,,25
7991,25.5052,,153,,24.6
7992,25.5085,,153,,25
7993,25.5118,,154,,25.4
7994,25.5151,,153,,25.2
7995,25.5182,,153,,24.8
7996,25.521,,153,,24
7997,25.5242,,154,,24.2
7998,25.5273,,153,,24.2
7999,25.5303,,153,,24.4
8000,25.533,,152,,24
8001,25.5358,,152,,23.6
8002,25.5385,,152,,23.2
8003,25.5405,,152,,22.2
8004,25.5431,,152,,21.6
8005,25.546,,152,,21.6
8006,25.5488,,152,,21.4
8007,25.5518,,152,,21.2
8008,25.555,,152,,21
8009,25.5579,,152,,21
8010,25.5611,,152,,20.8
8011,25.5636,,152,,20.6
8012,25.5663,,152,,20.4
8013,25.5691,,152,,21
8014,25.572,,152,,21
8015,25.5752,,152,,20.8
8016,25.5781,,152,,20.4
8017,25.5809,,153,,20.4
8018,25.5839,,152,,20.4
8019,25.5871,,152,,20.4
8020,25.5905,,152,,20.4
8021,25.5937,,152,,20.4
8022,25.5969,,153,,20.4
8023,25.6005,,153,,20.8
8024,25.6035,,153,,20.8
8025,25.6069,,153,,20.8
8026,25.6102,,153,,20.8
8027,25.6135,,152,,20.8
8028,25.6165,,152,,20.8
8029,25.6192,,152,,20.2
8030,25.6225,,152,,20.2
8031,25.6258,,152,,20
8032,25.6293,,152,,19.2
8033,25.6328,,152,,19.2
8034,25.6364,,152,,19.8
8035,25.6397,,152,,20
8036,25.643,,152,,20
8037,25.6463,,153,,20.6
8038,25.6498,,153,,20.6
8039,25.6529,,153,,20.8
8040,25.6562,,152,,20.6
8041,25.6595,,152,,20.6
8042,25.6626,,152,,20.6
8043,25.6657,,153,,20.8
8044,25.6686,,152,,20.8
8045,25.6716,,152,,20.8
8046,25.6747,,153,,20.8
8047,25.6776,,152,,20.2
8048,25.6812,,153,,20.2
8049,25.6843,,153,,20.4
8050,25.6874,,153,,20.4
8051,25.6906,,153,,20.4
8052,25.6944,,152,,20.8
8053,25.698,,153,,20.6
8054,25.701,,153,,20.2
8055,25.7038,,153,,20.6
8056,25.7064,,154,,20.6
8057,25.709,,153,,20.4
8058,25.7121,,154,,20.8
8059,25.7147,,153,,20
8060,25.7175,,154,,19.8
8061,25.7207,,154,,20.2
8062,25.7234,,153,,20.8
8063,25.7266,,153,,20.4
8064,25.7295,,153,,19.8
8065,25.7327,,153,,19.4
8066,25.736,,153,,19.2
8067,25.7388,,153,,18.8
8068,25.7417,,152,,18
8069,25.7444,,152,,17.4
8070,25.7475,,152,,16.8
8071,25.7507,,152,,16.8
8072,25.7541,,151,,17
8073,25.7574,,152,,17.2
8074,25.7603,,152,,17
8075,25.763,,151,,16.8
8076,25.7662,,151,,16.8
8077,25.7696,,151,,17
8078,25.7724,,151,,17
8079,25.775,,152,,17
8080,25.7781,,152,,17
8081,25.7812,,153,,17.4
8082,25.784,,154,,17.8
8083,25.7867,,154,,17.8
8084,25.7893,,154,,17.8
8085,25.7922,,154,,17.8
8086,25.795,,154,,17.8
8087,25.7984,,154,,17.8
8088,25.8016,,154,,17.4
8089,25.8045,,154,,17.2
8090,25.8072,,154,,16.8
8091,25.8098,,154,,16.2
8092,25.8127,,154,,15.8
8093,25.8146,,154,,14.6
8094,25.8174,,154,,14.4
8095,25.8205,,154,,14.4
8096,25.8236,,154,,14.2
8097,25.8266,,154,,14
8098,25.8293,,154,,14
8099,25.8323,,154,,14.4
8100,25.8356,,152,,14.6
8101,25.8389,,152,,14.8
8102,25.8418,,152,,14.8
8103,25.8451,,152,,15.2
8104,25.8482,,152,,15
8105,25.8514,,152,,15
8106,25.855,,152,,14.8
8107,25.8581,,152,,14.6
8108,25.8617,,152,,15.2
8109,25.8648,,152,,15.2
8110,25.8681,,152,,15.2
8111,25.8716,,152,,15.8
8112,25.8751,,152,,16
8113,25.8783,,152,,15.8
8114,25.881,,152,,15
8115,25.8837,,152,,14.6
8116,25.8868,,152,,14.6
8117,25.8898,,152,,14.6
8118,25.8929,,152,,14.6
8119,25.896,,152,,14.6
8120,25.8991,,152,,14.6
8121,25.902,,152,,14.8
8122,25.9051,,152,,15
8123,25.9081,,152,,15.2
8124,25.9113,,152,,15.2
8125,25.9145,,148,,15.4
8126,25.9179,,148,,15.6
8127,25.9213,,148,,15.6
8128,25.9245,,148,,15.8
8129,25.9281,,150,,16
8130,25.9315,,150,,16.2
8131,25.9347,,150,,16.2
8132,25.9383,,150,,16.6
8133,25.9414,,150,,16.8
8134,25.9445,,148,,17.2
8135,25.9478,,148,,17.4
8136,25.9514,,148,,18
8137,25.9548,,149,,18.6
8138,25.9579,,149,,18.8
8139,25.9609,,149,,18.8
8140,25.9644,,149,,19
8141,25.9682,,149,,20
8142,25.9716,,149,,20.6
8143,25.9749,,149,,20.8
8144,25.9782,,149,,21
8145,25.9814,,149,,21
8146,25.9849,,149,,21.2
8147,25.9883,,149,,21.2
8148,25.9917,,149,,21.4
8149,25.995,,149,,21.6
8150,25.9978,,149,,21.2
8151,26.0003,,147,,21
8152,26.003,,147,,20.8
8153,26.0061,,148,,21
8154,26.0094,,148,,21.2
8155,26.0128,,148,,21.4
8156,26.0156,,148,,21.2
8157,26.0186,,148,,21
8158,26.0221,,148,,21
8159,26.0249,,148,,20.6
8160,26.028,,148,,20.6
8161,26.031,,148,,20.4
8162,26.0342,,148,,20.2
8163,26.0372,,148,,20.2
8164,26.0402,,148,,20.2
8165,26.0436,,149,,20.4
8166,26.0468,,149,,20.6
8167,26.0498,,149,,20.8
8168,26.0526,,149,,20.6
8169,26.0554,,149,,20.4
8170,26.0583,,149,,20
8171,26.0611,,149,,20
8172,26.064,,149,,19.6
8173,26.0669,,148,,19.4
8174,26.0699,,148,,19.4
8175,26.0731,,148,,19.4
8176,26.0761,,147,,19.2
8177,26.0793,,147,,19.4
8178,26.0824,,147,,19.8
8179,26.0851,,147,,19.6
8180,26.0881,,147,,19.8
8181,26.0908,,147,,19.6
8182,26.0938,,147,,19.4
8183,26.0975,,147,,19.4
8184,26.1002,,147,,19.2
8185,26.1031,,147,,19.2
8186,26.1064,,147,,19
8187,26.1094,,147,,19
8188,26.1126,,147,,18.6
8189,26.1157,,147,,18.8
8190,26.119,,145,,19.2
8191,26.1224,,145,,19.2
8192,26.1257,,145,,19.2
8193,26.1291,,145,,19.8
8194,26.1322,,145,,19.8
8195,26.1343,,145,,19
8196,26.1375,,145,,19
8197,26.1407,,146,,18.8
8198,26.1438,,146,,19
8199,26.1468,,146,,19
8200,26.1496,,146,,18.8
8201,26.1525,,146,,18.8
8202,26.1553,,146,,18.8
8203,26.1584,,147,,19
8204,26.1615,,147,,19
8205,26.1644,,147,,19.2
8206,26.1675,,147,,19.4
8207,26.1704,,147,,19.6
8208,26.1735,,147,,19.6
8209,26.1764,,147,,19.6
8210,26.1796,,147,,19.8
8211,26.1828,,147,,19.8
8212,26.1852,,147,,19.2
8213,26.1878,,147,,19.2
8214,26.1907,,147,,18.8
8215,26.1941,,148,,18.8
8216,26.1974,,148,,17.8
8217,26.2005,,148,,17.4
8218,26.2033,,148,,17.2
8219,26.2059,,148,,17
8220,26.2093,,148,,17.4
8221,26.2125,,148,,16.8
8222,26.2155,,148,,16.6
8223,26.2183,,149,,16.2
8224,26.2213,,149,,16.2
8225,26.2243,,150,,16
8226,26.2271,,150,,15.6
8227,26.2299,,149,,15.2
8228,26.2327,,149,,15
8229,26.236,,148,,14.8
8230,26.2391,,148,,14.6
8231,26.2424,,148,,14.4
8232,26.2457,,148,,14.6
8233,26.2487,,148,,14.2
8234,26.2512,,148,,12.8
8235,26.2542,,148,,13.2
8236,26.2577,,146,,13.8
8237,26.2613,,146,,14.4
8238,26.2647,,147,,14.2
8239,26.2681,,147,,14.6
8240,26.2713,,147,,15.2
8241,26.2746,,147,,15.2
8242,26.2782,,147,,15.4
8243,26.2816,,147,,15.6
8244,26.285,,147,,16
8245,26.2882,,147,,16.2
8246,26.2912,,147,,16.4
8247,26.2943,,147,,16.6
8248,26.2976,,147,,17
8249,26.3006,,147,,17
8250,26.3035,,147,,17
8251,26.3066,,147,,17
8252,26.3098,,147,,17
8253,26.3128,,147,,17
8254,26.3157,,147,,17.4
8255,26.3187,,147,,17.6
8256,26.3216,,147,,17.4
8257,26.3245,,147,,17.4
8258,26.3276,,147,,17.4
8259,26.3307,,147,,17.4
8260,26.3334,,147,,16.8
8261,26.3362,,147,,16.8
8262,26.339,,147,,16.8
8263,26.3417,,147,,17
8264,26.3444,,147,,16.8
8265,26.3477,,147,,16.8
8266,26.3505,,147,,16.4
8267,26.3534,,147,,16.2
8268,26.3562,,147,,16
8269,26.3592,,147,,16
8270,26.3618,,147,,16
8271,26.3649,,147,,15.4
8272,26.3679,,147,,15.2
8273,26.3711,,147,,15.2
8274,26.3738,,146,,14.8
8275,26.3766,,146,,14.8
8276,26.3795,,146,,14.8
8277,26.3826,,146,,14.8
8278,26.3854,,144,,14.4
8279,26.3881,,144,,14.6
8280,26.3911,,144,,14.2
8281,26.3939,,144,,14.2
8282,26.397,,144,,14.2
8283,26.3997,,144,,13.8
8284,26.4028,,144,,14.2
8285,26.4056,,144,,14
8286,26.4085,,144,,13.8
8287,26.4117,,144,,13.8
8288,26.4147,,144,,13.6
8289,26.4177,,144,,13.4
8290,26.4205,,144,,13.2
8291,26.4235,,144,,13
8292,26.4268,,144,,12.6
8293,26.4296,,144,,12.4
8294,26.4326,,144,,13
8295,26.4358,,144,,13.2
8296,26.4388,,144,,13.4
8297,26.4417,,144,,13.6
8298,26.4448,,144,,14
8299,26.4475,,144,,13.6
8300,26.4504,,143,,13.2
8301,26.4535,,143,,13.2
8302,26.4568,,143,,13
8303,26.4601,,143,,12.8
8304,26.4631,,143,,13
8305,26.4662,,143,,12.6
8306,26.4692,,143,,12.4
8307,26.4727,,143,,12.4
8308,26.476,,143,,12.4
8309,26.4792,,143,,12.6
8310,26.4821,,142,,12.4
8311,26.4852,,142,,12.2
8312,26.4882,,142,,12.4
8313,26.4913,,142,,12.8
8314,26.4941,,142,,12.8
8315,26.4972,,142,,13
8316,26.5003,,142,,13.2
8317,26.5036,,142,,13.8
8318,26.5068,,142,,14.6
8319,26.5098,,142,,14.8
8320,26.5128,,142,,16
8321,26.5156,,142,,16.4
8322,26.5189,,142,,17
8323,26.522,,142,,17.4
8324,26.5248,,140,,17.4
8325,26.5279,,140,,17.6
8326,26.5307,,140,,17.2
8327,26.5343,,141,,17.4
8328,26.5379,,141,,17.4
8329,26.5413,,141,,17.6
8330,26.5443,,141,,17.6
8331,26.5475,,142,,17.6
8332,26.551,,142,,17.6
8333,26.5544,,142,,17.6
8334,26.5571,,142,,17.6
8335,26.5602,,142,,17.8
8336,26.5631,,142,,17.8
8337,26.5662,,141,,17.8
8338,26.5691,,141,,17.8
8339,26.5717,,141,,17.8
8340,26.5742,,141,,17.6
8341,26.577,,141,,17.6
8342,26.5801,,142,,17.4
8343,26.583,,142,,17.2
8344,26.5862,,142,,17.2
8345,26.5892,,142,,17
8346,26.5925,,142,,16.8
8347,26.5956,,142,,16.8
8348,26.599,,142,,16.6
8349,26.6025,,142,,16.6
8350,26.6058,,142,,16.2
8351,26.6089,,142,,16.2
8352,26.6119,,142,,16.2
8353,26.6153,,142,,16.6
8354,26.6184,,142,,17
8355,26.6218,,142,,16.8
8356,26.6253,,140,,16.8
8357,26.6288,,140,,16.6
8358,26.632,,140,,16.6
8359,26.6352,,140,,16.4
8360,26.6388,,140,,16.8
8361,26.6424,,140,,17
8362,26.6455,,139,,17
8363,26.6487,,139,,17.2
8364,26.6522,,139,,17.4
8365,26.6552,,139,,17.4
8366,26.6581,,139,,17.4
8367,26.6608,,139,,17.6
8368,26.6638,,139,,17.4
8369,26.6668,,139,,17.8
8370,26.6696,,139,,17.8
8371,26.6725,,139,,18.2
8372,26.6755,,139,,17.8
8373,26.6795,,140,,18.8
8374,26.6824,,140,,19
8375,26.6849,,140,,19
8376,26.6878,,140,,19.2
8377,26.6908,,140,,19
8378,26.6938,,140,,19
8379,26.6967,,140,,19
8380,26.6995,,140,,18.8
8381,26.7022,,140,,18.6
8382,26.7052,,140,,18.8
8383,26.7085,,140,,19.2
8384,26.7113,,140,,19
8385,26.714,,140,,18.8
8386,26.7172,,140,,18.8
8387,26.7199,,140,,19
8388,26.7225,,140,,18.8
8389,26.7254,,141,,18.8
8390,26.7282,,141,,19
8391,26.7312,,141,,18.6
8392,26.7345,,141,,18.6
8393,26.7376,,141,,18.4
8394,26.7408,,141,,18.4
8395,26.7438,,141,,18.8
8396,26.7468,,141,,19.2
8397,26.7499,,141,,19.2
8398,26.7533,,142,,19.2
8399,26.7568,,142,,19
8400,26.7602,,142,,19
8401,26.7637,,142,,19
8402,26.7668,,142,,18.6
8403,26.7698,,142,,18.4
8404,26.7725,,142,,18.4
8405,26.7757,,142,,18.2
8406,26.7791,,140,,18.2
8407,26.7826,,140,,18.2
8408,26.7856,,140,,18
8409,26.7885,,140,,18
8410,26.7921,,140,,17.6
8411,26.7953,,140,,17.6
8412,26.7981,,140,,17.6
8413,26.8009,,140,,17.4
8414,26.8037,,140,,17.2
8415,26.8066,,140,,17.4
8416,26.8093,,140,,17.2
8417,26.8121,,140,,16.8
8418,26.8151,,140,,17
8419,26.8178,,141,,16.8
8420,26.8209,,141,,17.2
8421,26.8239,,141,,17.4
8422,26.8272,,141,,17.6
8423,26.8304,,141,,17.6
8424,26.8337,,141,,17.8
8425,26.8369,,142,,18
8426,26.8402,,142,,17.8
8427,26.8435,,142,,17.8
8428,26.8465,,143,,17.6
8429,26.8494,,143,,17.6
8430,26.8525,,143,,17.2
8431,26.8557,,143,,17
8432,26.8591,,143,,17
8433,26.8625,,143,,17
8434,26.8656,,143,,17
8435,26.869,,143,,17.2
8436,26.8723,,143,,17.6
8437,26.8751,,143,,17.6
8438,26.8782,,143,,18
8439,26.881,,143,,18
8440,26.8842,,143,,18.2
8441,26.8875,,143,,18.2
8442,26.8907,,143,,18.4
8443,26.8941,,143,,18.8
8444,26.8975,,143,,18.8
8445,26.9005,,143,,19
8446,26.9039,,143,,19.6
8447,26.9071,,143,,19.8
8448,26.91,,143,,19.6
8449,26.9131,,143,,19.8
8450,26.916,,143,,20
8451,26.9192,,143,,20.4
8452,26.9225,,143,,20.8
8453,26.9257,,143,,21
8454,26.9285,,143,,20.8
8455,26.9316,,143,,21
8456,26.9348,,143,,21
8457,26.9379,,143,,21
8458,26.941,,143,,21
8459,26.9442,,142,,21
8460,26.9476,,142,,21
8461,26.9511,,142,,20.8
8462,26.9545,,142,,21
8463,26.9576,,142,,21.2
8464,26.9611,,141,,21.4
8465,26.9642,,141,,21.6
8466,26.9673,,141,,21.8
8467,26.9703,,141,,21.8
8468,26.9735,,141,,21.8
8469,26.9767,,141,,22.2
8470,26.9798,,141,,22.2
8471,26.9826,,141,,22.2
8472,26.9855,,141,,22.2
8473,26.9884,,141,,22.4
8474,26.9915,,141,,22
8475,26.9941,,140,,21.8
8476,26.9968,,140,,21.4
8477,27,,140,,21.2
8478,27.0033,,140,,20.8
8479,27.0068,,140,,21
8480,27.0103,,140,,21.4
8481,27.0133,,140,,21.4
8482,27.0168,,140,,21.4
8483,27.0205,,140,,21.4
8484,27.0244,,140,,22
8485,27.0279,,140,,22.2
8486,27.031,,140,,22.4
8487,27.0343,,140,,22.6
8488,27.0376,,139,,22.4
8489,27.041,,139,,22.2
8490,27.0444,,139,,22.4
8491,27.0475,,139,,22.4
8492,27.0505,,139,,22.2
8493,27.0537,,139,,22.4
8494,27.0563,,139,,22.2
8495,27.0589,,139,,22.2
8496,27.0614,,139,,22
8497,27.0633,,139,,21.4
8498,27.0646,,139,,21.4
8499,27.0653,,139,,21.2
8500,27.0667,,138,,21
8501,27.0686,,138,,21
8502,27.0712,,138,,21
8503,27.074,,138,,21
8504,27.0771,,138,,20.6
8505,27.0806,,138,,20.4
8506,27.0839,,139,,20.2
8507,27.0872,,139,,20.2
8508,27.0904,,139,,20.4
8509,27.0934,,139,,20.4
8510,27.0965,,139,,20.4
8511,27.0992,,139,,20.4
8512,27.1018,,139,,20.6
8513,27.1048,,139,,20.6
8514,27.108,,139,,20.6
8515,27.1111,,139,,20.8
8516,27.114,,139,,20.8
8517,27.1172,,139,,20.8
8518,27.1205,,138,,21.2
8519,27.1235,,138,,21.2
8520,27.1266,,138,,21.4
8521,27.1298,,139,,21.4
8522,27.1325,,141,,21.4
8523,27.1355,,141,,21.6
8524,27.1389,,140,,21.8
8525,27.1421,,140,,21.6
8526,27.1452,,140,,21
8527,27.1488,,139,,20.6
8528,27.1522,,140,,20.8
8529,27.1554,,140,,21.2
8530,27.1587,,140,,21.4
8531,27.1619,,140,,21.6
8532,27.1653,,140,,22
8533,27.1688,,140,,21.8
8534,27.1721,,140,,21.6
8535,27.1753,,140,,21.6
8536,27.1788,,140,,21.6
8537,27.1821,,139,,21.4
8538,27.1852,,139,,21.2
8539,27.1883,,140,,21.4
8540,27.1914,,141,,21.2
8541,27.1946,,141,,21.2
8542,27.1972,,141,,21.2
8543,27.2,,141,,21.4
8544,27.2031,,141,,21.6
8545,27.2062,,141,,21.8
8546,27.2091,,141,,21.6
8547,27.2124,,141,,21.8
8548,27.2151,,141,,21.2
8549,27.2186,,141,,21.2
8550,27.222,,139,,21.4
8551,27.2252,,139,,21.4
8552,27.2284,,139,,20.6
8553,27.2317,,139,,20.2
8554,27.235,,139,,20.6
8555,27.2381,,139,,20.4
8556,27.241,,139,,20.2
8557,27.2441,,139,,20.2
8558,27.2475,,139,,20.4
8559,27.2506,,139,,20.4
8560,27.2538,,139,,20.4
8561,27.2569,,139,,20.4
8562,27.26,,139,,21
8563,27.263,,140,,21.2
8564,27.2663,,140,,21.4
8565,27.2698,,140,,21.4
8566,27.273,,140,,21.6
8567,27.2761,,140,,21.6
8568,27.2792,,140,,21.4
8569,27.2825,,140,,21.6
8570,27.2855,,140,,21.2
8571,27.2885,,140,,21.2
8572,27.2918,,140,,21
8573,27.2952,,138,,20.6
8574,27.298,,138,,20.4
8575,27.3008,,138,,20.2
8576,27.3036,,138,,19.8
8577,27.3063,,137,,19.6
8578,27.3094,,137,,19.4
8579,27.3125,,137,,19.4
8580,27.3156,,137,,19
8581,27.3188,,137,,19
8582,27.3217,,137,,18.8
8583,27.3249,,137,,19
8584,27.328,,138,,18.6
8585,27.331,,140,,18.4
8586,27.3344,,140,,18.2
8587,27.3378,,140,,18.2
8588,27.3411,,140,,18.2
8589,27.3442,,140,,18.2
8590,27.3473,,140,,18
8591,27.3502,,140,,18
8592,27.3534,,140,,17.8
8593,27.3566,,140,,17.6
8594,27.3596,,140,,17.4
8595,27.363,,140,,17.6
8596,27.3659,,140,,17.4
8597,27.3689,,140,,17.2
8598,27.3721,,140,,17
8599,27.3751,,140,,17
8600,27.3779,,140,,17
8601,27.3809,,139,,17.4
8602,27.3837,,139,,17.2
8603,27.3867,,139,,17.4
8604,27.3898,,140,,17.6
8605,27.3929,,140,,17.4
8606,27.396,,141,,17.4
8607,27.3989,,141,,17.4
8608,27.4019,,141,,17.2
8609,27.405,,142,,17.2
8610,27.4078,,142,,17.4
8611,27.4107,,142,,17.6
8612,27.4136,,142,,17.4
8613,27.4167,,142,,17.2
8614,27.42,,142,,17.2
8615,27.4235,,142,,16.8
8616,27.4272,,142,,16.8
8617,27.4309,,142,,17
8618,27.4343,,141,,16.8
8619,27.438,,139,,17.4
8620,27.4415,,139,,17.4
8621,27.4452,,137,,18.2
8622,27.4484,,137,,18.4
8623,27.4517,,137,,18.8
8624,27.4548,,136,,18.8
8625,27.4582,,136,,19.4
8626,27.4613,,136,,19.6
8627,27.4644,,136,,19.8
8628,27.4676,,136,,20.2
8629,27.4706,,136,,20.2
8630,27.4735,,136,,20.2
8631,27.4765,,136,,20.6
8632,27.4795,,136,,20.4
8633,27.4827,,136,,20.4
8634,27.4857,,136,,20.2
8635,27.4885,,136,,20
8636,27.4915,,136,,19.6
8637,27.4944,,136,,19.6
8638,27.4975,,136,,19.6
8639,27.5007,,135,,19.6
8640,27.5038,,135,,19.8
8641,27.5069,,135,,19.8
8642,27.51,,135,,20
8643,27.5133,,135,,20
8644,27.5164,,135,,19.8
8645,27.5195,,136,,19.6
8646,27.5225,,136,,19
8647,27.5257,,136,,19
8648,27.5292,,136,,19
8649,27.5329,,135,,19.4
8650,27.5362,,135,,19.8
8651,27.5393,,135,,20.2
8652,27.5428,,135,,20.6
8653,27.546,,135,,20.8
8654,27.5494,,135,,21
8655,27.5527,,135,,20.8
8656,27.5554,,135,,20.8
8657,27.5582,,135,,21
8658,27.5606,,135,,20.6
8659,27.5628,,135,,21.2
8660,27.5653,,135,,20.8
8661,27.5684,,135,,21.4
8662,27.5713,,135,,21.6
8663,27.5737,,135,,21.6
8664,27.5769,,135,,21.6
8665,27.5802,,135,,21
8666,27.5833,,135,,20.6
8667,27.5868,,134,,20.2
8668,27.5903,,134,,20
8669,27.5936,,134,,19.8
8670,27.5968,,134,,19.6
8671,27.5998,,134,,19.2
8672,27.6034,,134,,19
8673,27.607,,134,,19
8674,27.6106,,134,,19.8
8675,27.614,,134,,20
8676,27.6175,,134,,20.2
8677,27.621,,134,,20.4
8678,27.6243,,134,,20.4
8679,27.6275,,134,,20.4
8680,27.631,,134,,20.6
8681,27.6341,,133,,20.6
8682,27.6374,,133,,20.6
8683,27.641,,133,,20.8
8684,27.6443,,133,,21.6
8685,27.6476,,133,,21.4
8686,27.6508,,133,,21.4
8687,27.6541,,133,,21.4
8688,27.6574,,133,,21.4
8689,27.6605,,133,,21.6
8690,27.6638,,133,,22.2
8691,27.6669,,132,,22.6
8692,27.6699,,132,,22.4
8693,27.6734,,132,,22.6
8694,27.6768,,132,,21.8
8695,27.6802,,132,,22.2
8696,27.6835,,132,,22.4
8697,27.6867,,131,,22.8
8698,27.69,,131,,23.4
8699,27.693,,131,,23.4
8700,27.6959,,131,,23.6
8701,27.6989,,131,,23.6
8702,27.7018,,131,,23.6
8703,27.7048,,130,,23.4
8704,27.7078,,130,,23.6
8705,27.7106,,130,,23.4
8706,27.7136,,130,,23.2
8707,27.7165,,130,,22.8
8708,27.7193,,130,,22.6
8709,27.7225,,130,,22.4
8710,27.7259,,130,,23
8711,27.7291,,130,,23
