secs,km,power,hr,cad,alt
0,0,,77,,17.6
1,0.00229,,77,,17.6
2,0.00504,,77,,18.2
3,0.0081,,77,,18
4,0.01111,,77,,18
5,0.01391,,77,,18
6,0.01692,,77,,18.4
7,0.0198,,77,,18.4
8,0.02278,,77,,18.8
9,0.02579,,77,,18.6
10,0.02915,,96,,18.8
11,0.03254,,96,,18.8
12,0.03575,,96,,18.8
13,0.03884,,104,,18.6
14,0.04191,,109,,18.6
15,0.04488,,109,,18.6
16,0.04812,,109,,18.4
17,0.05129,,109,,18.6
18,0.05437,,109,,19
19,0.05752,,109,,18.8
20,0.0606,,109,,19.2
21,0.0638,,109,,19.2
22,0.0671,,109,,19.2
23,0.0704,,113,,19.2
24,0.07392,,113,,19.6
25,0.07729,,113,,19.8
26,0.08086,,113,,19.6
27,0.08391,,113,,20
28,0.08706,,113,,20
29,0.09026,,113,,20
30,0.09331,,113,,19.8
31,0.09648,,128,,20
32,0.09952,,134,,20.2
33,0.10243,,134,,20.4
34,0.10542,,134,,20.4
35,0.10821,,134,,20.8
36,0.11132,,134,,21.2
37,0.11444,,134,,22.2
38,0.11725,,134,,22.6
39,0.12016,,134,,23
40,0.12298,,134,,23.6
41,0.126,,139,,24.2
42,0.12905,,139,,24.6
43,0.1321,,139,,24.8
44,0.13518,,139,,25.6
45,0.13791,,148,,25
46,0.14075,,148,,25.4
47,0.14362,,148,,25.6
48,0.14681,,148,,26.2
49,0.14984,,148,,26.4
50,0.15268,,148,,25.8
51,0.15527,,148,,24.8
52,0.15813,,148,,25
53,0.16099,,148,,25
54,0.16416,,152,,25.2
55,0.16748,,152,,25.6
56,0.17069,,152,,25.8
57,0.17386,,152,,25.6
58,0.17721,,152,,25
59,0.18057,,152,,25
60,0.18383,,152,,24.8
61,0.18692,,152,,24.4
62,0.19017,,152,,24.4
63,0.19337,,151,,24.4
64,0.19654,,151,,24.6
65,0.19998,,151,,24.6
66,0.20313,,151,,24.4
67,0.20637,,151,,24.2
68,0.20961,,151,,24.2
69,0.21277,,151,,24.8
70,0.21629,,151,,24.8
71,0.21982,,151,,24.8
72,0.22328,,153,,24.6
73,0.22657,,153,,24.6
74,0.22993,,153,,24.4
75,0.233,,153,,24.4
76,0.23612,,153,,24.4
77,0.23929,,153,,24.8
78,0.24266,,153,,24.8
79,0.24584,,153,,24.8
80,0.24917,,153,,24.6
81,0.25238,,155,,24
82,0.25549,,155,,24.6
83,0.25853,,155,,24.8
84,0.26172,,155,,25.2
85,0.26487,,155,,25.6
86,0.26779,,155,,25.8
87,0.27066,,158,,26.4
88,0.27354,,158,,26.8
89,0.27633,,158,,27
90,0.27922,,158,,27.2
91,0.28207,,156,,27.4
92,0.28504,,162,,27.6
93,0.28825,,162,,27.6
94,0.29142,,162,,27.4
95,0.29459,,162,,27.4
96,0.29751,,162,,27.6
97,0.30043,,162,,27.4
98,0.3032,,162,,27.6
99,0.30593,,162,,28
100,0.30889,,162,,28
101,0.31204,,162,,28
102,0.31575,,162,,28.4
103,0.31971,,167,,28.6
104,0.32325,,167,,28.8
105,0.32694,,167,,28.8
106,0.33025,,167,,29.2
107,0.33299,,167,,29.8
108,0.33626,,167,,29.8
109,0.33959,,167,,29.8
110,0.34479,,162,,27.4
111,0.34946,,166,,25.8
112,0.35335,,166,,25.2
113,0.35755,,166,,24
114,0.36137,,165,,23.6
115,0.36561,,171,,22.8
116,0.36951,,171,,22.8
117,0.37344,,171,,22.6
118,0.37738,,171,,22
119,0.38084,,171,,21.6
120,0.3843,,171,,21.4
121,0.38773,,171,,21.6
122,0.39119,,172,,21.6
123,0.39466,,172,,21.4
124,0.39809,,175,,21.6
125,0.40196,,175,,21.4
126,0.40542,,175,,21.4
127,0.40885,,175,,21.2
128,0.41239,,175,,21.2
129,0.41595,,175,,21.4
130,0.41973,,175,,21.8
131,0.42347,,175,,21.8
132,0.42719,,175,,22
133,0.43076,,175,,22.2
134,0.4344,,175,,22.2
135,0.43806,,179,,21.8
136,0.44166,,181,,22
137,0.44543,,181,,21.6
138,0.44902,,181,,21.4
139,0.45264,,181,,21.8
140,0.45634,,181,,22.2
141,0.46016,,181,,22.6
142,0.46428,,181,,22.6
143,0.46829,,181,,22.8
144,0.47229,,181,,22.8
145,0.47637,,181,,22.8
146,0.4803,,181,,22.6
147,0.48427,,181,,22.4
148,0.48828,,179,,22.4
149,0.49215,,179,,22.2
150,0.49596,,180,,22.2
151,0.49969,,180,,22.2
152,0.50343,,176,,21.8
153,0.50711,,171,,21.8
154,0.51074,,171,,21.4
155,0.51439,,171,,20.8
156,0.51778,,171,,20.4
157,0.52126,,171,,20.2
158,0.525,,171,,20.2
159,0.52868,,170,,19.8
160,0.53236,,170,,19.4
161,0.5362,,170,,19.2
162,0.53992,,170,,19
163,0.54329,,170,,18.8
164,0.54681,,170,,18.4
165,0.55045,,170,,18.4
166,0.55369,,170,,18.6
167,0.55722,,169,,18.8
168,0.56079,,169,,19.2
169,0.56438,,169,,19.6
170,0.56802,,171,,19.8
171,0.57149,,171,,20
172,0.57516,,171,,20.2
173,0.57876,,168,,20.4
174,0.58242,,168,,20.4
175,0.586,,168,,20.4
176,0.58955,,168,,20.6
177,0.59294,,168,,20.8
178,0.59628,,168,,21
179,0.59966,,168,,21
180,0.60332,,172,,21.2
181,0.60684,,171,,21.8
182,0.61037,,173,,22
183,0.61396,,173,,22
184,0.61747,,173,,22
185,0.62096,,172,,22
186,0.62418,,172,,21.6
187,0.62754,,170,,21.4
188,0.63086,,170,,20.8
189,0.63424,,170,,20.2
190,0.63782,,170,,19.6
191,0.64117,,170,,19.4
192,0.64456,,170,,19
193,0.64789,,170,,18.6
194,0.65129,,172,,18.2
195,0.65476,,172,,18
196,0.65818,,172,,17.6
197,0.66181,,172,,16.6
198,0.6651,,173,,16
199,0.66841,,177,,15.6
200,0.67187,,177,,15.2
201,0.67526,,177,,14.4
202,0.67895,,177,,13.4
203,0.68232,,181,,12.8
204,0.68587,,178,,12.4
205,0.68932,,183,,11.8
206,0.6926,,183,,11.2
207,0.69632,,183,,11
208,0.70013,,187,,10.8
209,0.70381,,187,,10.6
210,0.70743,,187,,10.4
211,0.71115,,187,,10.2
212,0.71502,,187,,10.2
213,0.71872,,187,,10.2
214,0.72261,,187,,10.2
215,0.72643,,187,,10
216,0.73031,,184,,10
217,0.73417,,184,,9.6
218,0.73783,,184,,9.8
219,0.74172,,184,,10
220,0.74542,,184,,10.6
221,0.74922,,184,,10.4
222,0.75287,,184,,10.6
223,0.75623,,184,,10.4
224,0.75974,,184,,10
225,0.76322,,184,,10
226,0.76702,,184,,10
227,0.77082,,184,,10
228,0.77456,,184,,10.8
229,0.77812,,184,,11
230,0.78161,,184,,10.8
231,0.78507,,184,,10.8
232,0.78855,,183,,11
233,0.79211,,181,,11
234,0.79567,,177,,11.2
235,0.79894,,177,,11.2
236,0.80251,,177,,11
237,0.80602,,177,,11.2
238,0.80964,,177,,11.8
239,0.813,,177,,12
240,0.81613,,177,,11.8
241,0.81965,,181,,12
242,0.82332,,179,,12.6
243,0.82691,,176,,13.8
244,0.83031,,176,,14.2
245,0.83339,,172,,15
246,0.83679,,172,,15.4
247,0.84021,,172,,16
248,0.84366,,172,,16.2
249,0.84714,,172,,16.6
250,0.85065,,172,,16.8
251,0.85418,,172,,17.2
252,0.85728,,172,,17.4
253,0.86047,,172,,18
254,0.86383,,172,,18.2
255,0.86696,,172,,18.4
256,0.87033,,172,,18.6
257,0.87367,,172,,18.8
258,0.87721,,172,,19.2
259,0.88059,,172,,19.6
260,0.88402,,172,,20.2
261,0.88772,,172,,20.4
262,0.89104,,172,,20.6
263,0.89462,,172,,21
264,0.89828,,178,,21.4
265,0.90135,,178,,21.6
266,0.90473,,178,,21.8
267,0.90803,,182,,21.8
268,0.9113,,182,,22.2
269,0.91478,,181,,22.2
270,0.91819,,187,,22.8
271,0.92164,,187,,23.2
272,0.9251,,190,,23.2
273,0.9286,,190,,23.4
274,0.93217,,190,,23.8
275,0.93565,,190,,24.6
276,0.93916,,190,,24.6
277,0.94283,,190,,25
278,0.94629,,190,,25.4
279,0.94982,,190,,25.6
280,0.95295,,190,,26.2
281,0.95615,,190,,26.4
282,0.95951,,190,,26.6
283,0.96272,,190,,26.2
284,0.96614,,186,,26
285,0.9695,,182,,26.2
286,0.97293,,182,,26.4
287,0.9765,,182,,26.4
288,0.97961,,182,,26.4
289,0.98295,,182,,26.6
290,0.98631,,180,,27
291,0.98936,,180,,27.2
292,0.99275,,180,,27.2
293,0.99606,,180,,27.6
294,0.99952,,180,,27.6
295,1.00315,,180,,27.6
296,1.00649,,187,,27.2
297,1.00975,,185,,27.2
298,1.01278,,185,,26.8
299,1.01586,,185,,26.6
300,1.01901,,189,,26.4
301,1.02205,,189,,26
302,1.02538,,189,,25.6
303,1.0287,,189,,25.8
304,1.03173,,196,,25.8
305,1.03485,,196,,25.8
306,1.03785,,196,,24.6
307,1.04104,,196,,24.2
308,1.04422,,196,,23.6
309,1.04734,,190,,23.2
310,1.05049,,190,,23
311,1.05348,,190,,22.4
312,1.0569,,190,,22.4
313,1.06033,,189,,22
314,1.06346,,189,,21.6
315,1.06648,,189,,21.2
316,1.06945,,181,,21
317,1.07238,,181,,20.6
318,1.07535,,181,,20
319,1.07866,,181,,19.8
320,1.08218,,177,,19.2
321,1.08556,,177,,19
322,1.08904,,177,,18.4
323,1.09209,,175,,17
324,1.09509,,175,,16.6
325,1.09831,,175,,16.2
326,1.1015,,175,,16
327,1.10477,,175,,16
328,1.10786,,175,,15.4
329,1.11102,,172,,15.2
330,1.11441,,169,,15.2
331,1.11813,,167,,16
332,1.12159,,165,,14.8
333,1.12498,,172,,13.6
334,1.12819,,172,,13.8
335,1.13151,,172,,13.6
336,1.13463,,172,,13.2
337,1.13768,,164,,12.8
338,1.14081,,162,,12.8
339,1.14424,,162,,12.8
340,1.14764,,162,,13
341,1.15089,,162,,13.2
342,1.15431,,162,,13.6
343,1.15778,,162,,13.6
344,1.16103,,162,,13.4
345,1.16444,,162,,13.6
346,1.16784,,162,,13.8
347,1.17116,,162,,13.8
348,1.17446,,162,,13.6
349,1.17774,,162,,13.6
350,1.18117,,162,,13.6
351,1.18457,,162,,13.8
352,1.18791,,162,,13.8
353,1.19136,,165,,13.8
354,1.19471,,165,,13.8
355,1.19811,,165,,13.8
356,1.20126,,165,,13.4
357,1.20402,,165,,12.8
358,1.2072,,165,,12.8
359,1.21063,,165,,12.4
360,1.21421,,165,,12.2
361,1.21772,,165,,12.2
362,1.22095,,165,,12.2
363,1.22439,,165,,12
364,1.22773,,165,,12
365,1.23107,,165,,11.8
366,1.23454,,166,,11.6
367,1.23792,,166,,11
368,1.24148,,170,,10.6
369,1.24481,,170,,10.2
370,1.2482,,170,,10.4
371,1.25165,,169,,10.8
372,1.25516,,169,,11.2
373,1.25872,,172,,11.4
374,1.26217,,172,,11.4
375,1.26571,,168,,11.8
376,1.26924,,165,,12
377,1.27258,,165,,12
378,1.27604,,165,,12
379,1.27949,,165,,12
380,1.28287,,165,,12.2
381,1.28614,,163,,12.2
382,1.28951,,160,,11.8
383,1.29283,,160,,11.6
384,1.29614,,160,,11.4
385,1.29962,,160,,11.2
386,1.30313,,160,,11.2
387,1.30657,,164,,11
388,1.31011,,165,,10.8
389,1.31343,,165,,11
390,1.31697,,165,,11.2
391,1.32038,,172,,11
392,1.3238,,172,,11
393,1.32698,,170,,10.6
394,1.33002,,167,,10.6
395,1.33323,,167,,10.4
396,1.33635,,167,,10
397,1.33949,,167,,9.6
398,1.34283,,167,,9.6
399,1.3462,,173,,9.8
400,1.3497,,173,,9.6
401,1.35306,,171,,9.8
402,1.3562,,171,,9.4
403,1.35933,,171,,8.8
404,1.36257,,171,,8.8
405,1.36571,,171,,8.8
406,1.36884,,171,,8.4
407,1.37186,,171,,8
408,1.37522,,171,,7.4
409,1.37852,,173,,7.6
410,1.38176,,173,,7.6
411,1.38512,,173,,7.4
412,1.38826,,173,,7.6
413,1.39151,,173,,7.2
414,1.39477,,173,,7.2
415,1.39763,,173,,5.4
416,1.40083,,173,,5.4
417,1.40389,,177,,5.2
418,1.40718,,177,,5.4
419,1.41059,,177,,5.6
420,1.41367,,173,,5
421,1.41701,,173,,4.6
422,1.42047,,173,,4.6
423,1.42397,,173,,4
424,1.42741,,173,,3.4
425,1.43085,,173,,3.8
426,1.43433,,174,,3.8
427,1.43768,,174,,4
428,1.44094,,171,,4.2
429,1.4443,,171,,3.6
430,1.44773,,171,,4
431,1.45124,,170,,4.2
432,1.45481,,170,,4.6
433,1.45826,,175,,4.8
434,1.46152,,175,,4.8
435,1.46473,,175,,4
436,1.46806,,175,,3.8
437,1.47145,,175,,3.6
438,1.47481,,175,,3.4
439,1.47799,,175,,3.2
440,1.48109,,175,,3.6
441,1.48433,,175,,3.8
442,1.4877,,175,,3.8
443,1.49096,,175,,4
444,1.4943,,175,,3.8
445,1.49768,,175,,4
446,1.50107,,175,,4.4
447,1.50451,,175,,4.8
448,1.50786,,175,,5.2
449,1.51119,,175,,5.4
450,1.51477,,175,,6
451,1.51817,,175,,6.6
452,1.52157,,175,,6.6
453,1.52497,,175,,7.2
454,1.5283,,175,,7.2
455,1.53161,,175,,7
456,1.53502,,175,,7
457,1.53843,,175,,7
458,1.54173,,175,,6.8
459,1.54503,,175,,6.6
460,1.54849,,175,,6.8
461,1.55174,,175,,7.4
462,1.55482,,175,,7.2
463,1.5582,,170,,8
464,1.56174,,168,,7.6
465,1.56534,,168,,7.8
466,1.56882,,168,,8.2
467,1.57246,,168,,8.8
468,1.57597,,168,,9.4
469,1.57949,,168,,9.8
470,1.5829,,168,,10
471,1.58584,,168,,10.2
472,1.58892,,168,,10.6
473,1.59212,,168,,10.8
474,1.59534,,168,,11.4
475,1.59859,,168,,11.4
476,1.60172,,170,,11.4
477,1.60519,,170,,12
478,1.6086,,170,,12.8
479,1.61195,,170,,12.8
480,1.61541,,176,,13.2
481,1.61877,,176,,13.8
482,1.62214,,176,,13.6
483,1.62549,,176,,13.8
484,1.62877,,176,,13.6
485,1.63204,,176,,13.2
486,1.63574,,172,,14.2
487,1.63947,,172,,15
488,1.64313,,172,,14.6
489,1.64665,,168,,15.2
490,1.64998,,168,,15.2
491,1.65325,,164,,15.2
492,1.65675,,164,,16.2
493,1.6604,,165,,16.4
494,1.66344,,165,,15.8
495,1.66655,,165,,15.8
496,1.66959,,165,,15.6
497,1.67281,,164,,15.2
498,1.67621,,164,,15
499,1.67941,,164,,14.8
500,1.6827,,164,,15
501,1.68603,,164,,15.4
502,1.68927,,166,,15.6
503,1.69268,,166,,15.8
504,1.69603,,166,,16
505,1.69936,,166,,16
506,1.70254,,166,,16
507,1.70572,,164,,16.2
508,1.70916,,164,,16.2
509,1.71258,,164,,16.4
510,1.71585,,164,,16.8
511,1.71923,,171,,17
512,1.72264,,171,,17.4
513,1.72589,,168,,18.2
514,1.7291,,168,,18.6
515,1.73223,,166,,18.6
516,1.73538,,166,,18.4
517,1.73886,,166,,18.6
518,1.74202,,166,,18.6
519,1.74539,,166,,18.6
520,1.74872,,166,,18.8
521,1.75179,,163,,18.4
522,1.75497,,163,,18
523,1.7579,,163,,17.4
524,1.76114,,161,,17
525,1.76438,,161,,16.6
526,1.76745,,161,,16.6
527,1.77074,,161,,16.4
528,1.77424,,161,,16.4
529,1.77777,,161,,16.6
530,1.78123,,161,,16.6
531,1.78438,,160,,15.8
532,1.78743,,160,,16
533,1.79054,,160,,16
534,1.79382,,160,,17.2
535,1.79723,,154,,17.6
536,1.80074,,154,,18
537,1.80412,,154,,18.6
538,1.80755,,154,,18.8
539,1.81099,,159,,19.2
540,1.81453,,159,,19.2
541,1.81804,,159,,19.2
542,1.82145,,159,,19.8
543,1.82496,,164,,19.8
544,1.82836,,164,,20
545,1.8317,,164,,20.2
546,1.83524,,164,,20.6
547,1.83869,,162,,20.6
548,1.8421,,161,,20.8
549,1.84531,,161,,21.2
550,1.8485,,161,,21.4
551,1.85191,,161,,21.6
552,1.85541,,161,,22
553,1.85876,,161,,22
554,1.86204,,161,,21.8
555,1.86522,,161,,21.8
556,1.86864,,161,,21.8
557,1.87178,,162,,21.2
558,1.87483,,162,,21.2
559,1.87833,,162,,20.8
560,1.88164,,162,,20.6
561,1.88481,,162,,20.4
562,1.88812,,160,,20.4
563,1.89143,,160,,20.2
564,1.89475,,160,,20.2
565,1.89811,,160,,20.2
566,1.90146,,160,,20.4
567,1.90442,,162,,19.8
568,1.90769,,162,,19.8
569,1.91104,,162,,19.6
570,1.91467,,165,,20.4
571,1.91811,,165,,20.4
572,1.92141,,165,,20.2
573,1.92445,,165,,19.8
574,1.92762,,165,,19.8
575,1.93077,,165,,19.6
576,1.93368,,165,,19.2
577,1.93663,,165,,19
578,1.9396,,165,,18.8
579,1.94259,,165,,18.6
580,1.94601,,165,,18.4
581,1.94912,,165,,18.2
582,1.95225,,164,,18.4
583,1.95539,,164,,18
584,1.95792,,164,,17.2
585,1.96071,,164,,17
586,1.9641,,164,,17
587,1.96726,,164,,16.4
588,1.97044,,164,,16.2
589,1.97345,,164,,15.2
590,1.9766,,164,,15
591,1.97997,,164,,14.2
592,1.98304,,164,,13.6
593,1.98613,,164,,13.2
594,1.98889,,164,,12.6
595,1.99193,,164,,12.6
596,1.99525,,164,,12.4
597,1.99842,,167,,12.2
598,2.0017,,167,,11.8
599,2.0051,,167,,11
600,2.0082,,167,,10.4
601,2.01158,,167,,10.6
602,2.01481,,167,,10.4
603,2.01808,,165,,10
604,2.02143,,163,,9.8
605,2.02485,,163,,9.8
606,2.02833,,163,,10
607,2.03181,,167,,10
608,2.03524,,167,,9.8
609,2.03857,,167,,9.6
610,2.04205,,173,,9.8
611,2.04528,,173,,10.4
612,2.04831,,172,,10.2
613,2.05176,,172,,10.2
614,2.05534,,166,,10.2
615,2.05878,,167,,10
616,2.06201,,167,,10.2
617,2.06505,,167,,9.8
618,2.06832,,167,,9.4
619,2.07159,,171,,9.8
620,2.07503,,171,,9.8
621,2.0783,,171,,9.6
622,2.08145,,171,,9.8
623,2.08467,,171,,9.8
624,2.08798,,174,,10
625,2.09131,,174,,9.2
626,2.09474,,174,,9.6
627,2.09811,,174,,10
628,2.10122,,174,,9.6
629,2.10443,,174,,10
630,2.10733,,174,,9.8
631,2.11046,,174,,9.2
632,2.11369,,171,,9.6
633,2.11706,,171,,9.8
634,2.12013,,171,,9.2
635,2.12284,,171,,8.6
636,2.12601,,171,,8.6
637,2.129,,171,,8.2
638,2.13212,,171,,7.6
639,2.13536,,165,,7.8
640,2.13864,,165,,7.8
641,2.14204,,165,,8.2
642,2.14526,,165,,8.6
643,2.14829,,167,,8.6
644,2.15147,,167,,8.6
645,2.15436,,167,,8
646,2.15756,,167,,8.4
647,2.16088,,167,,8.8
648,2.16428,,176,,9
649,2.16794,,176,,9.2
650,2.17139,,174,,9.4
651,2.17464,,174,,9.6
652,2.17794,,171,,9.4
653,2.18119,,171,,9.6
654,2.18445,,171,,9.6
655,2.18787,,171,,9.6
656,2.19124,,178,,9.6
657,2.19481,,178,,9.8
658,2.19811,,178,,10
659,2.20144,,178,,10.2
660,2.20458,,178,,10.4
661,2.20769,,178,,10.2
662,2.21087,,176,,10.2
663,2.2134,,176,,9.6
664,2.21632,,176,,9.8
665,2.21939,,176,,9.6
666,2.22256,,176,,9.4
667,2.22586,,176,,9.4
668,2.22907,,176,,9
669,2.23244,,185,,8.8
670,2.23589,,185,,8.8
671,2.23927,,185,,8.8
672,2.24251,,185,,8.6
673,2.24591,,185,,8.8
674,2.24943,,185,,9.2
675,2.25271,,185,,9.2
676,2.25629,,185,,9.4
677,2.25973,,185,,9.4
678,2.26298,,185,,9.2
679,2.26629,,181,,9.2
680,2.26971,,181,,9.2
681,2.27294,,181,,9.4
682,2.27619,,181,,9.6
683,2.27925,,181,,9.2
684,2.28254,,181,,9.4
685,2.28575,,178,,9.2
686,2.28891,,178,,9.2
687,2.29193,,178,,9.2
688,2.2949,,178,,8.4
689,2.29812,,178,,8.6
690,2.30156,,175,,8.2
691,2.30503,,175,,8.6
692,2.30845,,175,,9
693,2.31157,,175,,8.6
694,2.31485,,174,,7.8
695,2.31812,,172,,7.8
696,2.32147,,167,,7.8
697,2.32458,,167,,7.8
698,2.3278,,167,,7.4
699,2.33132,,167,,7.8
700,2.33434,,167,,7.6
701,2.33795,,165,,8.4
702,2.34113,,165,,8.4
703,2.34394,,164,,8.2
704,2.34674,,164,,8
705,2.34988,,164,,8
706,2.35328,,164,,8
707,2.35675,,164,,7.4
708,2.36002,,164,,6.6
709,2.36342,,164,,6.6
710,2.36727,,164,,6
711,2.37104,,164,,5.8
712,2.37476,,158,,5.4
713,2.3787,,153,,5.2
714,2.38261,,153,,4.6
715,2.3861,,153,,4.6
716,2.38931,,153,,4.4
717,2.39283,,153,,4.2
718,2.3963,,153,,4
719,2.39946,,173,,3.8
720,2.40282,,173,,3.6
721,2.40615,,173,,3.8
722,2.40933,,173,,3.6
723,2.41248,,173,,3.6
724,2.41585,,173,,3.4
725,2.41923,,173,,3
726,2.42252,,173,,2.8
727,2.42591,,173,,2.6
728,2.42909,,182,,2.4
729,2.43226,,185,,2
730,2.43536,,185,,1.6
731,2.43854,,181,,1.2
732,2.44199,,181,,1
733,2.44551,,181,,0.8
734,2.44939,,181,,0.8
735,2.45312,,181,,0.6
736,2.45636,,178,,0.6
737,2.45968,,178,,0.6
738,2.46294,,182,,0.4
739,2.4661,,182,,0.4
740,2.4693,,179,,0.4
741,2.47265,,179,,0.2
742,2.47616,,177,,0
743,2.47957,,177,,-0.2
744,2.48298,,177,,-0.4
745,2.48637,,177,,-0.2
746,2.48971,,177,,-0.4
747,2.49305,,177,,-0.6
748,2.49625,,175,,-0.8
749,2.49936,,175,,-1
750,2.50267,,175,,-1
751,2.5058,,175,,-1.2
752,2.50876,,172,,-1.4
753,2.51185,,172,,-1.6
754,2.51475,,168,,-1.8
755,2.51776,,162,,-2.4
756,2.5209,,162,,-2.6
757,2.5241,,162,,-3
758,2.52739,,162,,-3.2
759,2.53055,,162,,-3.4
760,2.53375,,165,,-3.8
761,2.53719,,165,,-4.2
762,2.54037,,173,,-4.6
763,2.54325,,175,,-5
764,2.54619,,178,,-5.2
765,2.54938,,176,,-5.6
766,2.55254,,176,,-5.8
767,2.55565,,176,,-6.2
768,2.55875,,176,,-6.4
769,2.56207,,176,,-6.4
770,2.56528,,176,,-6.6
771,2.56863,,176,,-7.2
772,2.57196,,171,,-7.6
773,2.57506,,171,,-7.8
774,2.57824,,171,,-8.2
775,2.58167,,172,,-8.4
776,2.58507,,172,,-8.8
777,2.5883,,180,,-9
778,2.59156,,187,,-9.6
779,2.59481,,187,,-9.8
780,2.59805,,187,,-9.6
781,2.60136,,187,,-9.6
782,2.60484,,187,,-9.6
783,2.6081,,187,,-10
784,2.61118,,187,,-10
785,2.6145,,185,,-9.8
786,2.61778,,185,,-10
787,2.6209,,185,,-10.2
788,2.62413,,185,,-10
789,2.62727,,185,,-9.8
790,2.63029,,185,,-9.6
791,2.63347,,185,,-9.4
792,2.63678,,185,,-9.2
793,2.64018,,185,,-9.2
794,2.64367,,185,,-9.4
795,2.6471,,185,,-9.6
796,2.65056,,180,,-10.2
797,2.65401,,180,,-10.4
798,2.65764,,180,,-10.6
799,2.66117,,180,,-10.8
800,2.66433,,180,,-10.8
801,2.6677,,180,,-11
802,2.67116,,180,,-11.2
803,2.67456,,173,,-11.4
804,2.67795,,173,,-11.4
805,2.68153,,173,,-11.4
806,2.68519,,173,,-11
807,2.68905,,171,,-11
808,2.69252,,171,,-10.6
809,2.69596,,171,,-10.4
810,2.69938,,171,,-10.4
811,2.70287,,176,,-10.2
812,2.70617,,176,,-9.6
813,2.70943,,176,,-9.2
814,2.71282,,176,,-8.8
815,2.71613,,176,,-8.4
816,2.71948,,176,,-8
817,2.7228,,176,,-7.8
818,2.72605,,176,,-7.6
819,2.72937,,176,,-7.6
820,2.73268,,176,,-7.6
821,2.7359,,170,,-7.6
822,2.73933,,170,,-7.6
823,2.7425,,170,,-7.6
824,2.74576,,170,,-7.6
825,2.74894,,170,,-7.4
826,2.75215,,170,,-7.4
827,2.75552,,170,,-7.4
828,2.75886,,170,,-7.4
829,2.76196,,170,,-7.4
830,2.7651,,170,,-7.2
831,2.76807,,163,,-7.2
832,2.77117,,163,,-7.2
833,2.77444,,184,,-7
834,2.77775,,193,,-7
835,2.78106,,193,,-7
836,2.78417,,193,,-6.4
837,2.78706,,193,,-6.2
838,2.79018,,193,,-6
839,2.79367,,193,,-5.8
840,2.79697,,193,,-4.4
841,2.8004,,194,,-4
842,2.8035,,194,,-3.4
843,2.8068,,193,,-3
844,2.81007,,193,,-2.6
845,2.81302,,193,,-2
846,2.81585,,193,,-1.4
847,2.81882,,193,,-0.8
848,2.82232,,187,,-0.6
849,2.82581,,188,,-0.2
850,2.8289,,188,,0.2
851,2.83239,,188,,0.8
852,2.83586,,188,,1
853,2.83906,,188,,1.2
854,2.84232,,188,,1.6
855,2.84546,,184,,1.6
856,2.8488,,184,,1.4
857,2.85191,,184,,1.8
858,2.85503,,179,,1.8
859,2.85802,,179,,1.8
860,2.85955,,179,,4.8
861,2.8619,,179,,6.8
862,2.86426,,179,,8.6
863,2.86672,,177,,10.2
864,2.86932,,177,,11.4
865,2.87209,,177,,12
866,2.87487,,177,,12.4
867,2.87811,,177,,12.6
868,2.88118,,177,,13.2
869,2.88396,,177,,13.8
870,2.88687,,177,,14.2
871,2.88963,,177,,14.4
872,2.8925,,177,,14.6
873,2.89569,,174,,14.8
874,2.89886,,171,,14.6
875,2.90187,,171,,14.6
876,2.90472,,171,,14.8
877,2.90757,,171,,14.6
878,2.91081,,171,,15
879,2.9139,,171,,15.6
880,2.91701,,171,,15.8
881,2.92035,,171,,16
882,2.92358,,171,,15.8
883,2.92673,,168,,15.4
884,2.92994,,168,,15.4
885,2.93312,,172,,15.6
886,2.93635,,172,,15.6
887,2.93955,,172,,15.8
888,2.94258,,172,,15.8
889,2.94576,,172,,16.4
890,2.94895,,172,,16.6
891,2.95222,,172,,16.4
892,2.9554,,172,,16.2
893,2.95836,,172,,16.4
894,2.96136,,172,,16.6
895,2.96439,,173,,16.8
896,2.96711,,173,,16.6
897,2.97014,,171,,16.6
898,2.97348,,171,,16.6
899,2.97679,,171,,17
900,2.98017,,171,,17.2
901,2.98341,,170,,17.2
902,2.98671,,170,,17.2
903,2.98986,,170,,17.2
904,2.99287,,170,,17.2
905,2.99598,,170,,17.2
906,2.99919,,172,,17.4
907,3.00239,,172,,17.6
908,3.00548,,166,,17.8
909,3.00871,,166,,18
910,3.01206,,166,,18.2
911,3.01535,,166,,18.2
912,3.01861,,166,,18.2
913,3.02194,,164,,18.2
914,3.02546,,160,,18.4
915,3.02873,,160,,18.4
916,3.03203,,157,,18.4
917,3.03528,,157,,18.8
918,3.03839,,155,,19
919,3.04162,,155,,19.2
920,3.04477,,155,,19.6
921,3.04802,,155,,20
922,3.05116,,155,,20
923,3.05417,,155,,20.2
924,3.05742,,155,,20.4
925,3.06044,,155,,20.4
926,3.06322,,153,,20.4
927,3.06617,,152,,19.8
928,3.06942,,152,,19.6
929,3.07273,,152,,19.6
930,3.07616,,150,,19.8
931,3.07932,,150,,19.6
932,3.08237,,150,,19.2
933,3.0852,,150,,19
934,3.08813,,150,,18.8
935,3.0914,,149,,18.8
936,3.09469,,149,,18.6
937,3.09791,,148,,17.8
938,3.10134,,148,,17.4
939,3.10473,,148,,17.4
940,3.108,,148,,16.8
941,3.1114,,147,,16.8
942,3.11462,,147,,16.6
943,3.11827,,148,,16.4
944,3.12193,,148,,16.2
945,3.12526,,148,,15.8
946,3.12862,,148,,15.6
947,3.13202,,148,,15.4
948,3.13538,,148,,15.6
949,3.13883,,148,,15.6
950,3.14216,,148,,15.8
951,3.1454,,148,,15.8
952,3.14873,,148,,16
953,3.15188,,148,,15.8
954,3.15514,,148,,16
955,3.15821,,148,,16
956,3.16114,,148,,15.8
957,3.16448,,148,,15.8
958,3.16776,,148,,15.8
959,3.17089,,148,,15.4
960,3.17423,,148,,15.2
961,3.17748,,148,,15
962,3.18086,,148,,15.2
963,3.18429,,146,,15
964,3.18778,,147,,14.8
965,3.19148,,147,,14.8
966,3.19477,,147,,14.4
967,3.19817,,147,,14.2
968,3.20185,,147,,14.2
969,3.20518,,147,,14.2
970,3.20828,,147,,14.4
971,3.2114,,147,,14.6
972,3.21461,,148,,14.6
973,3.21804,,147,,14.8
974,3.2211,,147,,14.8
975,3.22423,,147,,14.8
976,3.22747,,147,,15.4
977,3.2303,,147,,15.8
978,3.23335,,147,,15.8
979,3.23637,,147,,16
980,3.23938,,147,,16.4
981,3.24271,,148,,16.6
982,3.24583,,145,,17
983,3.24901,,145,,17
984,3.25248,,146,,17.2
985,3.2558,,146,,17.2
986,3.25921,,146,,17.6
987,3.26286,,146,,18
988,3.26598,,146,,18
989,3.26906,,146,,18.2
990,3.27239,,154,,18.2
991,3.27537,,154,,18.2
992,3.27853,,153,,18.2
993,3.28164,,152,,18.2
994,3.28448,,152,,18
995,3.28766,,152,,18.2
996,3.29072,,151,,18.2
997,3.29365,,151,,18.4
998,3.29657,,151,,18.4
999,3.29929,,151,,18.4
1000,3.30232,,151,,18.6
1001,3.3053,,151,,18.4
1002,3.30825,,151,,18.2
1003,3.31146,,151,,18
1004,3.31437,,151,,17.8
1005,3.31748,,151,,17.6
1006,3.32065,,151,,17.6
1007,3.32369,,151,,17.6
1008,3.32671,,151,,17.4
1009,3.32977,,150,,17.2
1010,3.33288,,153,,17
1011,3.33628,,152,,16.8
1012,3.33958,,152,,16.8
1013,3.34285,,152,,16.8
1014,3.34633,,152,,16.4
1015,3.34967,,153,,16.2
1016,3.35302,,155,,15.6
1017,3.35634,,157,,15.4
1018,3.35957,,156,,15.8
1019,3.36288,,156,,16
1020,3.36606,,156,,15.6
1021,3.36917,,156,,15
1022,3.37243,,156,,15
1023,3.37563,,156,,15
1024,3.3791,,156,,14.8
1025,3.38238,,154,,14.6
1026,3.38543,,154,,14.4
1027,3.38864,,154,,14.6
1028,3.39171,,154,,14.8
1029,3.39482,,154,,14.8
1030,3.39821,,154,,15
1031,3.40157,,154,,15.2
1032,3.40495,,154,,15
1033,3.40823,,154,,14.8
1034,3.41138,,154,,14.8
1035,3.4145,,155,,14.4
1036,3.4173,,155,,14
1037,3.42027,,159,,13.4
1038,3.42354,,162,,13.2
1039,3.42668,,168,,13.2
1040,3.4299,,168,,13
1041,3.43307,,168,,12.8
1042,3.43606,,168,,12.8
1043,3.4393,,168,,12.6
1044,3.44243,,168,,12.2
1045,3.44547,,168,,12.2
1046,3.44871,,168,,12.4
1047,3.45186,,168,,12.2
1048,3.45503,,168,,12.2
1049,3.45842,,168,,12.4
1050,3.46172,,157,,12.4
1051,3.465,,157,,12.4
1052,3.46828,,157,,12.4
1053,3.47138,,157,,12.4
1054,3.47453,,157,,12.4
1055,3.47757,,157,,12.6
1056,3.48067,,157,,12.4
1057,3.48394,,157,,12.4
1058,3.48702,,157,,11.8
1059,3.49025,,157,,11.8
1060,3.49346,,157,,12
1061,3.4965,,157,,12.4
1062,3.49965,,157,,12.6
1063,3.50296,,154,,12.6
1064,3.50618,,152,,12.6
1065,3.50951,,150,,12.4
1066,3.51267,,150,,12.4
1067,3.51587,,149,,12.4
1068,3.51909,,148,,12.4
1069,3.52216,,147,,11.8
1070,3.52534,,147,,11.8
1071,3.52834,,146,,11.8
1072,3.53139,,146,,12
1073,3.53472,,146,,12
1074,3.53782,,146,,11.8
1075,3.54096,,146,,11.8
1076,3.54405,,148,,11.8
1077,3.54724,,148,,11.6
1078,3.55057,,147,,11.6
1079,3.55356,,147,,11.2
1080,3.55662,,147,,11.2
1081,3.55986,,146,,11.2
1082,3.56288,,145,,11.4
1083,3.56613,,145,,11.4
1084,3.56942,,145,,11.4
1085,3.57256,,144,,11.2
1086,3.57585,,144,,11
1087,3.57903,,144,,11
1088,3.58241,,144,,11
1089,3.58593,,144,,11.2
1090,3.5893,,144,,11.2
1091,3.59266,,144,,11
1092,3.59593,,143,,10.8
1093,3.59907,,144,,10.6
1094,3.60236,,144,,11
1095,3.60548,,144,,10.8
1096,3.60864,,145,,10.4
1097,3.61207,,145,,10.6
1098,3.61513,,145,,9.8
1099,3.61843,,147,,10
1100,3.62172,,147,,10.4
1101,3.62498,,148,,10.4
1102,3.62841,,148,,10.6
1103,3.63152,,148,,10.2
1104,3.63479,,148,,10.6
1105,3.63813,,148,,10.8
1106,3.64137,,147,,10.6
1107,3.64478,,147,,10.8
1108,3.6481,,148,,11
1109,3.65139,,148,,11
1110,3.65473,,148,,11.2
1111,3.65799,,148,,11.4
1112,3.66117,,149,,11.4
1113,3.6643,,148,,11.4
1114,3.66733,,149,,11.2
1115,3.67027,,149,,11
1116,3.6733,,149,,11
1117,3.6764,,149,,10.8
1118,3.67962,,149,,10.8
1119,3.68243,,149,,11
1120,3.68568,,149,,10.4
1121,3.68887,,149,,9.8
1122,3.69226,,149,,10
1123,3.69556,,149,,9.8
1124,3.69886,,149,,10.6
1125,3.7022,,149,,10.4
1126,3.70554,,150,,10.4
1127,3.70899,,150,,10.8
1128,3.71248,,150,,10.8
1129,3.71561,,150,,10.8
1130,3.71868,,150,,10.8
1131,3.72195,,149,,11
1132,3.72516,,150,,10.8
1133,3.72845,,150,,10.8
1134,3.73172,,150,,11.2
1135,3.73487,,150,,11.2
1136,3.73812,,150,,11.8
1137,3.74127,,150,,11.6
1138,3.74452,,150,,11.4
1139,3.74779,,150,,11.4
1140,3.75096,,151,,11.4
1141,3.75432,,151,,11.6
1142,3.75738,,151,,11.6
1143,3.7604,,151,,11.8
1144,3.76361,,151,,12
1145,3.76688,,151,,12.2
1146,3.77014,,151,,12.4
1147,3.77333,,151,,12.6
1148,3.77641,,151,,12.6
1149,3.77965,,151,,12.8
1150,3.78278,,151,,13.2
1151,3.78584,,152,,12.8
1152,3.78903,,152,,13.2
1153,3.79195,,152,,12.8
1154,3.79496,,152,,12.6
1155,3.79817,,152,,12.6
1156,3.80136,,152,,12.6
1157,3.80449,,152,,12.2
1158,3.80757,,152,,12.2
1159,3.81072,,153,,12.4
1160,3.81397,,153,,12.6
1161,3.81696,,153,,12.6
1162,3.82,,153,,12.6
1163,3.82308,,153,,12.2
1164,3.82586,,153,,12
1165,3.82886,,153,,12
1166,3.83194,,153,,12
1167,3.83508,,153,,12.2
1168,3.8382,,153,,11.8
1169,3.84133,,153,,11.6
1170,3.84444,,153,,11.6
1171,3.84732,,152,,11.4
1172,3.85043,,152,,11.2
1173,3.85349,,152,,11
1174,3.85647,,152,,10.4
1175,3.85908,,153,,10.4
1176,3.86203,,153,,10.2
1177,3.86509,,153,,10
1178,3.8681,,153,,9.8
1179,3.87097,,153,,9.2
1180,3.87373,,153,,8.8
1181,3.8767,,153,,8.2
1182,3.87998,,153,,7.8
1183,3.88289,,153,,7.4
1184,3.88569,,153,,7
1185,3.88832,,153,,6.8
1186,3.89116,,153,,6.4
1187,3.89431,,153,,6.2
1188,3.89743,,153,,6
1189,3.9007,,153,,5.8
1190,3.90347,,153,,5.6
1191,3.90606,,152,,5.4
1192,3.90868,,152,,5
1193,3.91151,,152,,4.8
1194,3.9146,,152,,4.6
1195,3.91795,,152,,4.4
1196,3.92154,,152,,3.8
1197,3.92503,,152,,3.4
1198,3.92811,,152,,3.2
1199,3.93088,,152,,3
1200,3.93394,,152,,2.6
1201,3.93686,,152,,2.6
1202,3.93975,,152,,2.8
1203,3.94278,,152,,2.8
1204,3.94583,,152,,2.8
1205,3.949,,157,,2.8
1206,3.95206,,157,,2.8
1207,3.95522,,157,,2.6
1208,3.95816,,157,,2.8
1209,3.96117,,157,,2.8
1210,3.9644,,157,,2.8
1211,3.96745,,157,,2.4
1212,3.97032,,157,,2.4
1213,3.97313,,157,,2.4
1214,3.97613,,157,,2.4
1215,3.97932,,157,,2.6
1216,3.98218,,157,,2.6
1217,3.98539,,156,,3
1218,3.98843,,155,,3
1219,3.99176,,154,,2.8
1220,3.99488,,154,,3
1221,3.99808,,154,,3.2
1222,4.00137,,158,,3.2
1223,4.00484,,158,,3
1224,4.00825,,158,,3.2
1225,4.01152,,158,,3.2
1226,4.01483,,158,,3.8
1227,4.01814,,156,,3.8
1228,4.02111,,155,,4
1229,4.02403,,154,,4.4
1230,4.02682,,154,,4.4
1231,4.02975,,154,,4.6
1232,4.03269,,153,,4.8
1233,4.03562,,153,,4.6
1234,4.03869,,152,,4.4
1235,4.04174,,152,,4.4
1236,4.04485,,152,,4.4
1237,4.04798,,152,,4.4
1238,4.05099,,152,,4.6
1239,4.0543,,152,,4.8
1240,4.05784,,152,,4.6
1241,4.06124,,174,,4.6
1242,4.06418,,174,,4.8
1243,4.06722,,174,,4.8
1244,4.07037,,174,,4.8
1245,4.0736,,174,,4.8
1246,4.07681,,174,,4.8
1247,4.08009,,174,,4.6
1248,4.08322,,174,,4.4
1249,4.08628,,174,,4.2
1250,4.08949,,174,,4.2
1251,4.09257,,174,,4.2
1252,4.09495,,174,,3.8
1253,4.09779,,174,,3.8
1254,4.10078,,174,,3.6
1255,4.10393,,174,,3.8
1256,4.10721,,168,,3.6
1257,4.1104,,164,,3.8
1258,4.11392,,161,,4.6
1259,4.1174,,161,,5
1260,4.12084,,165,,5.4
1261,4.12415,,162,,5.8
1262,4.1274,,159,,5.8
1263,4.13078,,157,,6
1264,4.13411,,157,,6.2
1265,4.13713,,157,,6
1266,4.14025,,164,,6.2
1267,4.14343,,164,,6.2
1268,4.1464,,164,,6.2
1269,4.14924,,164,,6
1270,4.15204,,165,,5.8
1271,4.15493,,165,,5.8
1272,4.15791,,165,,6
1273,4.16057,,165,,6.2
1274,4.16346,,165,,6.2
1275,4.16651,,165,,6.4
1276,4.16939,,165,,7
1277,4.17287,,165,,7.4
1278,4.17629,,165,,7.8
1279,4.1796,,165,,7.6
1280,4.18284,,165,,7.8
1281,4.18598,,165,,7.6
1282,4.18928,,165,,7.4
1283,4.19255,,165,,7.2
1284,4.19578,,165,,7.2
1285,4.19897,,165,,7
1286,4.20211,,163,,7
1287,4.20515,,163,,7.4
1288,4.20807,,163,,7.6
1289,4.21091,,163,,7.6
1290,4.2142,,163,,7.8
1291,4.21746,,158,,8.4
1292,4.22062,,157,,8.8
1293,4.22346,,156,,9.2
1294,4.22619,,156,,9.4
1295,4.22939,,156,,9.4
1296,4.2327,,156,,9.2
1297,4.23572,,156,,9.6
1298,4.23866,,156,,9.8
1299,4.24141,,156,,9.6
1300,4.24436,,156,,9.6
1301,4.24744,,156,,10
1302,4.25044,,156,,10.2
1303,4.25361,,156,,10.2
1304,4.25697,,156,,10
1305,4.2599,,156,,9.8
1306,4.26328,,156,,9.8
1307,4.26661,,156,,9.8
1308,4.26964,,156,,9.6
1309,4.27277,,156,,9.4
1310,4.27584,,156,,9.2
1311,4.27883,,156,,9.2
1312,4.28199,,156,,9
1313,4.28532,,156,,8.8
1314,4.28863,,156,,8.6
1315,4.2916,,156,,8.8
1316,4.29448,,156,,8.6
1317,4.29792,,162,,8.4
1318,4.30113,,162,,8.2
1319,4.3043,,162,,8.4
1320,4.30719,,162,,8
1321,4.31003,,162,,7.8
1322,4.31303,,166,,7.8
1323,4.31591,,166,,7.8
1324,4.31901,,163,,7.6
1325,4.32198,,163,,7.6
1326,4.32445,,163,,7.4
1327,4.32708,,163,,7.2
1328,4.32982,,163,,6.8
1329,4.3331,,163,,6.6
1330,4.33648,,164,,6.6
1331,4.33945,,164,,6.4
1332,4.34268,,164,,6.2
1333,4.3461,,164,,6.6
1334,4.34948,,164,,6.6
1335,4.35266,,164,,6.2
1336,4.35573,,158,,6
1337,4.35847,,156,,5.6
1338,4.36112,,153,,5.6
1339,4.36406,,152,,5.2
1340,4.36731,,153,,5
1341,4.37052,,153,,4.8
1342,4.37361,,153,,4.8
1343,4.3766,,153,,4.4
1344,4.3796,,152,,4
1345,4.38261,,150,,3.6
1346,4.38556,,150,,3.6
1347,4.38837,,149,,3.2
1348,4.39156,,150,,3
1349,4.39499,,149,,2.8
1350,4.39831,,149,,2.8
1351,4.40161,,150,,2.8
1352,4.40481,,150,,2.4
1353,4.40803,,150,,2.4
1354,4.4114,,150,,2.4
1355,4.41424,,150,,2.4
1356,4.41738,,151,,2.4
1357,4.42067,,151,,2.4
1358,4.42432,,151,,2.4
1359,4.42779,,150,,2.4
1360,4.4309,,150,,2.4
1361,4.43402,,150,,2
1362,4.4371,,150,,2
1363,4.44038,,161,,1.6
1364,4.44376,,161,,1.6
1365,4.44695,,160,,1.6
1366,4.44994,,158,,2.4
1367,4.45299,,158,,2.2
1368,4.45615,,158,,2.2
1369,4.45971,,158,,2.2
1370,4.46301,,158,,2
1371,4.4662,,157,,2.2
1372,4.46963,,157,,2.2
1373,4.47306,,157,,2.2
1374,4.47653,,155,,2.6
1375,4.47942,,154,,2.6
1376,4.48238,,153,,2.4
1377,4.48494,,152,,2.4
1378,4.48785,,151,,2.4
1379,4.49087,,151,,2.4
1380,4.49391,,151,,2.6
1381,4.49704,,151,,2.6
1382,4.50016,,151,,2.6
1383,4.50345,,151,,2.6
1384,4.50625,,150,,2.6
1385,4.50945,,150,,2.8
1386,4.51225,,150,,2.6
1387,4.51518,,150,,2.4
1388,4.51799,,150,,2.4
1389,4.52073,,150,,2.2
1390,4.52367,,150,,1.8
1391,4.52657,,150,,1.6
1392,4.52921,,149,,1.4
1393,4.53166,,149,,1.2
1394,4.53473,,148,,1.2
1395,4.53789,,148,,1
1396,4.5411,,148,,1.2
1397,4.5445,,151,,1.4
1398,4.54747,,151,,1.4
1399,4.55002,,151,,1.6
1400,4.55273,,151,,1.8
1401,4.55551,,151,,1.6
1402,4.55857,,151,,1.8
1403,4.56162,,152,,1.8
1404,4.56437,,152,,2.2
1405,4.56742,,152,,2.4
1406,4.57076,,152,,2.8
1407,4.57396,,152,,3
1408,4.57702,,151,,2.8
1409,4.58004,,150,,2.8
1410,4.58335,,150,,3.2
1411,4.58654,,150,,3.8
1412,4.58944,,150,,4
1413,4.59286,,150,,4
1414,4.59621,,150,,4.2
1415,4.59948,,150,,4.4
1416,4.6028,,150,,4.8
1417,4.60553,,150,,4.8
1418,4.60804,,150,,4.8
1419,4.61056,,150,,4.8
1420,4.6136,,150,,4.6
1421,4.61658,,150,,4.2
1422,4.61989,,150,,4
1423,4.62351,,150,,4
1424,4.62703,,153,,4
1425,4.63041,,153,,3.8
1426,4.63383,,153,,3.6
1427,4.63685,,153,,3.6
1428,4.64009,,153,,3.8
1429,4.64324,,153,,4.2
1430,4.6468,,153,,4.2
1431,4.65025,,153,,4.2
1432,4.65346,,153,,4.2
1433,4.65659,,153,,4
1434,4.66001,,161,,4.2
1435,4.66342,,165,,4.4
1436,4.66663,,163,,4.4
1437,4.6699,,160,,4.6
1438,4.67303,,157,,5
1439,4.67609,,156,,5.4
1440,4.67923,,156,,5.6
1441,4.68249,,155,,5.8
1442,4.68582,,155,,6.2
1443,4.68909,,153,,6.2
1444,4.69233,,153,,6.4
1445,4.69563,,154,,6.2
1446,4.69911,,154,,6.4
1447,4.70264,,154,,6.8
1448,4.70585,,151,,7
1449,4.70901,,151,,6.4
1450,4.71213,,151,,6.4
1451,4.71529,,151,,6.4
1452,4.71843,,151,,6.4
1453,4.72176,,151,,6
1454,4.72522,,151,,6.2
1455,4.72833,,151,,6.2
1456,4.73137,,151,,6.4
1457,4.73467,,151,,6.4
1458,4.73778,,151,,6.8
1459,4.74092,,160,,7
1460,4.74396,,160,,7.2
1461,4.74707,,160,,7.6
1462,4.75026,,160,,7.8
1463,4.75317,,160,,8
1464,4.75605,,160,,8.2
1465,4.75908,,162,,8.2
1466,4.76222,,162,,8.2
1467,4.76588,,162,,8.4
1468,4.76942,,157,,8.2
1469,4.77279,,152,,8.2
1470,4.77574,,148,,8.2
1471,4.77873,,148,,8.6
1472,4.78181,,148,,8.6
1473,4.78496,,148,,8.4
1474,4.78824,,148,,8.6
1475,4.79197,,148,,8.8
1476,4.79596,,151,,8.6
1477,4.79926,,151,,8.8
1478,4.80271,,151,,8.6
1479,4.80615,,151,,8.6
1480,4.80932,,154,,8.4
1481,4.81243,,154,,8.2
1482,4.81529,,154,,8.2
1483,4.8183,,154,,8.2
1484,4.82128,,154,,8.4
1485,4.82387,,154,,8.4
1486,4.82692,,154,,8
1487,4.82986,,154,,8.2
1488,4.83279,,154,,8
1489,4.8358,,154,,8.2
1490,4.83882,,159,,8.2
1491,4.84184,,159,,9
1492,4.84503,,159,,8.6
1493,4.84831,,159,,8.6
1494,4.85176,,159,,8.6
1495,4.85518,,159,,9.2
1496,4.85823,,157,,9.6
1497,4.8613,,157,,9.6
1498,4.86411,,157,,9.6
1499,4.86711,,154,,9.6
1500,4.87044,,154,,9.2
1501,4.87386,,154,,9
1502,4.87736,,153,,8.6
1503,4.88065,,153,,8.4
1504,4.8837,,153,,8.2
1505,4.88667,,153,,8
1506,4.88941,,153,,7.8
1507,4.89234,,153,,8
1508,4.89539,,153,,7.8
1509,4.89811,,153,,7.8
1510,4.90078,,158,,7.6
1511,4.9036,,158,,7.6
1512,4.90636,,158,,7.6
1513,4.90929,,158,,7.2
1514,4.91231,,158,,7
1515,4.91546,,158,,7.2
1516,4.9189,,165,,7.4
1517,4.92192,,165,,7.4
1518,4.92469,,160,,7
1519,4.92743,,160,,6.8
1520,4.92963,,155,,6.6
1521,4.93197,,154,,6
1522,4.93445,,154,,5.8
1523,4.93737,,154,,5
1524,4.94094,,154,,5.6
1525,4.94395,,153,,5.6
1526,4.94705,,153,,5.8
1527,4.95006,,153,,6.2
1528,4.95331,,153,,7
1529,4.95659,,153,,7.2
1530,4.95952,,155,,7
1531,4.96287,,155,,7.6
1532,4.96616,,155,,7.8
1533,4.9698,,155,,8.6
1534,4.97319,,155,,8.4
1535,4.97641,,155,,8.4
1536,4.97956,,155,,9
1537,4.98273,,155,,8.4
1538,4.98604,,155,,8.8
1539,4.98919,,155,,8.8
1540,4.99226,,155,,9.4
1541,4.99506,,155,,8.8
1542,4.99795,,155,,9.2
1543,5.00068,,151,,9.2
1544,5.00312,,151,,9.4
1545,5.00581,,151,,9.4
1546,5.00854,,151,,9.4
1547,5.01129,,150,,9.8
1548,5.01428,,150,,10.2
1549,5.01731,,150,,10.2
1550,5.02035,,152,,10.2
1551,5.02335,,148,,10.6
1552,5.02619,,148,,10.8
1553,5.02901,,148,,10.8
1554,5.03171,,148,,11.2
1555,5.03468,,148,,12.2
1556,5.03776,,148,,12.8
1557,5.04104,,148,,12.8
1558,5.04429,,148,,13
1559,5.04749,,149,,12.8
1560,5.05037,,149,,13
1561,5.05345,,149,,12.6
1562,5.05647,,151,,12.6
1563,5.05949,,151,,12.6
1564,5.0628,,152,,12.4
1565,5.06601,,152,,12
1566,5.06924,,152,,11.6
1567,5.07244,,152,,11.2
1568,5.07565,,150,,11.2
1569,5.07891,,151,,11.2
1570,5.08192,,151,,11.6
1571,5.08484,,151,,11.8
1572,5.0878,,152,,12.4
1573,5.09059,,152,,12.2
1574,5.09365,,151,,12.6
1575,5.09691,,151,,12.6
1576,5.10006,,151,,12.6
1577,5.10335,,151,,12.4
1578,5.10668,,151,,12.4
1579,5.10998,,152,,12.4
1580,5.11333,,152,,12.2
1581,5.1164,,153,,12.2
1582,5.1197,,154,,12.4
1583,5.12281,,154,,12.4
1584,5.12586,,154,,13
1585,5.12903,,154,,13
1586,5.13237,,160,,12.8
1587,5.13557,,160,,13
1588,5.13879,,160,,12.6
1589,5.14195,,166,,12.6
1590,5.14505,,166,,12.4
1591,5.14795,,166,,12.8
1592,5.15071,,166,,12.6
1593,5.1536,,166,,12.6
1594,5.1565,,166,,12.4
1595,5.1594,,166,,12.8
1596,5.16221,,166,,13
1597,5.16505,,167,,13.2
1598,5.16821,,167,,13.2
1599,5.17156,,167,,13
1600,5.17447,,167,,12.8
1601,5.17763,,167,,13
1602,5.18105,,163,,13.2
1603,5.18429,,168,,13.2
1604,5.1876,,168,,13
1605,5.19053,,168,,12.8
1606,5.19372,,168,,12.6
1607,5.19686,,168,,12.6
1608,5.19973,,168,,12.6
1609,5.20265,,168,,12.2
1610,5.20589,,168,,12.2
1611,5.20884,,168,,12
1612,5.21214,,168,,12.2
1613,5.21554,,168,,12.2
1614,5.2185,,168,,12.2
1615,5.22153,,168,,12.2
1616,5.22479,,168,,12.4
1617,5.22795,,168,,11.8
1618,5.23098,,168,,11.8
1619,5.23412,,173,,12.2
1620,5.23745,,173,,12.6
1621,5.24066,,173,,12.8
1622,5.24384,,173,,12.8
1623,5.24683,,173,,12.8
1624,5.24938,,173,,12
1625,5.25266,,172,,11.8
1626,5.25572,,172,,11.6
1627,5.2589,,166,,11.8
1628,5.26241,,166,,11.8
1629,5.26581,,166,,12
1630,5.26919,,166,,12.2
1631,5.27258,,168,,12
1632,5.27564,,168,,12
1633,5.27872,,166,,12
1634,5.28191,,163,,12.4
1635,5.28516,,157,,12.4
1636,5.28878,,157,,11.8
1637,5.29197,,157,,11.8
1638,5.29498,,157,,11.6
1639,5.29795,,157,,11.4
1640,5.30085,,157,,11.6
1641,5.30383,,157,,11.8
1642,5.30684,,155,,12
1643,5.30995,,154,,12.2
1644,5.31305,,154,,11.6
1645,5.31588,,164,,11.8
1646,5.31896,,164,,11.6
1647,5.32226,,168,,11.4
1648,5.32558,,168,,11.6
1649,5.32908,,168,,11.2
1650,5.33212,,168,,11.2
1651,5.33518,,168,,11.2
1652,5.33815,,168,,10.8
1653,5.34129,,168,,10.4
1654,5.34438,,173,,10.8
1655,5.34748,,173,,10.8
1656,5.35028,,173,,10.6
1657,5.35322,,173,,10.4
1658,5.35623,,173,,10
1659,5.35946,,178,,10.4
1660,5.36278,,178,,10.2
1661,5.36556,,178,,9.8
1662,5.3684,,178,,10
1663,5.37119,,178,,9.6
1664,5.37403,,178,,10
1665,5.37718,,178,,10
1666,5.37992,,178,,9.8
1667,5.38286,,178,,9.4
1668,5.38576,,178,,9.8
1669,5.38884,,178,,10
1670,5.39218,,178,,10.4
1671,5.39481,,178,,10.2
1672,5.39775,,178,,10.6
1673,5.40077,,182,,10.6
1674,5.40341,,182,,10.4
1675,5.40626,,176,,10.4
1676,5.40942,,176,,10.6
1677,5.41249,,176,,10.8
1678,5.41574,,172,,10.8
1679,5.41885,,172,,11.2
1680,5.42196,,172,,11.8
1681,5.42535,,172,,12
1682,5.42841,,172,,12
1683,5.43156,,172,,12
1684,5.43482,,172,,12.2
1685,5.43773,,172,,12.6
1686,5.44071,,172,,12.6
1687,5.44377,,172,,12.6
1688,5.44686,,172,,12.8
1689,5.45017,,172,,12.8
1690,5.45306,,172,,12.6
1691,5.45594,,172,,11.6
1692,5.45908,,174,,11.2
1693,5.46204,,174,,10.6
1694,5.46506,,174,,10.4
1695,5.46821,,184,,10.4
1696,5.47169,,193,,10.4
1697,5.47485,,193,,9.8
1698,5.47746,,193,,9.2
1699,5.48028,,193,,9.8
1700,5.48323,,193,,9.2
1701,5.48604,,193,,9
1702,5.48916,,193,,8
1703,5.49199,,193,,8.2
1704,5.49495,,193,,8
1705,5.49809,,190,,8
1706,5.50118,,190,,8.6
1707,5.50443,,190,,8.4
1708,5.50759,,191,,8.2
1709,5.51083,,191,,8.2
1710,5.51437,,191,,8.6
1711,5.51716,,191,,8.6
1712,5.52003,,191,,8.4
1713,5.5229,,188,,8.2
1714,5.52551,,188,,8.2
1715,5.52835,,184,,8.8
1716,5.53138,,184,,9
1717,5.53426,,184,,9.2
1718,5.53769,,184,,9
1719,5.54112,,184,,9.2
1720,5.5443,,182,,9.4
1721,5.54753,,182,,9
1722,5.55069,,182,,8.8
1723,5.55359,,187,,8.4
1724,5.55676,,185,,8.2
1725,5.55976,,185,,8.2
1726,5.56326,,185,,8.6
1727,5.56649,,185,,8
1728,5.56948,,185,,8.2
1729,5.57234,,185,,7.8
1730,5.57535,,185,,8
1731,5.5782,,185,,8.4
1732,5.5813,,185,,8.6
1733,5.58465,,185,,8.4
1734,5.58773,,185,,8.8
1735,5.5904,,185,,8.6
1736,5.59348,,185,,8.6
1737,5.59652,,185,,8.6
1738,5.59876,,185,,8.6
1739,5.60126,,182,,8.4
1740,5.60411,,182,,9
1741,5.60715,,184,,8.8
1742,5.60991,,184,,8.8
1743,5.61278,,184,,9.2
1744,5.61582,,184,,9.4
1745,5.61892,,184,,9.6
1746,5.62246,,184,,10.4
1747,5.62571,,184,,10.4
1748,5.62914,,184,,10.2
1749,5.63249,,184,,10.4
1750,5.63578,,184,,10.8
1751,5.63925,,184,,11.8
1752,5.64252,,184,,12
1753,5.64603,,178,,12.4
1754,5.6496,,179,,12.6
1755,5.65321,,179,,12.8
1756,5.65613,,179,,13.2
1757,5.65942,,178,,12.8
1758,5.66238,,180,,12.8
1759,5.66521,,184,,12.8
1760,5.66851,,184,,12.6
1761,5.67172,,184,,12.4
1762,5.67485,,184,,12.6
1763,5.67821,,184,,12.8
1764,5.68117,,184,,13
1765,5.68401,,184,,12.8
1766,5.68687,,184,,12.8
1767,5.68967,,184,,12.2
1768,5.69284,,184,,11.8
1769,5.6958,,184,,12
1770,5.69879,,189,,11.6
1771,5.70191,,190,,11
1772,5.70508,,190,,11.4
1773,5.70764,,190,,11
1774,5.7105,,190,,10.8
1775,5.7132,,190,,10.6
1776,5.7161,,190,,10.4
1777,5.71908,,190,,10.4
1778,5.72209,,185,,10
1779,5.72493,,184,,9.6
1780,5.72774,,184,,9.6
1781,5.73074,,184,,9
1782,5.73384,,184,,8.6
1783,5.73702,,181,,8.4
1784,5.74012,,181,,8
1785,5.74288,,178,,7.4
1786,5.74591,,178,,7.6
1787,5.74912,,176,,8
1788,5.75202,,176,,8
1789,5.75489,,176,,8.4
1790,5.75787,,179,,8
1791,5.76069,,178,,7.6
1792,5.76392,,178,,7.4
1793,5.76719,,176,,7.2
1794,5.77014,,175,,7.2
1795,5.77294,,175,,7.4
1796,5.77569,,175,,7.2
1797,5.77856,,180,,7
1798,5.78131,,181,,6.4
1799,5.78421,,171,,5.6
1800,5.78724,,171,,5.4
1801,5.79007,,171,,5.2
1802,5.79301,,171,,4.8
1803,5.79627,,171,,5
1804,5.79963,,171,,4.8
1805,5.80299,,172,,5.2
1806,5.80641,,172,,5.2
1807,5.80973,,171,,5.6
1808,5.81324,,171,,5.4
1809,5.81691,,171,,6
1810,5.82012,,169,,6.2
1811,5.82333,,167,,6
1812,5.82657,,167,,6.4
1813,5.82952,,167,,6.4
1814,5.83207,,166,,6.2
1815,5.83478,,166,,6.2
1816,5.83756,,166,,6.4
1817,5.84062,,166,,6.2
1818,5.84428,,166,,5.8
1819,5.84727,,166,,5.4
1820,5.85023,,167,,5.4
1821,5.85306,,173,,5
1822,5.85583,,174,,4.6
1823,5.85855,,174,,4.2
1824,5.86131,,176,,4
1825,5.86396,,176,,3.8
1826,5.86689,,176,,3.2
1827,5.86988,,173,,3
1828,5.87281,,173,,2.8
1829,5.8756,,173,,3
1830,5.87825,,173,,2.4
1831,5.88115,,173,,2.2
1832,5.88397,,173,,2.2
1833,5.88638,,171,,1.8
1834,5.88904,,171,,1.4
1835,5.89188,,175,,1.2
1836,5.89476,,175,,1
1837,5.89764,,175,,1
1838,5.90066,,175,,1.4
1839,5.90369,,175,,1.4
1840,5.90669,,175,,1.6
1841,5.90953,,175,,1.8
1842,5.91239,,175,,2.2
1843,5.91541,,175,,2.2
1844,5.91842,,172,,3.2
1845,5.92169,,170,,3.2
1846,5.92456,,169,,3.8
1847,5.92739,,169,,3.6
1848,5.9305,,169,,4
1849,5.93384,,168,,4
1850,5.9373,,166,,4.8
1851,5.94078,,166,,5.2
1852,5.94394,,164,,5.4
1853,5.94711,,165,,5.8
1854,5.95055,,170,,6
1855,5.95403,,170,,6.2
1856,5.95745,,175,,6.4
1857,5.96082,,175,,6.4
1858,5.96409,,170,,6.8
1859,5.96743,,169,,6.8
1860,5.97058,,169,,7
1861,5.97351,,168,,7.2
1862,5.97651,,168,,7
1863,5.97919,,168,,6.8
1864,5.98176,,168,,6.6
1865,5.98459,,168,,6.6
1866,5.98714,,168,,6.4
1867,5.98995,,168,,6.4
1868,5.99267,,168,,6.4
1869,5.99562,,168,,7
1870,5.99875,,168,,7
1871,6.00197,,168,,6.8
1872,6.00501,,173,,6.8
1873,6.0079,,173,,6.8
1874,6.01085,,173,,6.2
1875,6.01381,,173,,6.2
1876,6.01679,,173,,6.2
1877,6.01976,,173,,6.2
1878,6.02308,,178,,6.4
1879,6.02625,,176,,6.6
1880,6.02933,,181,,6.4
1881,6.03251,,184,,6.4
1882,6.03557,,184,,6.6
1883,6.03864,,184,,6.8
1884,6.04169,,184,,6.6
1885,6.04548,,184,,6.8
1886,6.04938,,184,,7.2
1887,6.05313,,184,,7.4
1888,6.05687,,184,,7.8
1889,6.06061,,184,,8.4
1890,6.06429,,184,,8.2
1891,6.06783,,184,,8.4
1892,6.07132,,184,,8.8
1893,6.07462,,184,,9.6
1894,6.07817,,181,,10.2
1895,6.08153,,181,,10.8
1896,6.08478,,181,,11
1897,6.08775,,181,,11.4
1898,6.09072,,181,,11.6
1899,6.0935,,181,,12
1900,6.09635,,181,,12.2
1901,6.099,,181,,12.6
1902,6.10157,,176,,12.8
1903,6.10451,,176,,13
1904,6.10765,,176,,13.2
1905,6.11044,,176,,13.2
1906,6.11359,,176,,13.2
1907,6.11658,,175,,12.8
1908,6.11991,,175,,12
1909,6.12276,,175,,11.6
1910,6.12589,,175,,11.6
1911,6.12931,,175,,11
1912,6.13231,,175,,11
1913,6.13508,,178,,10.8
1914,6.13831,,178,,10.4
1915,6.1413,,178,,10.2
1916,6.14423,,178,,10.2
1917,6.14732,,175,,10.2
1918,6.15014,,174,,10.2
1919,6.15265,,173,,9
1920,6.15614,,173,,7.8
1921,6.15939,,170,,7.2
1922,6.16254,,175,,6.4
1923,6.16532,,175,,6.4
1924,6.16817,,175,,6.2
1925,6.17165,,175,,5.2
1926,6.17516,,173,,4.6
1927,6.17818,,173,,4
1928,6.18104,,167,,3.4
1929,6.1841,,167,,3
1930,6.18733,,167,,2.8
1931,6.19034,,167,,2.4
1932,6.19353,,167,,2.4
1933,6.19679,,167,,2.4
1934,6.2,,167,,2.4
1935,6.20375,,167,,3
1936,6.20738,,167,,3
1937,6.21077,,169,,3.2
1938,6.214,,169,,3.2
1939,6.21725,,169,,3.4
1940,6.22061,,169,,3.4
1941,6.2238,,169,,3.2
1942,6.22697,,169,,3.2
1943,6.23026,,169,,3.4
1944,6.23353,,171,,3.4
1945,6.23677,,172,,3.2
1946,6.23981,,178,,3.2
1947,6.24295,,183,,3.2
1948,6.2461,,183,,3.2
1949,6.24924,,183,,3.4
1950,6.25236,,178,,3.2
1951,6.25563,,178,,3.4
1952,6.25874,,176,,3.8
1953,6.26187,,172,,3.8
1954,6.26495,,169,,4
1955,6.26802,,169,,4.4
1956,6.27108,,169,,4.4
1957,6.27408,,169,,4.6
1958,6.27734,,169,,4.2
1959,6.28076,,169,,4.4
1960,6.28397,,169,,4.6
1961,6.28736,,169,,5.2
1962,6.29051,,169,,5.4
1963,6.29368,,169,,5.6
1964,6.29677,,169,,5.8
1965,6.29978,,169,,5.8
1966,6.30281,,188,,6
1967,6.3058,,188,,6.2
1968,6.30857,,188,,6.4
1969,6.31144,,188,,6.4
1970,6.31444,,188,,6.4
1971,6.31726,,188,,6.2
1972,6.32026,,188,,6.4
1973,6.32347,,188,,6.4
1974,6.32667,,188,,6.6
1975,6.32983,,190,,7
1976,6.33309,,190,,7.2
1977,6.33632,,193,,7.2
1978,6.3393,,193,,7.6
1979,6.34231,,188,,7.4
1980,6.34532,,188,,7.4
1981,6.34805,,190,,7.4
1982,6.35094,,190,,7.6
1983,6.35386,,190,,7.6
1984,6.35664,,190,,7.6
1985,6.35951,,190,,7.4
1986,6.36246,,190,,7.4
1987,6.36538,,188,,7.4
1988,6.36838,,188,,7.4
1989,6.37132,,188,,7.2
1990,6.37421,,187,,7
1991,6.3773,,187,,7.2
1992,6.38031,,187,,7
1993,6.38327,,185,,7
1994,6.38612,,184,,6.6
1995,6.38878,,184,,7
1996,6.39139,,184,,7.8
1997,6.39402,,184,,7.4
1998,6.39689,,184,,7.8
1999,6.39958,,184,,7.8
2000,6.40219,,188,,8
2001,6.40481,,188,,8.2
2002,6.40763,,188,,8
2003,6.41027,,188,,7.8
2004,6.41296,,188,,7.6
2005,6.41585,,188,,7.4
2006,6.41855,,188,,7.2
2007,6.42138,,188,,7
2008,6.4242,,188,,6.8
2009,6.42723,,189,,6.8
2010,6.43031,,189,,7
2011,6.43308,,189,,7
2012,6.43569,,189,,7.2
2013,6.43819,,189,,7.4
2014,6.44054,,189,,7.6
2015,6.44319,,189,,8
2016,6.44602,,189,,7.8
2017,6.44897,,188,,8.2
2018,6.45157,,188,,8.6
2019,6.45402,,188,,9.4
2020,6.45701,,188,,9.8
2021,6.45994,,183,,10.6
2022,6.46263,,183,,11
2023,6.46491,,183,,10.8
2024,6.46768,,182,,10.8
2025,6.4707,,179,,11
2026,6.47356,,175,,11
2027,6.47671,,172,,10.6
2028,6.47963,,172,,10
2029,6.48247,,172,,9.8
2030,6.48551,,172,,10.2
2031,6.48871,,172,,10.2
2032,6.49176,,172,,10.2
2033,6.49485,,172,,10.4
2034,6.49771,,172,,10.2
2035,6.50018,,172,,10.2
2036,6.50282,,180,,10.2
2037,6.50556,,180,,9.8
2038,6.5083,,180,,9.6
2039,6.51132,,180,,9.2
2040,6.51364,,180,,9
2041,6.51577,,180,,9
2042,6.51832,,180,,9
2043,6.5211,,180,,9
2044,6.52379,,180,,9
2045,6.52659,,180,,8.8
2046,6.52973,,180,,9.2
2047,6.53318,,180,,9.2
2048,6.53654,,180,,9
2049,6.53985,,180,,9.2
2050,6.54321,,180,,9.4
2051,6.54663,,180,,9.6
2052,6.55027,,180,,9.8
2053,6.55367,,184,,9.8
2054,6.55725,,184,,9.6
2055,6.5607,,184,,10
2056,6.56421,,184,,10
2057,6.56777,,184,,10
2058,6.57111,,184,,10.2
2059,6.57459,,184,,10.4
2060,6.57788,,184,,10.2
2061,6.58099,,184,,10.6
2062,6.58413,,184,,10.6
2063,6.58734,,184,,10.2
2064,6.59047,,186,,10.2
2065,6.59387,,186,,10.8
2066,6.59723,,186,,10.8
2067,6.60031,,184,,10.6
2068,6.60321,,186,,10.6
2069,6.6064,,192,,10.4
2070,6.60956,,192,,10.2
2071,6.61256,,192,,10
2072,6.61565,,194,,10
2073,6.61852,,194,,10.2
2074,6.62149,,194,,10
2075,6.62444,,194,,9.8
2076,6.62722,,194,,9.8
2077,6.62987,,194,,9.6
2078,6.63208,,187,,9.8
2079,6.63483,,184,,10
2080,6.63813,,182,,10
2081,6.64145,,178,,10.2
2082,6.64443,,182,,9.8
2083,6.64717,,182,,10
2084,6.64967,,182,,10.2
2085,6.65234,,182,,10.4
2086,6.65503,,182,,10.4
2087,6.65795,,182,,10.4
2088,6.66095,,184,,10.4
2089,6.66408,,184,,10.6
2090,6.66856,,184,,9.6
2091,6.67167,,184,,10
2092,6.67458,,184,,10.2
2093,6.67733,,184,,10.4
2094,6.67989,,184,,10.6
2095,6.68252,,184,,10.8
2096,6.68531,,184,,10.8
2097,6.68799,,184,,11.2
2098,6.69052,,184,,11
2099,6.693,,184,,11
2100,6.69539,,184,,10.2
2101,6.69758,,184,,10.6
2102,6.6996,,184,,10.8
2103,6.70189,,184,,10.8
2104,6.70469,,184,,11.4
2105,6.70772,,184,,11.8
2106,6.71074,,184,,11.6
2107,6.71368,,184,,11.4
2108,6.71693,,184,,11.6
2109,6.72011,,184,,11.6
2110,6.72317,,184,,11.8
2111,6.72659,,190,,12.2
2112,6.73023,,190,,12.2
2113,6.73338,,189,,12.2
2114,6.73644,,189,,12.8
2115,6.73956,,190,,13
2116,6.74252,,211,,12.8
2117,6.74561,,217,,12.2
2118,6.74866,,229,,12.2
2119,6.7517,,229,,12
2120,6.75475,,232,,11.6
2121,6.7578,,232,,11.6
2122,6.76092,,232,,11.4
2123,6.76399,,232,,10.8
2124,6.76707,,232,,10.6
2125,6.77014,,232,,10.6
2126,6.7732,,232,,10
2127,6.77613,,232,,9.6
2128,6.77889,,232,,9
2129,6.78185,,223,,8.6
2130,6.78457,,208,,8
2131,6.78728,,204,,7.4
2132,6.78982,,194,,6.8
2133,6.79281,,189,,6.6
2134,6.79578,,188,,6
2135,6.79902,,185,,6
2136,6.80222,,183,,5.8
2137,6.80533,,181,,5.4
2138,6.80817,,181,,5.4
2139,6.81121,,181,,5.2
2140,6.8143,,181,,5.4
2141,6.81745,,181,,5.6
2142,6.82072,,183,,5.8
2143,6.82387,,183,,6
2144,6.82703,,183,,6.6
2145,6.83025,,183,,7.2
2146,6.83329,,183,,7.4
2147,6.83642,,180,,7.4
2148,6.83936,,180,,7.4
2149,6.84214,,180,,7.4
2150,6.84506,,180,,7.2
2151,6.84807,,191,,7.4
2152,6.8513,,206,,7.4
2153,6.85443,,212,,7.8
2154,6.8576,,220,,8
2155,6.86083,,220,,8.2
2156,6.8641,,220,,8.4
2157,6.86693,,220,,8.4
2158,6.86979,,220,,8.4
2159,6.87274,,218,,8.6
2160,6.87612,,218,,8.8
2161,6.87936,,218,,8.8
2162,6.88251,,218,,9
2163,6.88619,,218,,10.2
2164,6.88952,,218,,10.6
2165,6.89299,,218,,11.4
2166,6.8964,,221,,11.6
2167,6.90004,,221,,11.8
2168,6.90332,,221,,12
2169,6.90648,,221,,12.2
2170,6.90979,,221,,13
2171,6.91276,,221,,12.8
2172,6.91541,,221,,12.8
2173,6.91876,,217,,13.2
2174,6.9221,,217,,13.6
2175,6.92505,,217,,14
2176,6.92813,,217,,14.2
2177,6.93113,,217,,14.2
2178,6.93449,,216,,14.4
2179,6.93779,,216,,14.6
2180,6.94096,,216,,14.6
2181,6.94394,,216,,14.2
2182,6.94702,,216,,14
2183,6.95018,,214,,13.8
2184,6.95341,,214,,13.6
2185,6.95669,,214,,13.8
2186,6.95957,,214,,13.2
2187,6.96285,,214,,13
2188,6.96596,,214,,13
2189,6.96867,,216,,12.2
2190,6.97139,,216,,11.6
2191,6.97388,,211,,10.6
2192,6.9767,,212,,10.2
2193,6.97956,,212,,9.8
2194,6.9825,,212,,9.4
2195,6.98565,,212,,9
2196,6.98879,,212,,9
2197,6.99212,,212,,9.4
2198,6.99511,,206,,9.4
2199,6.9982,,207,,9.2
2200,7.00168,,209,,9.8
2201,7.00502,,209,,10.4
2202,7.0081,,209,,10.4
2203,7.01096,,209,,10.4
2204,7.01442,,209,,11
2205,7.01782,,209,,11.4
2206,7.0209,,209,,11.4
2207,7.02405,,209,,11.6
2208,7.02707,,212,,11.4
2209,7.0298,,212,,10.2
2210,7.03308,,212,,10
2211,7.03576,,218,,9.4
2212,7.03876,,218,,9.2
2213,7.0417,,220,,9
2214,7.04456,,221,,8.8
2215,7.04731,,221,,8.4
2216,7.05006,,215,,7.8
2217,7.05318,,215,,7.6
2218,7.0561,,215,,7.4
2219,7.05893,,215,,7.2
2220,7.06216,,215,,7.8
2221,7.06521,,215,,7.6
2222,7.06799,,215,,7.6
2223,7.07078,,214,,7.4
2224,7.07357,,214,,7
2225,7.07641,,214,,6.6
2226,7.07916,,214,,5.8
2227,7.08209,,207,,5.4
2228,7.08513,,202,,5.2
2229,7.08837,,202,,5.6
2230,7.09141,,202,,5.4
2231,7.09479,,202,,6
2232,7.09791,,206,,6.4
2233,7.1012,,206,,7.2
2234,7.10422,,206,,7.4
2235,7.10708,,206,,7.6
2236,7.11001,,206,,7.8
2237,7.11313,,206,,8
2238,7.11631,,206,,7.8
2239,7.11937,,211,,7.8
2240,7.12218,,211,,7.4
2241,7.12555,,211,,8.4
2242,7.12887,,211,,9.2
2243,7.13223,,211,,10.2
2244,7.13539,,211,,10.2
2245,7.13843,,211,,10.2
2246,7.14161,,211,,11
2247,7.1449,,211,,11.6
2248,7.14785,,211,,11.4
2249,7.15082,,211,,11.2
2250,7.15385,,211,,11.4
2251,7.15681,,211,,11.4
2252,7.16004,,210,,11.6
2253,7.16326,,210,,11.8
2254,7.16637,,210,,12
2255,7.16951,,204,,12.2
2256,7.17243,,204,,12.4
2257,7.17531,,201,,12.6
2258,7.17817,,201,,13
2259,7.18103,,192,,13.2
2260,7.18413,,192,,13.6
2261,7.18726,,192,,13.8
2262,7.19007,,183,,14
2263,7.19289,,183,,13.6
2264,7.19574,,183,,13.6
2265,7.19862,,183,,13.4
2266,7.20163,,183,,13.2
2267,7.2047,,183,,13.4
2268,7.20762,,183,,13
2269,7.21074,,183,,13
2270,7.21392,,183,,13.2
2271,7.21708,,183,,13
2272,7.21988,,183,,12.4
2273,7.22261,,183,,11.8
2274,7.22561,,187,,11.4
2275,7.22838,,187,,11
2276,7.23129,,187,,10.8
2277,7.23419,,187,,10.4
2278,7.2371,,185,,10.4
2279,7.24014,,184,,10.8
2280,7.24322,,184,,10.6
2281,7.24625,,184,,10.6
2282,7.24922,,183,,10.8
2283,7.25215,,183,,10.8
2284,7.25513,,183,,11
2285,7.25852,,183,,11.8
2286,7.26157,,183,,12
2287,7.26448,,183,,12
2288,7.26722,,183,,12
2289,7.26977,,183,,12
2290,7.2725,,183,,12
2291,7.27558,,192,,12
2292,7.27881,,195,,12.2
2293,7.28183,,195,,12.2
2294,7.28492,,201,,12.4
2295,7.28828,,201,,12.8
2296,7.29158,,201,,13.2
2297,7.29493,,205,,13.6
2298,7.29815,,216,,14
2299,7.30128,,216,,14.6
2300,7.30448,,216,,14.6
2301,7.30754,,216,,14.8
2302,7.31078,,221,,15.2
2303,7.31456,,221,,16.2
2304,7.31764,,221,,16.2
2305,7.32069,,221,,16
2306,7.32369,,221,,16
2307,7.32674,,211,,16
2308,7.3297,,211,,16
2309,7.33266,,211,,16.2
2310,7.33567,,211,,15.8
2311,7.33898,,205,,16
2312,7.34208,,205,,16.2
2313,7.34511,,205,,16
2314,7.34803,,205,,15.8
2315,7.35088,,205,,15.4
2316,7.35389,,205,,15.2
2317,7.35661,,198,,14.8
2318,7.35941,,198,,14
2319,7.36251,,198,,14
2320,7.36538,,196,,13.8
2321,7.36833,,196,,13.4
2322,7.37135,,196,,13.6
2323,7.37426,,196,,13.6
2324,7.37758,,195,,14
2325,7.38024,,195,,13.8
2326,7.38289,,195,,12.8
2327,7.38605,,195,,12.6
2328,7.38892,,195,,12.6
2329,7.39185,,195,,12.4
2330,7.39485,,195,,12
2331,7.39802,,195,,12.6
2332,7.40101,,195,,12.4
2333,7.40376,,195,,12.2
2334,7.40675,,195,,12
2335,7.40979,,195,,12
2336,7.41277,,192,,11.8
2337,7.41573,,192,,12
2338,7.41855,,192,,11.8
2339,7.42135,,194,,11.8
2340,7.42426,,194,,11.4
2341,7.42697,,194,,11.2
2342,7.42973,,194,,11
2343,7.43259,,194,,11.2
2344,7.4351,,194,,10.8
2345,7.43778,,194,,10.4
2346,7.44099,,194,,10.8
2347,7.44415,,194,,11
2348,7.44725,,194,,11.2
2349,7.45013,,194,,11.4
2350,7.45322,,199,,12
2351,7.45662,,199,,12.4
2352,7.45972,,199,,12.4
2353,7.46281,,199,,12.4
2354,7.46625,,203,,12.6
2355,7.46948,,206,,12.6
2356,7.47283,,211,,12.6
2357,7.47622,,211,,12.6
2358,7.47952,,211,,12.8
2359,7.48275,,211,,12.8
2360,7.48577,,211,,13
2361,7.48917,,208,,13.2
2362,7.49266,,208,,13
2363,7.4958,,208,,13
2364,7.49911,,208,,13.2
2365,7.50246,,208,,13.2
2366,7.50556,,208,,13
2367,7.50895,,208,,13
2368,7.51233,,208,,12.8
2369,7.51579,,208,,13.2
2370,7.51894,,208,,13.6
2371,7.52182,,204,,13.6
2372,7.52473,,204,,14
2373,7.52771,,204,,14
2374,7.53077,,204,,13.8
2375,7.5339,,204,,13.8
2376,7.53713,,204,,13.6
2377,7.54005,,204,,13.4
2378,7.5432,,204,,13.4
2379,7.54633,,204,,13
2380,7.54934,,204,,12.6
2381,7.55247,,204,,12.4
2382,7.55544,,204,,12
2383,7.55838,,204,,12.2
2384,7.56119,,204,,11.6
2385,7.56401,,204,,10.8
2386,7.56691,,204,,10.8
2387,7.56978,,204,,10.4
2388,7.57261,,204,,10
2389,7.57564,,204,,9.8
2390,7.5787,,209,,9.8
2391,7.58163,,209,,9.4
2392,7.58454,,209,,9
2393,7.58767,,209,,9.8
2394,7.59083,,209,,9.8
2395,7.59386,,209,,9.8
2396,7.59678,,209,,9.8
2397,7.5996,,209,,9.4
2398,7.60245,,216,,9.4
2399,7.60485,,216,,8.6
2400,7.60739,,216,,8.2
2401,7.61002,,216,,7.4
2402,7.61267,,216,,6.8
2403,7.61552,,216,,6.4
2404,7.61847,,216,,6
2405,7.62143,,216,,5.6
2406,7.62426,,216,,5.2
2407,7.62722,,216,,5.4
2408,7.63009,,217,,5
2409,7.63281,,217,,4.6
2410,7.63575,,217,,4.8
2411,7.63878,,217,,5.2
2412,7.64161,,217,,5
2413,7.64463,,217,,5.4
2414,7.64775,,222,,5.6
2415,7.65088,,222,,6
2416,7.65405,,222,,6.2
2417,7.65709,,222,,6.2
2418,7.66027,,222,,6.4
2419,7.66355,,222,,6.8
2420,7.66677,,222,,7.2
2421,7.66988,,222,,7.6
2422,7.67311,,222,,8
2423,7.67621,,222,,8.4
2424,7.67917,,222,,8.8
2425,7.68217,,215,,8.8
2426,7.68519,,203,,9.2
2427,7.68835,,208,,10.4
2428,7.6912,,208,,10.8
2429,7.69423,,203,,11.4
2430,7.69759,,203,,12.2
2431,7.70063,,203,,12.8
2432,7.70378,,203,,13.8
2433,7.70692,,203,,14.4
2434,7.70988,,203,,15
2435,7.71275,,203,,15
2436,7.71551,,203,,15.4
2437,7.71841,,203,,16
2438,7.72151,,200,,16.2
2439,7.72457,,205,,16.2
2440,7.7277,,217,,16.6
2441,7.73076,,215,,16.8
2442,7.73376,,215,,17
2443,7.73658,,215,,17.2
2444,7.73937,,215,,17.2
2445,7.7423,,215,,17.2
2446,7.74523,,217,,17
2447,7.74818,,217,,17.2
2448,7.75116,,217,,17
2449,7.75424,,217,,17
2450,7.75724,,217,,16.8
2451,7.76042,,217,,17.4
2452,7.76342,,217,,17.4
2453,7.76637,,217,,17.2
2454,7.76933,,217,,17
2455,7.77232,,219,,16.8
2456,7.77545,,219,,16.2
2457,7.77865,,219,,16
2458,7.78174,,219,,16.2
2459,7.78498,,219,,16.2
2460,7.78812,,219,,16.4
2461,7.79118,,219,,16.6
2462,7.79412,,219,,16.4
2463,7.79692,,211,,16.2
2464,7.79988,,211,,16
2465,7.80287,,211,,15.6
2466,7.80592,,211,,15.4
2467,7.80888,,211,,15
2468,7.81178,,211,,15
2469,7.81461,,211,,15
2470,7.81756,,211,,15.4
2471,7.82052,,211,,15.4
2472,7.82356,,211,,15.6
2473,7.82651,,211,,15.4
2474,7.82947,,211,,15.6
2475,7.83259,,211,,15.4
2476,7.8358,,211,,15.8
2477,7.83905,,210,,16
2478,7.84224,,210,,16.2
2479,7.84512,,210,,16.4
2480,7.84802,,210,,16.6
2481,7.85109,,210,,16.6
2482,7.85396,,210,,16.6
2483,7.85697,,207,,16.6
2484,7.85992,,207,,16.6
2485,7.86263,,207,,15.8
2486,7.86559,,201,,15.8
2487,7.86851,,205,,15.4
2488,7.87152,,209,,15.2
2489,7.87456,,209,,15.2
2490,7.87768,,209,,16
2491,7.88076,,214,,16
2492,7.88363,,214,,15.8
2493,7.88639,,214,,15.6
2494,7.88936,,217,,15.4
2495,7.89229,,217,,15.4
2496,7.89532,,218,,15.6
2497,7.89842,,218,,15.6
2498,7.90124,,218,,15.6
2499,7.90404,,218,,15.2
2500,7.90697,,218,,14.6
2501,7.9099,,221,,14.8
2502,7.91292,,215,,15
2503,7.91582,,215,,14.8
2504,7.91859,,215,,14.6
2505,7.9215,,209,,14.6
2506,7.92443,,211,,15
2507,7.9275,,211,,14.8
2508,7.93038,,211,,14.6
2509,7.93332,,211,,14.6
2510,7.93619,,216,,14.2
2511,7.93944,,216,,14.6
2512,7.94258,,219,,14.8
2513,7.94546,,219,,14.6
2514,7.94854,,222,,14.4
2515,7.95168,,225,,14.6
2516,7.95452,,229,,14.6
2517,7.95752,,235,,14.8
2518,7.96036,,235,,14.6
2519,7.96338,,235,,14.8
2520,7.96632,,235,,14.6
2521,7.96922,,235,,14.8
2522,7.97209,,235,,15.2
2523,7.97543,,235,,16.4
2524,7.97838,,235,,16.4
2525,7.98113,,235,,16.4
2526,7.9841,,235,,16.4
2527,7.98711,,235,,16.6
2528,7.99012,,234,,16.8
2529,7.99297,,234,,16.6
2530,7.99583,,235,,16.8
2531,7.99872,,237,,16.6
2532,8.00163,,237,,16.4
2533,8.0047,,237,,16.4
2534,8.00796,,237,,16.4
2535,8.01101,,236,,16.4
2536,8.01398,,235,,16
2537,8.01707,,235,,16.2
2538,8.02009,,235,,16.6
2539,8.0232,,235,,16.4
2540,8.02631,,226,,16.4
2541,8.02942,,226,,16.2
2542,8.03255,,221,,16.2
2543,8.0355,,221,,16.2
2544,8.03835,,221,,16.2
2545,8.04128,,221,,16.2
2546,8.04412,,221,,16
2547,8.04695,,222,,16
2548,8.0497,,222,,16
2549,8.05272,,220,,15.8
2550,8.05569,,224,,15.8
2551,8.0586,,227,,15.8
2552,8.06159,,227,,15.6
2553,8.06449,,227,,15.4
2554,8.06746,,227,,15
2555,8.07051,,227,,15.2
2556,8.07359,,224,,15.4
2557,8.07668,,223,,15.4
2558,8.07972,,223,,15.4
2559,8.08257,,223,,15.4
2560,8.08555,,223,,15.4
2561,8.08835,,223,,15.4
2562,8.09126,,223,,15.2
2563,8.09413,,224,,15
2564,8.09699,,225,,15
2565,8.1,,224,,15
2566,8.10299,,224,,15.2
2567,8.10596,,224,,15.2
2568,8.10892,,225,,15.2
2569,8.11183,,229,,15.4
2570,8.11493,,229,,15.2
2571,8.11802,,229,,15.6
2572,8.12107,,230,,15.8
2573,8.12412,,231,,16
2574,8.12708,,231,,16
2575,8.13012,,231,,16.2
2576,8.13316,,231,,16.6
2577,8.13599,,234,,16.6
2578,8.13883,,234,,16.8
2579,8.14178,,234,,17
2580,8.14477,,234,,17.4
2581,8.14774,,223,,17.4
2582,8.15069,,223,,17.6
2583,8.15372,,223,,17.8
2584,8.15681,,226,,18
2585,8.15986,,226,,18.2
2586,8.16288,,226,,18.6
2587,8.16574,,226,,18.6
2588,8.16844,,226,,18.8
2589,8.17135,,226,,19.2
2590,8.17425,,218,,19.6
2591,8.17724,,212,,19.8
2592,8.18029,,212,,20.2
2593,8.18323,,217,,20.6
2594,8.18612,,217,,21.6
2595,8.18914,,217,,22.2
2596,8.19207,,218,,22.2
2597,8.19496,,218,,22.4
2598,8.19788,,218,,22.6
2599,8.20097,,216,,22.8
2600,8.20399,,216,,23
2601,8.20689,,216,,23.2
2602,8.20988,,216,,23.4
2603,8.21269,,212,,23.4
2604,8.21544,,212,,23.6
2605,8.21837,,212,,23.4
2606,8.22124,,212,,23.6
2607,8.22411,,212,,23.4
2608,8.2269,,212,,23.2
2609,8.22966,,212,,23.4
2610,8.23242,,212,,23.6
2611,8.23531,,211,,23.4
2612,8.23824,,211,,23.2
2613,8.24129,,211,,22.8
2614,8.24405,,211,,22.8
2615,8.2468,,207,,22.6
2616,8.24971,,204,,22.6
2617,8.25267,,204,,22.2
2618,8.25574,,204,,22
2619,8.25898,,212,,21.4
2620,8.26192,,211,,21.4
2621,8.2648,,220,,21.4
2622,8.26769,,220,,21.4
2623,8.27067,,220,,21.4
2624,8.2738,,220,,21.2
2625,8.2768,,220,,21.4
2626,8.27983,,219,,21
2627,8.28291,,219,,21.2
2628,8.28589,,221,,21.4
2629,8.28909,,229,,21.4
2630,8.29223,,229,,21.6
2631,8.29533,,229,,21.6
2632,8.29832,,229,,21.6
2633,8.30133,,225,,21.8
2634,8.3045,,225,,21.2
2635,8.30772,,225,,20.8
2636,8.31097,,225,,20.4
2637,8.31383,,225,,20.4
2638,8.3166,,218,,20.2
2639,8.31969,,218,,20
2640,8.32282,,219,,19.8
2641,8.32574,,219,,20
2642,8.32887,,219,,19.2
2643,8.33196,,221,,19
2644,8.33492,,221,,18.8
2645,8.33808,,221,,18.8
2646,8.34109,,221,,18.8
2647,8.34411,,221,,19.2
2648,8.34705,,221,,19.4
2649,8.34994,,221,,19.4
2650,8.3526,,216,,19.8
2651,8.35534,,216,,19.8
2652,8.35814,,216,,19.8
2653,8.36093,,219,,19.8
2654,8.3637,,219,,20
2655,8.36668,,220,,20.2
2656,8.36983,,220,,20
2657,8.37267,,220,,19.8
2658,8.37559,,220,,20
2659,8.37854,,220,,19.8
2660,8.38159,,223,,20
2661,8.38459,,223,,19.8
2662,8.38734,,223,,20
2663,8.39027,,223,,20.2
2664,8.3932,,223,,20.4
2665,8.39577,,224,,20.4
2666,8.39802,,230,,20.6
2667,8.39977,,230,,21
2668,8.40064,,230,,21
2669,8.4022,,219,,20.8
2670,8.40484,,219,,20.6
2671,8.40788,,219,,20.6
2672,8.41125,,219,,20.4
2673,8.41439,,219,,20.4
2674,8.41753,,221,,20.4
2675,8.42075,,221,,20.6
2676,8.42407,,224,,20.4
2677,8.42725,,226,,20.4
2678,8.43039,,226,,20.4
2679,8.43347,,226,,20.4
2680,8.43684,,226,,20
2681,8.43997,,226,,19.8
2682,8.44289,,227,,20
2683,8.4459,,227,,20.2
2684,8.449,,227,,20.4
2685,8.45226,,225,,20
2686,8.45553,,224,,19.6
2687,8.45852,,224,,19.4
2688,8.4618,,211,,18.8
2689,8.46487,,215,,18.6
2690,8.46776,,217,,18.4
2691,8.47089,,217,,18.2
2692,8.47377,,217,,18.4
2693,8.47666,,217,,18.2
2694,8.47964,,217,,18.2
2695,8.48234,,217,,18.4
2696,8.48529,,211,,18.6
2697,8.4882,,211,,18.6
2698,8.49102,,211,,19
2699,8.49405,,211,,19
2700,8.4971,,211,,19.2
2701,8.50009,,203,,19
2702,8.50305,,203,,19
2703,8.50594,,203,,19
2704,8.50908,,203,,19.2
2705,8.51204,,203,,19.2
2706,8.51509,,206,,19
2707,8.51806,,206,,19.2
2708,8.52092,,206,,19.6
2709,8.52416,,208,,19.4
2710,8.52717,,208,,19.6
2711,8.53025,,208,,19.8
2712,8.53334,,208,,19.8
2713,8.53607,,208,,19.8
2714,8.53903,,208,,19.8
2715,8.54185,,208,,19.8
2716,8.5445,,211,,19.8
2717,8.54723,,211,,19.8
2718,8.55006,,211,,19.6
2719,8.55287,,211,,19.6
2720,8.55593,,211,,19
2721,8.55872,,211,,19
2722,8.56168,,205,,18.8
2723,8.5648,,205,,18.6
2724,8.5678,,205,,18.4
2725,8.57083,,205,,18.2
2726,8.57358,,201,,17.8
2727,8.57662,,201,,17.8
2728,8.57992,,201,,17.8
2729,8.58308,,201,,18
2730,8.58623,,202,,18.4
2731,8.58955,,202,,18.4
2732,8.59277,,202,,18.6
2733,8.5962,,202,,18.8
2734,8.59952,,195,,19.2
2735,8.60283,,188,,19.2
2736,8.60627,,185,,19.8
2737,8.60957,,183,,20
2738,8.61293,,183,,20.4
2739,8.61632,,183,,20.6
2740,8.61977,,183,,20.6
2741,8.62324,,183,,20.8
2742,8.62635,,181,,21.2
2743,8.62959,,181,,21.8
2744,8.63252,,181,,22
2745,8.63543,,186,,22.2
2746,8.63852,,186,,22.6
2747,8.64155,,188,,23.2
2748,8.64454,,188,,23.4
2749,8.64758,,188,,24
2750,8.65051,,188,,24.2
2751,8.65358,,188,,24.6
2752,8.65664,,188,,25
2753,8.65997,,188,,25.6
2754,8.66362,,188,,25.8
2755,8.6669,,188,,25.8
2756,8.67021,,188,,25.6
2757,8.67361,,183,,26
2758,8.6766,,180,,26.2
2759,8.67979,,179,,26
2760,8.68286,,176,,26.2
2761,8.68611,,176,,26
2762,8.68929,,176,,26.4
2763,8.69241,,176,,26.6
2764,8.69578,,176,,26.2
2765,8.69899,,176,,26.4
2766,8.70158,,176,,26.6
2767,8.70478,,176,,27.2
2768,8.70785,,176,,27.2
2769,8.71098,,176,,27
2770,8.71433,,176,,27.4
2771,8.7171,,176,,27.4
2772,8.71996,,176,,27.4
2773,8.72302,,173,,27.6
2774,8.72588,,173,,27.4
2775,8.72903,,171,,27.4
2776,8.73213,,171,,27.6
2777,8.73502,,171,,27.4
2778,8.73799,,171,,27.2
2779,8.74084,,171,,27.4
2780,8.74386,,171,,27.2
2781,8.74691,,171,,27.4
2782,8.74959,,171,,27
2783,8.75275,,171,,27
2784,8.756,,171,,26.6
2785,8.75905,,171,,26.4
2786,8.76226,,177,,26.2
2787,8.76529,,177,,26.2
2788,8.76823,,177,,26.2
2789,8.77134,,193,,26.4
2790,8.77428,,193,,26.4
2791,8.77728,,196,,26.6
2792,8.78017,,196,,26.6
2793,8.78271,,196,,26.2
2794,8.78546,,197,,25.8
2795,8.78807,,197,,25.6
2796,8.79072,,197,,25.4
2797,8.79369,,194,,25.2
2798,8.79649,,193,,25.2
2799,8.79943,,193,,25
2800,8.80244,,193,,24.6
2801,8.80545,,193,,24.6
2802,8.80867,,193,,24.6
2803,8.81155,,193,,24.6
2804,8.81476,,189,,24.4
2805,8.8178,,193,,24.4
2806,8.82066,,197,,24
2807,8.82367,,197,,23.8
2808,8.82658,,197,,23.8
2809,8.82932,,197,,24
2810,8.83216,,197,,24.2
2811,8.83485,,197,,24
2812,8.83777,,197,,23.8
2813,8.84091,,199,,23.8
2814,8.84407,,199,,24
2815,8.8472,,199,,24
2816,8.85018,,199,,23.8
2817,8.85314,,199,,23.4
2818,8.85609,,199,,23.2
2819,8.85875,,202,,23.4
2820,8.86171,,202,,23.4
2821,8.86493,,198,,23.6
2822,8.86803,,198,,23.6
2823,8.87122,,198,,23.4
2824,8.8742,,198,,23.2
2825,8.87717,,198,,23
2826,8.88025,,198,,23.2
2827,8.88298,,198,,23.2
2828,8.88581,,198,,23.2
2829,8.88897,,198,,23.4
2830,8.8919,,193,,23.4
2831,8.89505,,193,,23.8
2832,8.89804,,193,,23.4
2833,8.90074,,194,,23.2
2834,8.9034,,191,,23.2
2835,8.90599,,191,,23
2836,8.90883,,187,,22.8
2837,8.91195,,187,,22.8
2838,8.91516,,187,,22.4
2839,8.9184,,184,,22.6
2840,8.92124,,184,,22.6
2841,8.92428,,184,,22.8
2842,8.9276,,182,,23
2843,8.93067,,182,,22.8
2844,8.93403,,182,,22.6
2845,8.93746,,178,,22.8
2846,8.94036,,178,,23
2847,8.94321,,178,,23
2848,8.94591,,178,,23.4
2849,8.9486,,178,,23.6
2850,8.95147,,178,,23.8
2851,8.95415,,178,,23.8
2852,8.95689,,178,,23.8
2853,8.96007,,178,,24
2854,8.96303,,185,,24
2855,8.96608,,185,,24.4
2856,8.96927,,185,,24.4
2857,8.97193,,185,,24.4
2858,8.9749,,185,,24.6
2859,8.97767,,185,,24.6
2860,8.9804,,185,,24.6
2861,8.98345,,185,,24.8
2862,8.98623,,185,,24.4
2863,8.98899,,185,,24.4
2864,8.99187,,186,,24.6
2865,8.99472,,183,,24.2
2866,8.99763,,183,,24.2
2867,9.0004,,183,,24.4
2868,9.00352,,184,,24.4
2869,9.00676,,184,,24.4
2870,9.00965,,182,,24.2
2871,9.01284,,180,,24.4
2872,9.01573,,180,,24.6
2873,9.01852,,182,,24.4
2874,9.02164,,182,,24.4
2875,9.02445,,182,,24.8
2876,9.02731,,181,,24.4
2877,9.0306,,179,,24.4
2878,9.03341,,179,,24.2
2879,9.03635,,179,,24.4
2880,9.0396,,179,,24.4
2881,9.04268,,179,,24.6
2882,9.04549,,179,,24.8
2883,9.0484,,179,,25
2884,9.05108,,179,,24.8
2885,9.05387,,179,,25.2
2886,9.05666,,179,,25.2
2887,9.05941,,178,,25.6
2888,9.06224,,178,,25.4
2889,9.06516,,178,,25.6
2890,9.06797,,178,,25.6
2891,9.07081,,178,,25.8
2892,9.0736,,178,,25.8
2893,9.07633,,181,,26
2894,9.0787,,181,,25.8
2895,9.08146,,182,,26
2896,9.08439,,182,,26.2
2897,9.08752,,182,,26.6
2898,9.09075,,182,,27
2899,9.09395,,180,,27.2
2900,9.09677,,180,,27.2
2901,9.09959,,180,,27.2
2902,9.1026,,180,,27.4
2903,9.10579,,178,,27.6
2904,9.10871,,177,,27.8
2905,9.11147,,177,,27.4
2906,9.11423,,177,,27.4
2907,9.1172,,177,,27.2
2908,9.12004,,177,,27.2
2909,9.12291,,175,,27
2910,9.12574,,175,,26.8
2911,9.12858,,175,,26.4
2912,9.13153,,175,,25.8
2913,9.13453,,175,,25.4
2914,9.13756,,175,,25.4
2915,9.14039,,175,,25.2
2916,9.14325,,175,,25.2
2917,9.14611,,175,,24.8
2918,9.14902,,175,,24.6
2919,9.15193,,176,,24.4
2920,9.155,,181,,24.4
2921,9.15797,,181,,24.2
2922,9.16086,,181,,24.2
2923,9.16395,,181,,24.4
2924,9.16696,,181,,24.2
2925,9.1703,,178,,24.4
2926,9.17351,,178,,24.2
2927,9.17654,,178,,24
2928,9.17968,,178,,24.2
2929,9.18278,,178,,24
2930,9.18565,,185,,23.2
2931,9.18873,,185,,23
2932,9.19169,,182,,22.8
2933,9.19502,,179,,22.4
2934,9.19825,,184,,22.4
2935,9.2014,,184,,22.2
2936,9.20427,,197,,21.6
2937,9.20713,,197,,21.4
2938,9.21036,,197,,21.2
2939,9.21375,,197,,21.4
2940,9.2167,,197,,21.4
2941,9.21946,,200,,21.2
2942,9.2222,,197,,21
2943,9.2251,,197,,21
2944,9.22823,,197,,21.8
2945,9.2312,,197,,22.2
2946,9.23397,,200,,22.2
2947,9.23691,,203,,22.2
2948,9.23969,,203,,22.4
2949,9.24276,,203,,22.6
2950,9.24608,,203,,22.4
2951,9.24918,,203,,22.2
2952,9.25226,,208,,22.4
2953,9.25528,,208,,22.8
2954,9.25833,,208,,22.6
2955,9.26098,,208,,22.2
2956,9.26349,,208,,22
2957,9.26621,,208,,22
2958,9.26918,,208,,21.8
2959,9.27228,,208,,21.8
2960,9.27516,,210,,21.6
2961,9.27775,,210,,21.6
2962,9.28065,,210,,22.2
2963,9.28371,,210,,22.4
2964,9.28641,,204,,22.8
2965,9.28941,,204,,23
2966,9.2925,,204,,23.2
2967,9.29563,,204,,23.6
2968,9.29887,,210,,23.8
2969,9.30204,,204,,23.4
2970,9.3054,,204,,23.2
2971,9.30884,,204,,23.2
2972,9.31175,,206,,23
2973,9.31493,,206,,23
2974,9.31832,,206,,23.2
2975,9.32127,,206,,23.2
2976,9.32434,,206,,23.4
2977,9.3274,,206,,22.8
2978,9.3301,,199,,22.6
2979,9.33309,,199,,22.4
2980,9.33567,,199,,22.4
2981,9.33847,,199,,22.6
2982,9.34093,,204,,22
2983,9.34359,,211,,21.2
2984,9.34619,,211,,20.8
2985,9.34865,,214,,20.8
2986,9.35134,,214,,20.2
2987,9.35428,,214,,20.6
2988,9.35711,,214,,20.6
2989,9.36017,,214,,20.8
2990,9.36338,,214,,21
2991,9.36624,,214,,21
2992,9.36908,,217,,21.4
2993,9.37197,,219,,21.8
2994,9.37531,,213,,22
2995,9.37864,,213,,22
2996,9.38172,,216,,22
2997,9.38497,,216,,22
2998,9.3882,,216,,22.4
2999,9.39068,,216,,22.4
3000,9.39322,,216,,22.4
3001,9.3957,,217,,22.4
3002,9.39857,,218,,22.2
3003,9.40176,,218,,22.6
3004,9.40491,,223,,22.8
3005,9.40811,,223,,22.8
3006,9.41134,,227,,23
3007,9.41442,,227,,23
3008,9.41758,,227,,23
3009,9.42079,,227,,23
3010,9.42395,,227,,22.6
3011,9.42719,,221,,22.8
3012,9.43017,,221,,23
3013,9.43326,,223,,22.6
3014,9.43652,,223,,22.8
3015,9.43964,,222,,22.8
3016,9.4428,,222,,22.8
3017,9.44606,,222,,22.8
3018,9.44908,,216,,22.8
3019,9.45232,,210,,23.2
3020,9.45549,,210,,23.2
3021,9.45857,,210,,23.2
3022,9.46154,,210,,23.6
3023,9.46444,,210,,24.2
3024,9.46753,,209,,24.6
3025,9.47044,,208,,24.6
3026,9.47271,,206,,24.4
3027,9.47545,,206,,24.8
3028,9.47835,,206,,24.8
3029,9.48129,,206,,24.8
3030,9.48442,,206,,25
3031,9.48755,,206,,25.2
3032,9.49063,,201,,25
3033,9.49372,,201,,25.4
3034,9.49658,,197,,25.4
3035,9.49959,,197,,25.4
3036,9.50266,,199,,25.2
3037,9.50561,,199,,25
3038,9.50875,,199,,25.2
3039,9.51178,,199,,25.4
3040,9.51479,,199,,25.2
3041,9.51783,,199,,25
3042,9.52049,,199,,24.4
3043,9.52343,,199,,24.4
3044,9.52669,,199,,24.4
3045,9.52956,,202,,23.8
3046,9.53266,,202,,24
3047,9.53567,,202,,24.2
3048,9.53855,,202,,24
3049,9.54175,,202,,24.2
3050,9.54431,,202,,23.2
3051,9.54728,,207,,23.2
3052,9.55039,,200,,22.8
3053,9.55343,,200,,22.8
3054,9.55672,,206,,22.8
3055,9.55976,,201,,22.8
3056,9.56281,,201,,22.6
3057,9.56615,,201,,22.8
3058,9.56917,,201,,23.4
3059,9.57203,,201,,23.8
3060,9.57504,,201,,23.8
3061,9.57791,,201,,23.6
3062,9.58087,,193,,23.6
3063,9.58389,,193,,23.4
3064,9.58684,,193,,23.4
3065,9.59007,,191,,23.4
3066,9.59283,,191,,22.6
3067,9.59563,,191,,23
3068,9.5987,,191,,23
3069,9.60146,,189,,23
3070,9.60444,,189,,23
3071,9.60758,,189,,22.8
3072,9.61052,,196,,23
3073,9.61342,,196,,23.2
3074,9.61633,,196,,23.4
3075,9.61936,,195,,23.4
3076,9.62253,,195,,23.4
3077,9.62543,,195,,23.6
3078,9.62853,,195,,23.6
3079,9.63152,,195,,23.6
3080,9.63434,,195,,23.4
3081,9.63732,,195,,23.4
3082,9.64027,,195,,23.6
3083,9.64312,,195,,23.8
3084,9.64564,,195,,24
3085,9.6481,,195,,24.2
3086,9.65055,,195,,23.8
3087,9.65328,,195,,24
3088,9.65623,,195,,24.2
3089,9.65924,,195,,24.6
3090,9.6621,,195,,24.6
3091,9.66445,,195,,24.4
3092,9.66705,,195,,24.4
3093,9.66965,,196,,24.2
3094,9.6725,,196,,24
3095,9.67508,,196,,24
3096,9.6776,,196,,24
3097,9.68024,,196,,24
3098,9.68278,,196,,23.6
3099,9.68541,,196,,23.2
3100,9.68794,,196,,23.2
3101,9.69087,,196,,23
3102,9.6939,,197,,22.8
3103,9.69668,,202,,22.6
3104,9.69975,,202,,21.8
3105,9.70284,,202,,21.4
3106,9.70603,,207,,21
3107,9.70886,,207,,20.8
3108,9.71184,,207,,20.4
3109,9.71511,,197,,19.8
3110,9.71801,,204,,19.2
3111,9.72091,,204,,18.8
3112,9.7239,,204,,19.2
3113,9.72687,,204,,19.4
3114,9.72962,,204,,20
3115,9.73254,,206,,19.6
3116,9.73562,,211,,19.2
3117,9.73872,,211,,19
3118,9.74169,,211,,19
3119,9.74455,,211,,18.8
3120,9.74766,,211,,18.4
3121,9.75058,,211,,18.6
3122,9.75334,,215,,18.2
3123,9.75608,,215,,18.2
3124,9.75864,,215,,18.2
3125,9.76119,,209,,18
3126,9.76378,,203,,17.6
3127,9.76628,,203,,17
3128,9.76942,,203,,16.2
3129,9.77224,,203,,16.2
3130,9.77535,,213,,15.4
3131,9.77809,,216,,15.2
3132,9.78097,,220,,14.8
3133,9.78393,,220,,14.6
3134,9.7871,,220,,13.8
3135,9.79018,,220,,13.6
3136,9.79385,,207,,13
3137,9.79721,,207,,12.6
3138,9.8005,,207,,12.2
3139,9.80388,,207,,12.2
3140,9.80691,,207,,12
3141,9.80946,,207,,11.4
3142,9.81209,,207,,11.2
3143,9.81486,,207,,11.2
3144,9.81791,,207,,11.4
3145,9.82099,,207,,11.2
3146,9.82408,,207,,11.2
3147,9.82723,,201,,11
3148,9.83036,,197,,11
3149,9.83326,,197,,10.8
3150,9.83634,,197,,10.6
3151,9.83928,,204,,10.6
3152,9.84243,,212,,10.6
3153,9.84575,,212,,10.6
3154,9.84857,,215,,10.6
3155,9.85137,,215,,10.8
3156,9.85457,,215,,10.8
3157,9.85758,,215,,10.8
3158,9.86038,,215,,10.8
3159,9.8635,,215,,10.4
3160,9.86648,,215,,10.4
3161,9.86919,,215,,10
3162,9.8716,,220,,10.2
3163,9.87427,,220,,10
3164,9.87701,,220,,10
3165,9.88037,,219,,10.4
3166,9.88354,,219,,11
3167,9.88655,,222,,11.4
3168,9.88937,,222,,11.4
3169,9.89211,,220,,12
3170,9.89454,,220,,12.6
3171,9.89712,,220,,12.8
3172,9.89984,,220,,13.2
3173,9.9028,,222,,13.4
3174,9.90563,,212,,13.6
3175,9.90856,,214,,13.6
3176,9.91149,,214,,13.8
3177,9.91446,,214,,13.4
3178,9.91684,,214,,13.6
3179,9.91926,,208,,13.8
3180,9.92159,,202,,13.8
3181,9.92376,,206,,13.6
3182,9.92616,,214,,13.6
3183,9.92887,,218,,13.2
3184,9.93178,,218,,13.2
3185,9.93508,,219,,13.2
3186,9.93852,,219,,13.4
3187,9.94166,,219,,13.2
3188,9.94502,,219,,13.4
3189,9.94837,,222,,13.6
3190,9.952,,222,,13.6
3191,9.95521,,230,,13.6
3192,9.95852,,230,,13.4
3193,9.96159,,230,,13.4
3194,9.96495,,230,,13.8
3195,9.96829,,230,,13.8
3196,9.97171,,228,,13.4
3197,9.97484,,234,,13.6
3198,9.97786,,234,,13.6
3199,9.98059,,234,,13.8
3200,9.98326,,234,,14.2
3201,9.98595,,234,,14.2
3202,9.98868,,229,,14.2
3203,9.99119,,229,,14.4
3204,9.9941,,226,,14.2
3205,9.99693,,226,,14
3206,9.99977,,218,,14
