secs,km,power,hr,cad,alt
0,0,,0,,0
1,0,,0,,0
2,0,,0,,0
3,0.178,,134,,26.4
4,0.178,,134,,26.4
5,0.194,,135,,24.4
6,0.194,,136,,22.4
7,0.194,,136,,19.6
8,0.194,,136,,17.6
9,0.211,,137,,15.6
10,0.215,,137,,14
11,0.222,,137,,13
12,0.222,,137,,11.8
13,0.23,,138,,11.2
14,0.236,,138,,10.6
15,0.236,,138,,10
16,0.243,,138,,9.4
17,0.246,,139,,9
18,0.253,,139,,8.6
19,0.259,,140,,8
20,0.261,,140,,7.4
21,0.265,,140,,7
22,0.265,,140,,6.2
23,0.267,,140,,5.8
24,0.267,,140,,5.4
25,0.278,,141,,4.6
26,0.281,,140,,3.4
27,0.285,,139,,3.2
28,0.288,,142,,1.6
29,0.291,,146,,1.6
30,0.294,,146,,1.6
31,0.298,,144,,1.4
32,0.301,,143,,1.4
33,0.304,,142,,1
34,0.308,,143,,1
35,0.311,,143,,0.8
36,0.311,,143,,1
37,0.318,,143,,1
38,0.322,,143,,1.2
39,0.325,,143,,1.4
40,0.328,,143,,1.4
41,0.331,,143,,1.4
42,0.335,,145,,1.6
43,0.338,,144,,1.6
44,0.341,,144,,1.6
45,0.345,,145,,1.8
46,0.348,,145,,1.8
47,0.35,,146,,1.6
48,0.35,,146,,1.6
49,0.354,,146,,1.6
50,0.357,,146,,1.4
51,0.36,,146,,1.4
52,0.362,,147,,1.2
53,0.365,,147,,1
54,0.368,,147,,0.8
55,0.37,,146,,0.6
56,0.374,,146,,0.4
57,0.378,,148,,0
58,0.381,,147,,-0.2
59,0.384,,146,,-0.4
60,0.384,,148,,-0.8
61,0.39,,147,,-1
62,0.39,,147,,-1.2
63,0.39,,147,,-1.6
64,0.39,,147,,-2
65,0.402,,148,,-2.2
66,0.402,,147,,-2.6
67,0.402,,146,,-2.8
68,0.413,,146,,-3.2
69,0.413,,146,,-3.6
70,0.422,,146,,-3.8
71,0.426,,146,,-4
72,0.426,,146,,-4.2
73,0.438,,148,,-4.4
74,0.443,,149,,-4.6
75,0.447,,148,,-4.6
76,0.451,,148,,-4.8
77,0.455,,149,,-4.6
78,0.458,,148,,-4.6
79,0.462,,148,,-4.6
80,0.465,,148,,-4.4
81,0.467,,149,,-4.2
82,0.471,,148,,-4
83,0.474,,147,,-3.8
84,0.474,,147,,-3.6
85,0.481,,147,,-3.4
86,0.485,,147,,-3.2
87,0.488,,147,,-3
88,0.491,,147,,-2.8
89,0.494,,147,,-2.6
90,0.498,,147,,-2.4
91,0.501,,147,,-2.2
92,0.503,,148,,-2
93,0.507,,148,,-1.8
94,0.51,,148,,-1.4
95,0.51,,148,,-1.2
96,0.516,,149,,-1.2
97,0.518,,150,,-1
98,0.521,,149,,-0.8
99,0.523,,149,,-0.6
100,0.527,,150,,-0.4
101,0.529,,150,,-0.2
102,0.532,,149,,0
103,0.535,,149,,0
104,0.538,,150,,0.4
105,0.541,,150,,0.4
106,0.541,,150,,0.6
107,0.547,,150,,0.8
108,0.551,,149,,0.8
109,0.554,,149,,1
110,0.558,,149,,1
111,0.561,,149,,1.2
112,0.563,,149,,1.2
113,0.566,,149,,1.4
114,0.569,,149,,1.4
115,0.572,,149,,1.6
116,0.575,,149,,1.6
117,0.578,,149,,1.8
118,0.578,,150,,1.8
119,0.584,,150,,1.8
120,0.586,,149,,1.8
121,0.589,,148,,2
122,0.592,,149,,2
123,0.594,,149,,2
124,0.597,,149,,2
125,0.6,,149,,2
126,0.602,,149,,2
127,0.605,,149,,2
128,0.608,,149,,2
129,0.608,,149,,2
130,0.615,,149,,2
131,0.618,,150,,2
132,0.622,,150,,2
133,0.625,,149,,2
134,0.628,,149,,2
135,0.632,,149,,2
136,0.635,,149,,2
137,0.639,,149,,2
138,0.642,,149,,2
139,0.646,,149,,2
140,0.649,,149,,2
141,0.652,,149,,2
142,0.652,,148,,2
143,0.658,,148,,2
144,0.661,,149,,2
145,0.664,,149,,2
146,0.667,,148,,2
147,0.67,,148,,2
148,0.673,,149,,2
149,0.675,,148,,2
150,0.679,,147,,2
151,0.682,,147,,2
152,0.685,,147,,2
153,0.689,,147,,2
154,0.689,,147,,2
155,0.695,,147,,2.2
156,0.699,,147,,2.2
157,0.702,,147,,2.2
158,0.705,,147,,2.2
159,0.709,,147,,2.4
160,0.711,,147,,2.4
161,0.714,,147,,2.4
162,0.717,,147,,2.6
163,0.72,,147,,2.6
164,0.723,,147,,2.6
165,0.726,,147,,2.8
166,0.728,,147,,2.8
167,0.728,,147,,2.8
168,0.734,,147,,3
169,0.737,,146,,3
170,0.74,,146,,3
171,0.742,,148,,3.2
172,0.745,,148,,3.2
173,0.747,,148,,3.2
174,0.751,,148,,3.4
175,0.754,,148,,3.4
176,0.757,,148,,3.6
177,0.76,,148,,3.6
178,0.76,,148,,3.6
179,0.766,,148,,3.8
180,0.769,,148,,3.8
181,0.772,,148,,3.8
182,0.776,,148,,4
183,0.779,,148,,4
184,0.782,,148,,4
185,0.785,,148,,4.2
186,0.788,,148,,4.2
187,0.792,,148,,4.2
188,0.794,,149,,4.2
189,0.797,,148,,4.4
190,0.797,,148,,4.4
191,0.803,,147,,4.4
192,0.806,,147,,4.6
193,0.809,,148,,4.6
194,0.812,,147,,4.6
195,0.815,,147,,4.6
196,0.818,,147,,4.6
197,0.821,,147,,4.8
198,0.825,,147,,4.8
199,0.828,,147,,4.8
200,0.83,,147,,4.8
201,0.83,,147,,4.8
202,0.837,,148,,4.8
203,0.839,,148,,4.8
204,0.842,,148,,5
205,0.846,,148,,5
206,0.848,,148,,5
207,0.851,,148,,5
208,0.854,,148,,5
209,0.857,,148,,5
210,0.86,,147,,5
211,0.863,,147,,5
212,0.866,,148,,5
213,0.866,,148,,5
214,0.872,,147,,5
215,0.876,,147,,5
216,0.879,,147,,5
217,0.882,,147,,5
218,0.886,,147,,5.2
219,0.889,,146,,5.2
220,0.892,,146,,5.2
221,0.896,,147,,5.2
222,0.899,,147,,5.2
223,0.902,,147,,5.2
224,0.902,,147,,5.2
225,0.908,,147,,5.2
226,0.911,,146,,5.2
227,0.914,,146,,5.2
228,0.917,,146,,5.2
229,0.92,,146,,5.2
230,0.923,,145,,5.2
231,0.926,,143,,5.4
232,0.929,,142,,5.4
233,0.932,,140,,5.4
234,0.935,,138,,5.4
235,0.938,,137,,5.4
236,0.938,,136,,5.4
237,0.945,,135,,5.6
238,0.947,,134,,5.6
239,0.95,,133,,5.6
240,0.953,,133,,5.6
241,0.957,,132,,5.6
242,0.959,,131,,5.8
243,0.962,,132,,5.8
244,0.965,,133,,5.8
245,0.968,,133,,6
246,0.972,,136,,6
247,0.972,,137,,6
248,0.978,,139,,6
249,0.981,,141,,6.2
250,0.984,,142,,6.2
251,0.987,,142,,6.2
252,0.99,,144,,6.4
253,0.992,,145,,6.4
254,0.995,,146,,6.4
255,0.998,,146,,6.4
256,1.001,,146,,6.6
257,1.003,,147,,6.6
258,1.003,,148,,6.6
259,1.009,,147,,6.6
260,1.012,,147,,6.8
261,1.015,,149,,6.8
262,1.018,,149,,6.8
263,1.022,,149,,7
264,1.025,,149,,7
265,1.028,,149,,7
266,1.031,,148,,7
267,1.034,,147,,7.2
268,1.037,,146,,7.2
269,1.04,,148,,7.2
270,1.04,,148,,7.2
271,1.046,,147,,7.4
272,1.049,,147,,7.4
273,1.051,,148,,7.4
274,1.054,,148,,7.4
275,1.057,,148,,7.4
276,1.059,,148,,7.4
277,1.063,,148,,7.6
278,1.066,,148,,7.6
279,1.069,,148,,7.6
280,1.073,,148,,7.6
281,1.073,,148,,7.6
282,1.079,,148,,7.6
283,1.082,,148,,7.8
284,1.085,,148,,7.8
285,1.087,,148,,7.8
286,1.091,,148,,7.8
287,1.094,,147,,7.8
288,1.097,,146,,7.8
289,1.101,,146,,7.8
290,1.104,,147,,7.8
291,1.107,,147,,8
292,1.11,,146,,8
293,1.11,,146,,8
294,1.116,,146,,8
295,1.119,,146,,8
296,1.122,,146,,8
297,1.125,,146,,8
298,1.128,,146,,8
299,1.131,,147,,8
300,1.134,,149,,8
301,1.137,,149,,8.2
302,1.14,,149,,8.2
303,1.143,,148,,8.2
304,1.143,,148,,8.2
305,1.15,,148,,8.2
306,1.153,,148,,8.2
307,1.156,,148,,8.2
308,1.16,,149,,8.2
309,1.163,,149,,8.2
310,1.166,,148,,8.2
311,1.169,,148,,8.2
312,1.173,,149,,8.2
313,1.176,,149,,8.2
314,1.179,,149,,8.2
315,1.182,,149,,8.2
316,1.182,,148,,8.2
317,1.188,,148,,8.2
318,1.191,,149,,8.2
319,1.194,,149,,8.2
320,1.197,,148,,8.2
321,1.2,,147,,8.2
322,1.203,,147,,8.4
323,1.206,,148,,8.4
324,1.209,,148,,8.4
325,1.211,,148,,8.4
326,1.214,,148,,8.4
327,1.216,,148,,8.4
328,1.216,,148,,8.4
329,1.221,,148,,8.6
330,1.224,,148,,8.6
331,1.226,,148,,8.6
332,1.229,,147,,8.6
333,1.232,,147,,8.6
334,1.234,,148,,8.6
335,1.237,,149,,8.8
336,1.24,,148,,8.8
337,1.243,,148,,8.8
338,1.246,,148,,8.8
339,1.249,,148,,8.8
340,1.249,,148,,9
341,1.254,,148,,9
342,1.257,,149,,9
343,1.261,,149,,9
344,1.264,,148,,9.2
345,1.267,,147,,9.2
346,1.271,,147,,9.2
347,1.274,,148,,9.2
348,1.277,,148,,9.4
349,1.28,,147,,9.4
350,1.283,,147,,9.4
351,1.283,,148,,9.4
352,1.289,,148,,9.4
353,1.292,,148,,9.6
354,1.295,,148,,9.6
355,1.298,,148,,9.6
356,1.301,,148,,9.6
357,1.304,,147,,9.6
358,1.307,,147,,9.6
359,1.31,,148,,9.6
360,1.313,,148,,9.6
361,1.316,,149,,9.6
362,1.316,,148,,9.6
363,1.322,,147,,9.6
364,1.325,,147,,9.6
365,1.328,,149,,9.6
366,1.331,,149,,9.6
367,1.334,,148,,9.6
368,1.337,,148,,9.6
369,1.34,,147,,9.6
370,1.343,,147,,9.6
371,1.346,,147,,9.6
372,1.349,,147,,9.6
373,1.353,,147,,9.6
374,1.353,,148,,9.6
375,1.359,,147,,9.6
376,1.361,,147,,9.6
377,1.364,,147,,9.6
378,1.367,,147,,9.6
379,1.37,,146,,9.6
380,1.373,,146,,9.6
381,1.376,,147,,9.6
382,1.379,,145,,9.6
383,1.382,,146,,9.6
384,1.385,,146,,9.8
385,1.385,,147,,9.8
386,1.39,,146,,9.8
387,1.393,,146,,9.8
388,1.396,,146,,9.8
389,1.398,,146,,9.8
390,1.401,,146,,9.8
391,1.403,,146,,10
392,1.406,,146,,10
393,1.409,,146,,10
394,1.409,,146,,10
395,1.412,,145,,10
396,1.415,,144,,10
397,1.415,,145,,10.2
398,1.415,,145,,10.2
399,1.415,,145,,10.2
400,1.415,,145,,10.2
401,1.428,,145,,10.2
402,1.428,,145,,10.4
403,1.432,,145,,10.4
404,1.434,,145,,10.6
405,1.439,,145,,10.6
406,1.443,,145,,10.8
407,1.447,,145,,10.8
408,1.447,,145,,11
409,1.455,,145,,11
410,1.459,,144,,11.2
411,1.463,,145,,11.2
412,1.466,,144,,11.2
413,1.47,,146,,11.4
414,1.474,,146,,11.4
415,1.478,,147,,11.4
416,1.481,,147,,11.4
417,1.485,,147,,11.4
418,1.489,,147,,11.4
419,1.492,,147,,11.6
420,1.496,,146,,11.6
421,1.496,,147,,11.6
422,1.503,,148,,11.6
423,1.506,,146,,11.6
424,1.51,,147,,11.6
425,1.513,,147,,11.6
426,1.515,,147,,11.6
427,1.518,,148,,11.6
428,1.522,,147,,11.6
429,1.524,,147,,11.6
430,1.528,,147,,11.6
431,1.531,,148,,11.6
432,1.531,,147,,11.4
433,1.537,,147,,11.4
434,1.54,,147,,11.4
435,1.543,,148,,11.4
436,1.546,,148,,11.4
437,1.55,,147,,11.4
438,1.553,,147,,11.4
439,1.556,,147,,11.4
440,1.559,,147,,11.4
441,1.562,,147,,11.4
442,1.565,,147,,11.4
443,1.568,,147,,11.6
444,1.568,,147,,11.6
445,1.573,,148,,11.6
446,1.573,,148,,11.6
447,1.577,,148,,11.6
448,1.581,,148,,11.6
449,1.584,,147,,11.6
450,1.587,,147,,11.6
451,1.591,,147,,11.6
452,1.594,,148,,11.8
453,1.597,,148,,11.8
454,1.6,,148,,11.8
455,1.603,,148,,11.8
456,1.603,,148,,12
457,1.609,,147,,12
458,1.613,,147,,12
459,1.616,,147,,12.2
460,1.619,,148,,12.2
461,1.622,,147,,12.2
462,1.625,,146,,12.4
463,1.627,,147,,12.4
464,1.63,,147,,12.4
465,1.633,,147,,12.6
466,1.637,,148,,12.6
467,1.641,,148,,12.8
468,1.641,,148,,12.8
469,1.641,,148,,13
470,1.648,,147,,13
471,1.648,,147,,13.2
472,1.652,,148,,13.2
473,1.654,,148,,13.2
474,1.654,,148,,13.4
475,1.658,,148,,13.4
476,1.661,,147,,13.6
477,1.661,,147,,13.6
478,1.665,,146,,13.6
479,1.665,,145,,13.8
480,1.665,,144,,13.8
481,1.669,,145,,14
482,1.672,,145,,14
483,1.676,,146,,14
484,1.681,,146,,14
485,1.685,,145,,14
486,1.69,,146,,14.2
487,1.695,,146,,14.2
488,1.7,,147,,14.2
489,1.706,,148,,14.2
490,1.71,,148,,14.2
491,1.714,,147,,14.2
492,1.714,,146,,14.2
493,1.721,,146,,14.2
494,1.724,,147,,14.2
495,1.727,,146,,14.2
496,1.73,,146,,14.2
497,1.733,,146,,14.2
498,1.736,,146,,14.2
499,1.74,,146,,14.2
500,1.743,,146,,14.2
501,1.746,,147,,14.2
502,1.749,,147,,14.2
503,1.749,,149,,14.2
504,1.754,,149,,14
505,1.758,,149,,14
506,1.76,,149,,14
507,1.764,,150,,14
508,1.767,,150,,13.8
509,1.771,,150,,13.8
510,1.774,,150,,13.8
511,1.777,,150,,13.6
512,1.78,,150,,13.6
513,1.783,,150,,13.4
514,1.783,,150,,13.4
515,1.789,,150,,13.2
516,1.792,,151,,13.2
517,1.795,,150,,13
518,1.798,,149,,13
519,1.801,,149,,12.8
520,1.805,,150,,12.8
521,1.807,,150,,12.6
522,1.81,,150,,12.4
523,1.813,,150,,12.4
524,1.816,,150,,12.2
525,1.819,,151,,12.2
526,1.821,,151,,12
527,1.821,,150,,11.8
528,1.827,,150,,11.8
529,1.829,,150,,11.6
530,1.832,,151,,11.4
531,1.835,,151,,11.4
532,1.837,,151,,11.2
533,1.84,,151,,11
534,1.843,,150,,11
535,1.845,,150,,10.8
536,1.849,,150,,10.6
537,1.852,,150,,10.4
538,1.856,,150,,10.2
539,1.856,,150,,10
540,1.861,,151,,10
541,1.864,,150,,9.8
542,1.867,,150,,9.6
543,1.87,,150,,9.4
544,1.874,,150,,9.4
545,1.878,,150,,9.2
546,1.881,,151,,9
547,1.886,,150,,8.8
548,1.889,,150,,8.6
549,1.893,,150,,8.4
550,1.896,,150,,8.2
551,1.896,,150,,8
552,1.903,,150,,7.8
553,1.906,,151,,7.8
554,1.909,,150,,7.6
555,1.912,,150,,7.4
556,1.916,,150,,7.2
557,1.919,,150,,7
558,1.923,,150,,7
559,1.926,,150,,6.8
560,1.93,,150,,6.6
561,1.933,,151,,6.6
562,1.933,,149,,6.4
563,1.939,,151,,6.4
564,1.942,,151,,6.2
565,1.945,,151,,6.2
566,1.948,,151,,6.2
567,1.951,,151,,6
568,1.954,,151,,6
569,1.957,,151,,6
570,1.96,,152,,5.8
571,1.963,,151,,5.8
572,1.965,,151,,5.8
573,1.969,,151,,5.8
574,1.969,,151,,5.8
575,1.975,,151,,5.8
576,1.978,,151,,5.8
577,1.982,,151,,5.8
578,1.985,,151,,5.8
579,1.989,,150,,5.8
580,1.992,,150,,5.8
581,1.995,,151,,6
582,1.998,,151,,6
583,2,,151,,6
584,2,,151,,6
585,2.003,,151,,6
586,2.003,,151,,6
587,2.003,,150,,6.2
588,2.005,,151,,6.2
589,2.005,,151,,6.2
590,2.005,,151,,6.2
591,2.008,,151,,6.4
592,2.008,,151,,6.4
593,2.011,,151,,6.4
594,2.011,,151,,6.6
595,2.015,,151,,6.6
596,2.015,,151,,6.6
597,2.015,,151,,6.8
598,2.018,,151,,6.8
599,2.018,,151,,6.8
600,2.018,,151,,6.8
601,2.02,,151,,7
602,2.02,,151,,7
603,2.02,,151,,7.2
604,2.02,,151,,7.2
605,2.023,,150,,7.2
606,2.023,,150,,7.2
607,2.023,,151,,7.2
608,2.026,,150,,7.2
609,2.028,,150,,7.4
610,2.028,,149,,7.4
611,2.032,,148,,7.4
612,2.035,,150,,7.4
613,2.039,,150,,7.4
614,2.043,,151,,7.4
615,2.046,,152,,7.4
616,2.05,,152,,7.4
617,2.053,,152,,7.4
618,2.057,,151,,7.4
619,2.06,,151,,7.4
620,2.063,,151,,7.4
621,2.067,,151,,7.4
622,2.067,,151,,7.4
623,2.074,,150,,7.4
624,2.077,,150,,7.2
625,2.08,,150,,7.2
626,2.083,,150,,7.2
627,2.086,,150,,7.2
628,2.089,,149,,7.2
629,2.091,,149,,7.2
630,2.095,,150,,7
631,2.098,,150,,7
632,2.101,,150,,7
633,2.104,,150,,7
634,2.104,,149,,7
635,2.11,,149,,7
636,2.113,,149,,7
637,2.116,,150,,7
638,2.12,,150,,6.8
639,2.123,,150,,6.8
640,2.125,,150,,6.8
641,2.128,,150,,6.8
642,2.131,,150,,6.8
643,2.135,,150,,6.8
644,2.138,,150,,6.8
645,2.141,,149,,6.8
646,2.141,,149,,6.8
647,2.148,,149,,6.8
648,2.15,,149,,6.8
649,2.153,,149,,6.8
650,2.156,,148,,6.6
651,2.159,,148,,6.6
652,2.162,,148,,6.6
653,2.166,,149,,6.6
654,2.169,,148,,6.6
655,2.172,,148,,6.6
656,2.175,,147,,6.6
657,2.175,,147,,6.6
658,2.181,,148,,6.6
659,2.184,,148,,6.6
660,2.187,,148,,6.4
661,2.19,,148,,6.4
662,2.193,,147,,6.4
663,2.195,,147,,6.4
664,2.198,,147,,6.4
665,2.201,,147,,6.2
666,2.204,,146,,6.2
667,2.207,,145,,6.2
668,2.207,,146,,6.2
669,2.212,,146,,6
670,2.215,,146,,6
671,2.219,,146,,6
672,2.223,,147,,5.8
673,2.226,,147,,5.8
674,2.23,,147,,5.8
675,2.234,,147,,5.8
676,2.237,,146,,5.6
677,2.241,,146,,5.6
678,2.244,,147,,5.6
679,2.248,,147,,5.4
680,2.248,,147,,5.4
681,2.254,,147,,5.4
682,2.257,,147,,5.2
683,2.26,,148,,5.2
684,2.263,,147,,5.2
685,2.266,,147,,5.2
686,2.269,,148,,5
687,2.272,,148,,5
688,2.275,,148,,5
689,2.278,,148,,5
690,2.281,,148,,5
691,2.281,,148,,5
692,2.286,,148,,4.8
693,2.289,,148,,4.8
694,2.292,,148,,4.8
695,2.295,,147,,4.8
696,2.298,,147,,4.8
697,2.301,,147,,4.8
698,2.304,,147,,4.8
699,2.307,,146,,4.8
700,2.309,,146,,4.8
701,2.313,,146,,4.8
702,2.315,,147,,4.8
703,2.315,,147,,4.8
704,2.321,,147,,4.8
705,2.324,,146,,4.8
706,2.327,,147,,4.8
707,2.331,,147,,4.8
708,2.334,,147,,4.8
709,2.337,,148,,4.8
710,2.339,,148,,4.8
711,2.342,,148,,4.8
712,2.345,,148,,5
713,2.348,,148,,5
714,2.348,,148,,5
715,2.354,,148,,5
716,2.357,,148,,5
717,2.36,,149,,5
718,2.362,,150,,5.2
719,2.365,,149,,5.2
720,2.368,,149,,5.2
721,2.371,,150,,5.2
722,2.374,,150,,5.2
723,2.377,,150,,5.4
724,2.38,,150,,5.4
725,2.383,,149,,5.4
726,2.383,,148,,5.6
727,2.388,,148,,5.6
728,2.39,,149,,5.6
729,2.394,,150,,5.8
730,2.397,,150,,5.8
731,2.399,,150,,5.8
732,2.403,,151,,6
733,2.405,,151,,6
734,2.408,,151,,6
735,2.411,,152,,6.2
736,2.414,,152,,6.2
737,2.414,,153,,6.4
738,2.419,,153,,6.4
739,2.422,,153,,6.4
740,2.425,,152,,6.6
741,2.428,,151,,6.6
742,2.431,,151,,6.8
743,2.434,,152,,6.8
744,2.436,,152,,6.8
745,2.44,,151,,7
746,2.443,,151,,7
747,2.446,,152,,7.2
748,2.448,,152,,7.2
749,2.448,,152,,7.4
750,2.454,,152,,7.4
751,2.456,,152,,7.4
752,2.459,,152,,7.6
753,2.462,,152,,7.6
754,2.465,,152,,7.6
755,2.468,,152,,7.8
756,2.471,,151,,7.8
757,2.473,,151,,8
758,2.476,,151,,8
759,2.479,,152,,8
760,2.479,,151,,8.2
761,2.484,,151,,8.2
762,2.487,,151,,8.2
763,2.49,,150,,8.4
764,2.493,,148,,8.4
765,2.496,,150,,8.4
766,2.499,,150,,8.6
767,2.503,,151,,8.6
768,2.506,,150,,8.6
769,2.51,,150,,8.6
770,2.513,,150,,8.8
771,2.517,,151,,8.8
772,2.517,,150,,8.8
773,2.523,,150,,8.8
774,2.527,,151,,9
775,2.53,,151,,9
776,2.532,,151,,9
777,2.536,,151,,9
778,2.539,,151,,9
779,2.542,,151,,9.2
780,2.545,,151,,9.2
781,2.548,,151,,9.2
782,2.551,,151,,9.2
783,2.551,,151,,9.4
784,2.557,,151,,9.4
785,2.56,,151,,9.4
786,2.563,,151,,9.4
787,2.566,,151,,9.6
788,2.57,,151,,9.6
789,2.573,,151,,9.6
790,2.576,,152,,9.6
791,2.579,,152,,9.8
792,2.582,,152,,9.8
793,2.585,,152,,9.8
794,2.588,,152,,9.8
795,2.588,,152,,9.8
796,2.594,,152,,10
797,2.597,,151,,10
798,2.6,,151,,10
799,2.603,,151,,10
800,2.607,,151,,10
801,2.61,,151,,10
802,2.613,,150,,10.2
803,2.617,,151,,10.2
804,2.62,,151,,10.2
805,2.623,,151,,10.2
806,2.627,,151,,10.2
807,2.627,,150,,10.2
808,2.633,,150,,10.2
809,2.637,,151,,10.2
810,2.64,,151,,10.2
811,2.643,,151,,10.2
812,2.646,,151,,10.2
813,2.649,,151,,10.4
814,2.652,,150,,10.4
815,2.655,,149,,10.4
816,2.658,,150,,10.4
817,2.662,,150,,10.4
818,2.665,,150,,10.4
819,2.665,,150,,10.4
820,2.671,,150,,10.4
821,2.674,,150,,10.4
822,2.677,,150,,10.6
823,2.68,,149,,10.6
824,2.683,,150,,10.6
825,2.686,,150,,10.6
826,2.689,,150,,10.8
827,2.692,,150,,10.8
828,2.695,,150,,10.8
829,2.698,,150,,10.8
830,2.701,,150,,10.8
831,2.704,,150,,10.8
832,2.704,,150,,10.8
833,2.711,,149,,10.8
834,2.714,,149,,11
835,2.717,,149,,11
836,2.721,,149,,11
837,2.724,,149,,11
838,2.727,,150,,11
839,2.729,,150,,11
840,2.732,,150,,11
841,2.735,,149,,11
842,2.738,,149,,11
843,2.738,,149,,11
844,2.743,,150,,11
845,2.747,,150,,11
846,2.749,,150,,11
847,2.752,,150,,10.8
848,2.754,,149,,10.8
849,2.757,,149,,10.8
850,2.759,,149,,10.8
851,2.762,,149,,10.8
852,2.766,,149,,10.8
853,2.769,,150,,10.8
854,2.772,,150,,10.8
855,2.775,,150,,10.8
856,2.775,,150,,10.8
857,2.781,,150,,10.8
858,2.784,,149,,10.8
859,2.787,,149,,10.8
860,2.79,,150,,10.8
861,2.793,,150,,10.8
862,2.797,,150,,10.8
863,2.8,,150,,10.6
864,2.803,,149,,10.6
865,2.806,,149,,10.6
866,2.809,,149,,10.6
867,2.813,,149,,10.6
868,2.813,,149,,10.6
869,2.819,,149,,10.6
870,2.822,,148,,10.4
871,2.825,,150,,10.4
872,2.828,,149,,10.4
873,2.832,,149,,10.4
874,2.835,,149,,10.4
875,2.837,,149,,10.4
876,2.84,,149,,10.4
877,2.843,,149,,10.4
878,2.846,,148,,10.4
879,2.848,,148,,10.4
880,2.848,,149,,10.4
881,2.853,,149,,10.4
882,2.856,,149,,10.4
883,2.859,,149,,10.6
884,2.862,,149,,10.6
885,2.865,,149,,10.6
886,2.868,,148,,10.6
887,2.871,,147,,10.6
888,2.874,,147,,10.8
889,2.878,,149,,10.8
890,2.881,,149,,10.8
891,2.881,,149,,10.8
892,2.886,,150,,10.8
893,2.889,,150,,11
894,2.892,,150,,11
895,2.894,,150,,11
896,2.897,,150,,11.2
897,2.899,,150,,11.2
898,2.902,,151,,11.2
899,2.905,,151,,11.4
900,2.908,,150,,11.4
901,2.91,,150,,11.4
902,2.913,,151,,11.6
903,2.916,,151,,11.6
904,2.916,,152,,11.8
905,2.922,,153,,11.8
906,2.924,,153,,11.8
907,2.927,,153,,12
908,2.929,,153,,12
909,2.932,,152,,12.2
910,2.934,,152,,12.2
911,2.936,,152,,12.4
912,2.939,,151,,12.6
913,2.941,,153,,12.6
914,2.944,,154,,12.8
915,2.944,,154,,13
916,2.95,,154,,13
917,2.953,,153,,13.2
918,2.955,,155,,13.4
919,2.958,,155,,13.4
920,2.961,,154,,13.6
921,2.963,,154,,13.8
922,2.966,,155,,13.8
923,2.968,,156,,14
924,2.971,,156,,14.2
925,2.973,,156,,14.2
926,2.975,,157,,14.4
927,2.975,,157,,14.6
928,2.98,,158,,14.6
929,2.983,,157,,14.8
930,2.986,,157,,14.8
931,2.988,,157,,15
932,2.99,,157,,15
933,2.993,,157,,15.2
934,2.995,,157,,15.2
935,2.997,,157,,15.4
936,3,,158,,15.6
937,3.002,,158,,15.6
938,3.002,,157,,15.8
939,3.006,,157,,15.8
940,3.009,,157,,16
941,3.011,,158,,16
942,3.014,,157,,16.2
943,3.016,,156,,16.2
944,3.019,,156,,16.4
945,3.021,,157,,16.4
946,3.023,,157,,16.6
947,3.023,,157,,16.6
948,3.028,,157,,16.8
949,3.028,,158,,16.8
950,3.032,,158,,17
951,3.034,,159,,17
952,3.036,,158,,17.2
953,3.039,,158,,17.2
954,3.041,,158,,17.4
955,3.043,,157,,17.6
956,3.046,,158,,17.6
957,3.048,,159,,17.8
958,3.051,,159,,18
959,3.053,,159,,18.2
960,3.055,,159,,18.4
961,3.055,,159,,18.6
962,3.059,,159,,18.8
963,3.061,,159,,18.8
964,3.064,,159,,19.2
965,3.066,,159,,19.4
966,3.068,,159,,19.6
967,3.07,,159,,19.8
968,3.073,,160,,20
969,3.075,,160,,20.2
970,3.077,,160,,20.4
971,3.079,,159,,20.6
972,3.079,,160,,20.8
973,3.083,,159,,21
974,3.085,,158,,21.2
975,3.088,,159,,21.4
976,3.09,,160,,21.6
977,3.09,,160,,21.8
978,3.094,,161,,22
979,3.096,,159,,22.2
980,3.098,,159,,22.4
981,3.101,,161,,22.6
982,3.103,,162,,22.8
983,3.105,,161,,23
984,3.105,,161,,23.2
985,3.109,,162,,23.4
986,3.109,,162,,23.6
987,3.113,,162,,23.8
988,3.116,,162,,24
989,3.116,,162,,24.2
990,3.12,,162,,24.4
991,3.12,,161,,24.6
992,3.124,,160,,24.8
993,3.126,,161,,25.2
994,3.129,,160,,25.2
995,3.131,,160,,25.4
996,3.131,,161,,25.6
997,3.136,,161,,26
998,3.136,,161,,26.2
999,3.14,,161,,26.4
1000,3.144,,162,,26.6
1001,3.147,,162,,26.8
1002,3.149,,160,,27
1003,3.152,,159,,27.2
1004,3.155,,162,,27.4
1005,3.157,,160,,27.6
1006,3.16,,161,,27.8
1007,3.163,,161,,28
1008,3.163,,160,,28.2
1009,3.169,,160,,28.4
1010,3.172,,160,,28.6
1011,3.175,,161,,28.8
1012,3.178,,161,,29
1013,3.181,,161,,29.4
1014,3.184,,161,,29.6
1015,3.186,,161,,29.8
1016,3.189,,160,,30.2
1017,3.192,,159,,30.4
1018,3.195,,160,,30.6
1019,3.198,,160,,31
1020,3.198,,159,,31.4
1021,3.203,,159,,31.6
1022,3.207,,159,,32
1023,3.21,,159,,32.2
1024,3.212,,158,,32.4
1025,3.216,,156,,32.6
1026,3.219,,157,,33
1027,3.221,,156,,33.2
1028,3.224,,156,,33.4
1029,3.227,,156,,33.4
1030,3.229,,155,,33.6
1031,3.232,,155,,33.8
1032,3.232,,155,,34
1033,3.237,,154,,34.2
1034,3.24,,154,,34.4
1035,3.242,,155,,34.4
1036,3.245,,155,,34.6
1037,3.248,,155,,34.8
1038,3.251,,156,,34.8
1039,3.253,,154,,35
1040,3.256,,154,,35.2
1041,3.258,,155,,35.2
1042,3.261,,155,,35.4
1043,3.263,,156,,35.4
1044,3.263,,156,,35.6
1045,3.268,,156,,35.6
1046,3.271,,157,,35.6
1047,3.274,,157,,35.8
1048,3.277,,157,,36
1049,3.28,,157,,36
1050,3.282,,156,,36.2
1051,3.285,,155,,36.4
1052,3.287,,155,,36.6
1053,3.29,,155,,36.6
1054,3.293,,157,,36.8
1055,3.295,,156,,37
1056,3.295,,154,,37.2
1057,3.301,,155,,37.4
1058,3.304,,155,,37.4
1059,3.307,,155,,37.6
1060,3.31,,157,,37.8
1061,3.312,,157,,37.8
1062,3.315,,157,,38
1063,3.318,,157,,38.2
1064,3.321,,157,,38.2
1065,3.324,,157,,38.4
1066,3.326,,157,,38.4
1067,3.33,,157,,38.6
1068,3.33,,156,,38.6
1069,3.335,,156,,38.8
1070,3.337,,156,,38.8
1071,3.34,,155,,39
1072,3.342,,155,,39
1073,3.345,,155,,39
1074,3.347,,156,,39.2
1075,3.35,,156,,39.2
1076,3.353,,157,,39.4
1077,3.356,,157,,39.4
1078,3.359,,157,,39.6
1079,3.361,,156,,39.6
1080,3.361,,156,,39.8
1081,3.368,,156,,39.8
1082,3.371,,156,,40
1083,3.374,,156,,40.2
1084,3.377,,156,,40.2
1085,3.38,,156,,40.4
1086,3.383,,156,,40.4
1087,3.386,,156,,40.6
1088,3.389,,156,,40.8
1089,3.392,,154,,41
1090,3.395,,152,,41
1091,3.397,,152,,41.2
1092,3.397,,152,,41.2
1093,3.404,,152,,41.4
1094,3.406,,152,,41.4
1095,3.41,,151,,41.6
1096,3.413,,151,,41.8
1097,3.416,,151,,41.8
1098,3.419,,151,,42
1099,3.423,,152,,42
1100,3.426,,152,,42
1101,3.43,,153,,42.2
1102,3.433,,153,,42.2
1103,3.437,,154,,42.4
1104,3.437,,154,,42.4
1105,3.443,,154,,42.4
1106,3.446,,154,,42.4
1107,3.45,,154,,42.6
1108,3.453,,154,,42.6
1109,3.456,,153,,42.6
1110,3.459,,151,,42.6
1111,3.462,,150,,42.6
1112,3.465,,150,,42.8
1113,3.469,,149,,42.8
1114,3.472,,149,,42.8
1115,3.472,,148,,42.8
1116,3.477,,148,,42.8
1117,3.481,,148,,42.8
1118,3.483,,149,,42.8
1119,3.487,,149,,42.8
1120,3.49,,148,,42.8
1121,3.493,,148,,42.8
1122,3.496,,148,,42.8
1123,3.499,,148,,42.8
1124,3.503,,148,,42.8
1125,3.506,,148,,42.8
1126,3.506,,148,,42.8
1127,3.512,,149,,42.8
1128,3.515,,151,,42.8
1129,3.519,,150,,42.8
1130,3.521,,150,,42.8
1131,3.525,,150,,42.8
1132,3.528,,149,,42.8
1133,3.531,,149,,42.8
1134,3.534,,148,,42.6
1135,3.537,,148,,42.6
1136,3.54,,148,,42.6
1137,3.543,,148,,42.6
1138,3.543,,148,,42.6
1139,3.55,,147,,42.6
1140,3.553,,147,,42.6
1141,3.556,,147,,42.6
1142,3.559,,146,,42.4
1143,3.562,,144,,42.4
1144,3.566,,143,,42.4
1145,3.569,,143,,42.4
1146,3.572,,144,,42.4
1147,3.575,,142,,42.4
1148,3.579,,140,,42.4
1149,3.579,,138,,42.2
1150,3.585,,137,,42.2
1151,3.588,,135,,42.2
1152,3.591,,136,,42.2
1153,3.595,,136,,42.2
1154,3.597,,137,,42.2
1155,3.6,,136,,42.2
1156,3.604,,134,,42.2
1157,3.608,,132,,42.2
1158,3.611,,132,,42
1159,3.615,,135,,42
1160,3.618,,136,,42
1161,3.622,,139,,42
1162,3.622,,140,,42
1163,3.628,,140,,42
1164,3.631,,144,,42
1165,3.634,,145,,42
1166,3.638,,146,,42
1167,3.64,,147,,42
1168,3.644,,147,,42
1169,3.646,,148,,42
1170,3.649,,149,,42
1171,3.653,,150,,41.8
1172,3.656,,150,,41.8
1173,3.659,,150,,41.8
1174,3.659,,150,,41.8
1175,3.664,,150,,41.8
1176,3.667,,150,,41.8
1177,3.67,,150,,41.8
1178,3.673,,150,,41.8
1179,3.676,,150,,41.8
1180,3.679,,151,,41.8
1181,3.682,,151,,41.8
1182,3.686,,151,,41.8
1183,3.688,,151,,41.8
1184,3.691,,151,,41.8
1185,3.694,,151,,41.8
1186,3.697,,151,,41.8
1187,3.7,,151,,41.8
1188,3.703,,151,,41.8
1189,3.703,,151,,41.8
1190,3.709,,151,,41.8
1191,3.712,,151,,42
1192,3.715,,151,,42
1193,3.718,,151,,42
1194,3.721,,152,,42
1195,3.724,,152,,42
1196,3.727,,151,,42
1197,3.73,,151,,42
1198,3.733,,151,,42
1199,3.736,,151,,42
1200,3.736,,151,,42.2
1201,3.742,,151,,42.2
1202,3.745,,151,,42.2
1203,3.747,,151,,42.2
1204,3.75,,150,,42.2
1205,3.753,,150,,42.2
1206,3.756,,150,,42.2
1207,3.758,,150,,42.4
1208,3.761,,151,,42.4
1209,3.763,,151,,42.4
1210,3.766,,151,,42.4
1211,3.769,,152,,42.4
1212,3.772,,153,,42.4
1213,3.772,,152,,42.6
1214,3.777,,152,,42.6
1215,3.781,,153,,42.6
1216,3.784,,153,,42.6
1217,3.787,,153,,42.8
1218,3.79,,153,,42.8
1219,3.793,,153,,42.8
1220,3.796,,153,,42.8
1221,3.799,,154,,42.8
1222,3.802,,154,,43
1223,3.805,,154,,43
1224,3.805,,154,,43
1225,3.811,,154,,43
1226,3.814,,154,,43
1227,3.818,,153,,43.2
1228,3.822,,154,,43.2
1229,3.825,,154,,43.2
1230,3.828,,154,,43.2
1231,3.831,,153,,43.2
1232,3.834,,153,,43.4
1233,3.837,,154,,43.4
1234,3.84,,154,,43.4
1235,3.843,,155,,43.4
1236,3.846,,154,,43.4
1237,3.849,,153,,43.4
1238,3.849,,153,,43.4
1239,3.855,,153,,43.6
1240,3.858,,152,,43.6
1241,3.861,,151,,43.6
1242,3.864,,153,,43.6
1243,3.867,,153,,43.6
1244,3.87,,152,,43.6
1245,3.873,,151,,43.6
1246,3.876,,153,,43.6
1247,3.879,,154,,43.8
1248,3.881,,154,,43.8
1249,3.881,,153,,43.8
1250,3.887,,152,,43.8
1251,3.89,,153,,43.8
1252,3.892,,153,,43.8
1253,3.895,,153,,43.8
1254,3.898,,154,,43.8
1255,3.901,,153,,43.8
1256,3.904,,152,,43.8
1257,3.907,,154,,44
1258,3.91,,154,,44
1259,3.912,,154,,44
1260,3.915,,155,,44
1261,3.915,,155,,44
1262,3.921,,155,,44
1263,3.924,,155,,44
1264,3.927,,156,,44
1265,3.93,,155,,44
1266,3.933,,155,,44
1267,3.936,,156,,44
1268,3.939,,155,,44
1269,3.942,,155,,44.2
1270,3.945,,155,,44.2
1271,3.948,,154,,44.2
1272,3.948,,153,,44.2
1273,3.954,,153,,44.2
1274,3.957,,152,,44.2
1275,3.96,,154,,44.2
1276,3.963,,155,,44.2
1277,3.965,,155,,44.2
1278,3.968,,156,,44.2
1279,3.971,,156,,44.2
1280,3.974,,156,,44.2
1281,3.976,,155,,44.4
1282,3.979,,156,,44.4
1283,3.982,,157,,44.4
1284,3.982,,157,,44.4
1285,3.987,,157,,44.4
1286,3.99,,158,,44.4
1287,3.993,,158,,44.4
1288,3.996,,158,,44.4
1289,3.999,,158,,44.4
1290,4.002,,159,,44.4
1291,4.004,,159,,44.4
1292,4.007,,159,,44.4
1293,4.01,,159,,44.4
1294,4.013,,158,,44.4
1295,4.016,,158,,44.4
1296,4.016,,159,,44.4
1297,4.022,,159,,44.4
1298,4.024,,159,,44.4
1299,4.027,,159,,44.4
1300,4.03,,158,,44.6
1301,4.032,,157,,44.6
1302,4.035,,158,,44.6
1303,4.037,,158,,44.6
1304,4.039,,160,,44.6
1305,4.041,,159,,44.6
1306,4.044,,159,,44.6
1307,4.047,,159,,44.6
1308,4.047,,159,,44.6
1309,4.052,,160,,44.6
1310,4.055,,160,,44.6
1311,4.058,,159,,44.6
1312,4.061,,158,,44.6
1313,4.063,,158,,44.6
1314,4.066,,159,,44.8
1315,4.068,,160,,44.8
1316,4.071,,160,,44.8
1317,4.075,,160,,44.8
1318,4.077,,159,,44.8
1319,4.077,,157,,44.8
1320,4.083,,160,,44.8
1321,4.086,,161,,44.8
1322,4.089,,160,,44.8
1323,4.092,,159,,44.8
1324,4.094,,160,,45
1325,4.097,,160,,45
1326,4.1,,160,,45
1327,4.103,,159,,45
1328,4.105,,160,,45
1329,4.108,,159,,45
1330,4.108,,161,,45.2
1331,4.113,,162,,45.2
1332,4.116,,162,,45.2
1333,4.118,,161,,45.6
1334,4.121,,161,,45.8
1335,4.124,,162,,46
1336,4.126,,162,,46.2
1337,4.129,,162,,46.2
1338,4.132,,164,,46.4
1339,4.135,,162,,46.4
1340,4.138,,161,,46.6
1341,4.141,,161,,46.6
1342,4.141,,161,,46.8
1343,4.146,,160,,46.8
1344,4.149,,160,,47
1345,4.151,,160,,47
1346,4.153,,159,,47.2
1347,4.157,,160,,47.2
1348,4.159,,162,,47.4
1349,4.162,,162,,47.4
1350,4.165,,161,,47.6
1351,4.167,,161,,47.6
1352,4.17,,161,,47.8
1353,4.17,,162,,47.8
1354,4.175,,162,,48
1355,4.177,,161,,48
1356,4.18,,160,,48.2
1357,4.183,,161,,48.2
1358,4.183,,161,,48.4
1359,4.187,,161,,48.4
1360,4.189,,161,,48.6
1361,4.191,,161,,48.6
1362,4.194,,161,,48.8
1363,4.196,,161,,49
1364,4.199,,161,,49
1365,4.199,,161,,49.2
1366,4.204,,161,,49.4
1367,4.206,,161,,49.6
1368,4.208,,161,,49.8
1369,4.21,,161,,49.8
1370,4.212,,161,,50
1371,4.215,,161,,50.2
1372,4.217,,161,,50.4
1373,4.219,,160,,50.6
1374,4.221,,160,,50.8
1375,4.224,,160,,51
1376,4.224,,161,,51.2
1377,4.229,,161,,51.4
1378,4.232,,160,,51.6
1379,4.235,,160,,51.8
1380,4.237,,161,,52
1381,4.239,,161,,52.2
1382,4.242,,159,,52.4
1383,4.245,,159,,52.6
1384,4.248,,160,,52.8
1385,4.25,,160,,53
1386,4.252,,162,,53.2
1387,4.255,,163,,53.4
1388,4.255,,162,,53.6
1389,4.26,,163,,53.8
1390,4.262,,164,,54.2
1391,4.264,,163,,54.4
1392,4.267,,165,,54.6
1393,4.267,,164,,54.8
1394,4.271,,162,,55
1395,4.274,,161,,55.2
1396,4.274,,161,,55.4
1397,4.278,,162,,55.6
1398,4.28,,164,,55.8
1399,4.28,,164,,56
1400,4.285,,164,,56.2
1401,4.288,,164,,56.4
1402,4.29,,164,,56.6
1403,4.293,,164,,56.8
1404,4.296,,163,,57
1405,4.298,,163,,57.2
1406,4.301,,165,,57.4
1407,4.303,,164,,57.6
1408,4.303,,164,,57.8
1409,4.307,,166,,58
1410,4.307,,166,,58.2
1411,4.311,,166,,58.4
1412,4.311,,166,,58.6
1413,4.315,,164,,59
1414,4.315,,164,,59.2
1415,4.32,,163,,59.4
1416,4.322,,165,,59.6
1417,4.324,,165,,59.8
1418,4.326,,164,,60
1419,4.329,,164,,60.2
1420,4.331,,166,,60.4
1421,4.333,,166,,60.6
1422,4.333,,165,,60.8
1423,4.339,,164,,61
1424,4.341,,164,,61.2
1425,4.343,,163,,61.4
1426,4.346,,162,,61.6
1427,4.349,,162,,61.8
1428,4.349,,163,,62
1429,4.353,,163,,62.2
1430,4.356,,164,,62.4
1431,4.358,,165,,62.6
1432,4.358,,164,,62.8
1433,4.363,,164,,63
1434,4.365,,164,,63.2
1435,4.368,,163,,63.4
1436,4.368,,163,,63.6
1437,4.373,,164,,63.6
1438,4.376,,165,,63.8
1439,4.379,,165,,64
1440,4.381,,165,,64.2
1441,4.383,,165,,64.4
1442,4.386,,165,,64.4
1443,4.389,,164,,64.6
1444,4.392,,163,,64.8
1445,4.395,,164,,64.8
1446,4.398,,163,,65.2
1447,4.398,,162,,65.2
1448,4.403,,164,,65.4
1449,4.406,,164,,65.4
1450,4.409,,165,,65.8
1451,4.412,,164,,65.8
1452,4.415,,162,,66
1453,4.419,,164,,66.2
1454,4.422,,164,,66.4
1455,4.425,,164,,66.6
1456,4.428,,165,,66.8
1457,4.43,,166,,66.8
1458,4.43,,165,,67
1459,4.436,,164,,67.2
1460,4.438,,163,,67.4
1461,4.441,,163,,67.6
1462,4.444,,163,,67.8
1463,4.447,,163,,68
1464,4.449,,162,,68.2
1465,4.452,,161,,68.2
1466,4.455,,162,,68.4
1467,4.457,,162,,68.6
1468,4.457,,162,,68.8
1469,4.461,,161,,69
1470,4.461,,159,,69.4
1471,4.465,,160,,69.6
1472,4.467,,161,,69.6
1473,4.467,,162,,70
1474,4.471,,162,,70.2
1475,4.474,,163,,70.4
1476,4.476,,162,,70.6
1477,4.479,,162,,70.8
1478,4.481,,162,,71.2
1479,4.484,,163,,71.2
1480,4.487,,165,,71.6
1481,4.487,,163,,71.8
1482,4.492,,163,,72
1483,4.494,,163,,72.2
1484,4.497,,162,,72.4
1485,4.5,,162,,72.6
1486,4.503,,162,,72.8
1487,4.505,,160,,73
1488,4.508,,160,,73.2
1489,4.511,,161,,73.4
1490,4.513,,162,,73.4
1491,4.516,,161,,73.6
1492,4.519,,161,,73.8
1493,4.519,,161,,73.8
1494,4.524,,162,,74
1495,4.528,,163,,74
1496,4.53,,163,,74.2
1497,4.53,,163,,74.4
1498,4.535,,163,,74.4
1499,4.537,,163,,74.6
1500,4.539,,162,,74.6
1501,4.542,,161,,74.8
1502,4.545,,163,,74.8
1503,4.547,,162,,75
1504,4.547,,161,,75.2
1505,4.552,,161,,75.2
1506,4.555,,161,,75.4
1507,4.558,,162,,75.6
1508,4.56,,161,,75.8
1509,4.563,,161,,75.8
1510,4.566,,161,,76
1511,4.568,,161,,76.2
1512,4.57,,162,,76.4
1513,4.573,,162,,76.6
1514,4.575,,163,,76.6
1515,4.578,,162,,76.8
1516,4.578,,162,,77
1517,4.582,,162,,77.2
1518,4.585,,162,,77.2
1519,4.587,,162,,77.4
1520,4.59,,164,,77.6
1521,4.592,,164,,77.8
1522,4.595,,163,,77.8
1523,4.597,,160,,78
1524,4.6,,159,,78.2
1525,4.603,,158,,78.4
1526,4.605,,158,,78.4
1527,4.608,,161,,78.6
1528,4.611,,161,,78.8
1529,4.611,,162,,79
1530,4.615,,161,,79
1531,4.618,,161,,79.2
1532,4.621,,161,,79.4
1533,4.623,,163,,79.6
1534,4.626,,162,,79.6
1535,4.63,,162,,80
1536,4.632,,163,,80
1537,4.635,,162,,80.2
1538,4.637,,162,,80.4
1539,4.64,,163,,80.6
1540,4.642,,164,,80.8
1541,4.642,,164,,81
1542,4.647,,164,,81.2
1543,4.65,,164,,81.4
1544,4.652,,164,,81.8
1545,4.654,,165,,82
1546,4.657,,164,,82.2
1547,4.66,,163,,82.4
1548,4.662,,163,,82.6
1549,4.664,,163,,83
1550,4.667,,164,,83.2
1551,4.67,,164,,83.4
1552,4.67,,165,,83.6
1553,4.67,,165,,84
1554,4.676,,164,,84
1555,4.679,,164,,84.4
1556,4.681,,164,,84.6
1557,4.683,,164,,84.8
1558,4.685,,165,,85
1559,4.688,,164,,85.2
1560,4.69,,164,,85.6
1561,4.692,,164,,85.8
1562,4.694,,164,,86
1563,4.697,,164,,86.2
1564,4.697,,164,,86.4
1565,4.701,,165,,86.6
1566,4.704,,164,,87
1567,4.706,,162,,87.2
1568,4.709,,162,,87.4
1569,4.709,,165,,87.6
1570,4.713,,165,,87.8
1571,4.716,,164,,88
1572,4.718,,163,,88.2
1573,4.721,,164,,88.4
1574,4.723,,164,,88.6
1575,4.723,,165,,88.8
1576,4.728,,164,,89
1577,4.73,,164,,89.2
1578,4.733,,164,,89.4
1579,4.736,,164,,89.6
1580,4.738,,165,,89.8
1581,4.741,,163,,90
1582,4.743,,162,,90.2
1583,4.746,,163,,90.4
1584,4.749,,163,,90.6
1585,4.752,,164,,90.8
1586,4.752,,164,,91
1587,4.756,,163,,91.2
1588,4.759,,164,,91.4
1589,4.762,,163,,91.6
1590,4.765,,162,,91.8
1591,4.768,,163,,92
1592,4.771,,164,,92
1593,4.774,,163,,92.2
1594,4.777,,162,,92.4
1595,4.779,,160,,92.6
1596,4.782,,161,,92.8
1597,4.785,,163,,92.8
1598,4.785,,163,,93
1599,4.791,,163,,93.2
1600,4.794,,163,,93.4
1601,4.797,,164,,93.6
1602,4.799,,164,,93.6
1603,4.802,,162,,93.8
1604,4.805,,162,,94
1605,4.808,,162,,94.2
1606,4.811,,162,,94.4
1607,4.814,,161,,94.4
1608,4.817,,159,,94.6
1609,4.817,,158,,94.6
1610,4.824,,158,,94.8
1611,4.827,,157,,95
1612,4.829,,157,,95
1613,4.833,,156,,95.2
1614,4.836,,156,,95.4
1615,4.839,,156,,95.4
1616,4.842,,158,,95.6
1617,4.845,,158,,95.6
1618,4.848,,158,,95.8
1619,4.851,,157,,96
1620,4.853,,155,,96
1621,4.853,,155,,96
1622,4.859,,156,,96.2
1623,4.863,,156,,96.2
1624,4.866,,156,,96.4
1625,4.869,,157,,96.4
1626,4.872,,157,,96.6
1627,4.875,,157,,96.6
1628,4.878,,157,,96.6
1629,4.881,,157,,96.8
1630,4.884,,158,,96.8
1631,4.887,,158,,96.8
1632,4.887,,158,,97
1633,4.893,,157,,97
1634,4.896,,157,,97
1635,4.9,,157,,97.2
1636,4.903,,156,,97.2
1637,4.906,,156,,97.4
1638,4.909,,157,,97.4
1639,4.912,,159,,97.4
1640,4.915,,158,,97.6
1641,4.918,,158,,97.6
1642,4.92,,157,,97.8
1643,4.923,,157,,97.8
1644,4.926,,157,,97.8
1645,4.926,,157,,98
1646,4.931,,157,,98
1647,4.935,,157,,98.2
1648,4.937,,157,,98.2
1649,4.941,,157,,98.4
1650,4.944,,157,,98.4
1651,4.947,,157,,98.6
1652,4.949,,156,,98.6
1653,4.952,,155,,98.8
1654,4.955,,157,,98.8
1655,4.958,,156,,98.8
1656,4.958,,156,,99
1657,4.964,,156,,99
1658,4.967,,156,,99.2
1659,4.97,,155,,99.2
1660,4.973,,154,,99.4
1661,4.976,,154,,99.4
1662,4.979,,157,,99.4
1663,4.981,,157,,99.6
1664,4.984,,157,,99.6
1665,4.988,,157,,99.6
1666,4.991,,156,,99.8
1667,4.994,,156,,99.8
1668,4.994,,156,,100
1669,5,,155,,100
1670,5.003,,155,,100
1671,5.006,,156,,100
1672,5.009,,156,,100.2
1673,5.012,,155,,100.2
1674,5.015,,154,,100.2
1675,5.018,,154,,100.2
1676,5.021,,154,,100.2
1677,5.024,,155,,100.4
1678,5.027,,155,,100.4
1679,5.03,,156,,100.4
1680,5.03,,156,,100.4
1681,5.036,,155,,100.4
1682,5.039,,154,,100.4
1683,5.042,,156,,100.4
1684,5.045,,157,,100.4
1685,5.048,,156,,100.4
1686,5.052,,156,,100.4
1687,5.055,,158,,100.4
1688,5.058,,158,,100.2
1689,5.061,,156,,100.2
1690,5.064,,157,,100.2
1691,5.067,,157,,100.2
1692,5.067,,157,,100.2
1693,5.074,,157,,100.2
1694,5.077,,159,,100.2
1695,5.08,,159,,100.2
1696,5.083,,159,,100.2
1697,5.086,,158,,100
1698,5.089,,158,,100
1699,5.092,,159,,100
1700,5.095,,159,,100
1701,5.097,,158,,100
1702,5.1,,158,,100
1703,5.103,,158,,100
1704,5.103,,158,,100
1705,5.109,,158,,99.8
1706,5.112,,159,,99.8
1707,5.115,,159,,99.8
1708,5.118,,159,,99.8
1709,5.12,,159,,99.8
1710,5.124,,157,,99.8
1711,5.126,,157,,99.8
1712,5.13,,157,,99.8
1713,5.133,,156,,99.8
1714,5.136,,156,,99.8
1715,5.14,,156,,99.8
1716,5.14,,156,,99.8
1717,5.146,,156,,99.8
1718,5.149,,156,,99.8
1719,5.153,,156,,99.8
1720,5.156,,156,,100
1721,5.16,,156,,100
1722,5.163,,155,,100
1723,5.167,,158,,100
1724,5.17,,157,,100
1725,5.173,,157,,100.2
1726,5.176,,156,,100.2
1727,5.176,,155,,100.4
1728,5.182,,155,,100.4
1729,5.185,,156,,100.4
1730,5.188,,156,,100.6
1731,5.191,,155,,100.6
1732,5.194,,155,,100.8
1733,5.197,,155,,101
1734,5.2,,156,,101
1735,5.204,,156,,101.2
1736,5.207,,156,,101.2
1737,5.21,,156,,101.4
1738,5.213,,155,,101.6
1739,5.213,,154,,101.8
1740,5.219,,153,,101.8
1741,5.222,,154,,102
1742,5.224,,154,,102.2
1743,5.227,,154,,102.4
1744,5.23,,154,,102.4
1745,5.234,,154,,102.6
1746,5.236,,155,,102.8
1747,5.239,,156,,102.8
1748,5.242,,156,,103
1749,5.245,,156,,103.2
1750,5.247,,156,,103.4
1751,5.247,,156,,103.4
1752,5.253,,156,,103.4
1753,5.256,,156,,103.6
1754,5.258,,155,,103.6
1755,5.261,,155,,103.8
1756,5.264,,155,,103.8
1757,5.267,,156,,104
1758,5.27,,156,,104
1759,5.273,,157,,104
1760,5.275,,156,,104
1761,5.278,,153,,104.2
1762,5.281,,152,,104.2
1763,5.281,,153,,104.2
1764,5.287,,156,,104.2
1765,5.289,,156,,104.2
1766,5.293,,155,,104.2
1767,5.296,,155,,104.2
1768,5.298,,154,,104.2
1769,5.302,,154,,104
1770,5.305,,155,,104
1771,5.308,,155,,104
1772,5.311,,155,,104
1773,5.314,,155,,103.8
1774,5.317,,154,,103.8
1775,5.317,,154,,103.8
1776,5.323,,153,,103.6
1777,5.326,,152,,103.6
1778,5.33,,151,,103.6
1779,5.333,,151,,103.4
1780,5.336,,150,,103.4
1781,5.339,,150,,103.4
1782,5.342,,150,,103.2
1783,5.345,,150,,103.2
1784,5.348,,151,,103
1785,5.35,,151,,103
1786,5.35,,152,,103
1787,5.35,,151,,102.8
1788,5.356,,150,,102.8
1789,5.359,,150,,102.8
1790,5.362,,151,,102.8
1791,5.365,,153,,102.6
1792,5.369,,153,,102.6
1793,5.372,,154,,102.6
1794,5.376,,154,,102.4
1795,5.38,,155,,102.4
1796,5.384,,156,,102.4
1797,5.387,,156,,102.2
1798,5.391,,158,,102.2
1799,5.394,,158,,102.2
1800,5.397,,157,,102.2
1801,5.397,,156,,102
1802,5.403,,154,,102
1803,5.407,,149,,102
1804,5.409,,148,,102
1805,5.413,,148,,101.8
1806,5.416,,147,,101.8
1807,5.419,,147,,101.8
1808,5.422,,147,,101.8
1809,5.426,,148,,101.8
1810,5.429,,149,,101.6
1811,5.432,,150,,101.6
1812,5.432,,150,,101.6
1813,5.438,,155,,101.6
1814,5.442,,156,,101.4
1815,5.445,,156,,101.4
1816,5.448,,157,,101.4
1817,5.451,,158,,101.2
1818,5.454,,158,,101.2
1819,5.457,,157,,101.2
1820,5.46,,157,,101
1821,5.463,,158,,101
1822,5.466,,158,,101
1823,5.469,,157,,100.8
1824,5.469,,156,,100.8
1825,5.475,,156,,100.6
1826,5.478,,157,,100.6
1827,5.481,,157,,100.6
1828,5.484,,157,,100.4
1829,5.487,,156,,100.2
1830,5.489,,155,,100.2
1831,5.492,,155,,100
1832,5.496,,156,,99.8
1833,5.5,,157,,99.6
1834,5.504,,157,,99.6
1835,5.508,,157,,99.4
1836,5.508,,157,,99.2
1837,5.516,,157,,99
1838,5.52,,156,,98.6
1839,5.524,,156,,98.4
1840,5.527,,156,,98.4
1841,5.531,,156,,98.2
1842,5.534,,156,,97.8
1843,5.537,,156,,97.8
1844,5.541,,156,,97.6
1845,5.544,,156,,97.4
1846,5.548,,156,,97
1847,5.551,,156,,96.8
1848,5.551,,156,,96.6
1849,5.558,,156,,96.4
1850,5.562,,156,,96.2
1851,5.565,,156,,96
1852,5.568,,155,,95.8
1853,5.572,,154,,95.6
1854,5.575,,154,,95.4
1855,5.579,,153,,95.2
1856,5.582,,153,,95
1857,5.585,,156,,95
1858,5.589,,157,,94.8
1859,5.593,,157,,94.6
1860,5.593,,157,,94.4
1861,5.6,,157,,94.4
1862,5.604,,157,,94.2
1863,5.608,,157,,94.2
1864,5.611,,157,,94
1865,5.615,,157,,93.8
1866,5.618,,157,,93.6
1867,5.622,,157,,93.6
1868,5.625,,157,,93.4
1869,5.628,,158,,93.2
1870,5.632,,158,,93
1871,5.634,,158,,93
1872,5.634,,158,,92.8
1873,5.64,,158,,92.6
1874,5.643,,157,,92.4
1875,5.646,,157,,92.4
1876,5.65,,159,,92.2
1877,5.654,,158,,92
1878,5.658,,156,,91.8
1879,5.662,,157,,91.6
1880,5.666,,157,,91.4
1881,5.67,,156,,91.4
1882,5.673,,156,,91.2
1883,5.677,,157,,91
1884,5.677,,157,,90.8
1885,5.684,,158,,90.6
1886,5.687,,157,,90.4
1887,5.691,,157,,90.2
1888,5.694,,157,,90
1889,5.698,,157,,89.8
1890,5.7,,158,,89.6
1891,5.704,,157,,89.4
1892,5.707,,157,,89.2
1893,5.71,,158,,89
1894,5.714,,158,,88.8
1895,5.717,,158,,88.6
1896,5.717,,158,,88.6
1897,5.725,,158,,88.4
1898,5.729,,159,,88.2
1899,5.733,,157,,88
1900,5.737,,156,,87.8
1901,5.74,,156,,87.6
1902,5.744,,157,,87.6
1903,5.747,,157,,87.4
1904,5.751,,157,,87.4
1905,5.755,,157,,87.2
1906,5.758,,157,,87
1907,5.762,,157,,86.8
1908,5.762,,157,,86.8
1909,5.768,,157,,86.6
1910,5.772,,157,,86.4
1911,5.775,,156,,86.4
1912,5.779,,156,,86.2
1913,5.782,,157,,86
1914,5.786,,157,,86
1915,5.789,,157,,85.8
1916,5.792,,156,,85.8
1917,5.795,,156,,85.6
1918,5.798,,156,,85.4
1919,5.801,,157,,85.4
1920,5.805,,157,,85.2
1921,5.805,,157,,85.2
1922,5.812,,157,,85
1923,5.816,,157,,84.8
1924,5.82,,157,,84.8
1925,5.823,,155,,84.6
1926,5.827,,155,,84.4
1927,5.831,,156,,84.4
1928,5.834,,156,,84.2
1929,5.838,,158,,84
1930,5.841,,158,,84
1931,5.845,,158,,83.8
1932,5.845,,159,,83.6
1933,5.852,,158,,83.6
1934,5.855,,158,,83.4
1935,5.858,,158,,83.2
1936,5.861,,158,,83.2
1937,5.865,,158,,83
1938,5.867,,159,,82.8
1939,5.87,,159,,82.8
1940,5.874,,159,,82.6
1941,5.877,,160,,82.4
1942,5.881,,159,,82.4
1943,5.881,,158,,82.2
1944,5.887,,158,,82.2
1945,5.891,,158,,82.2
1946,5.895,,158,,82
1947,5.899,,158,,82
1948,5.903,,158,,82
1949,5.907,,158,,82
1950,5.91,,158,,81.8
1951,5.914,,158,,81.8
1952,5.919,,158,,81.8
1953,5.923,,158,,81.8
1954,5.928,,158,,81.8
1955,5.928,,157,,81.8
1956,5.938,,156,,81.8
1957,5.942,,158,,81.8
1958,5.946,,158,,81.8
1959,5.95,,158,,82
1960,5.954,,158,,82
1961,5.957,,158,,82
1962,5.961,,158,,82
1963,5.964,,157,,82.2
1964,5.969,,157,,82.2
1965,5.973,,158,,82.4
1966,5.976,,158,,82.4
1967,5.976,,159,,82.4
1968,5.984,,158,,82.6
1969,5.988,,158,,82.8
1970,5.992,,159,,82.8
1971,5.995,,158,,83
1972,5.999,,158,,83
1973,6.002,,159,,83.2
1974,6.005,,159,,83.4
1975,6.009,,159,,83.4
1976,6.012,,160,,83.6
1977,6.015,,160,,83.6
1978,6.018,,160,,83.6
1979,6.02,,159,,83.8
1980,6.02,,159,,83.8
1981,6.026,,159,,84
1982,6.029,,159,,84
1983,6.032,,159,,84
1984,6.036,,158,,84.2
1985,6.038,,158,,84.2
1986,6.041,,159,,84.2
1987,6.043,,160,,84.2
1988,6.046,,160,,84.2
1989,6.049,,160,,84.2
1990,6.051,,160,,84.2
1991,6.051,,160,,84.2
1992,6.057,,160,,84.2
1993,6.061,,160,,84
1994,6.064,,160,,84
1995,6.068,,160,,84
1996,6.071,,160,,84
1997,6.074,,160,,84
1998,6.078,,160,,83.8
1999,6.081,,161,,83.8
2000,6.085,,161,,83.8
2001,6.088,,160,,83.6
2002,6.091,,160,,83.6
2003,6.094,,160,,83.6
2004,6.094,,160,,83.6
2005,6.101,,161,,83.4
2006,6.103,,161,,83.4
2007,6.106,,160,,83.4
2008,6.109,,159,,83.2
2009,6.111,,160,,83.2
2010,6.115,,161,,83.2
2011,6.118,,161,,83
2012,6.121,,160,,83
2013,6.125,,160,,82.8
2014,6.128,,160,,82.8
2015,6.128,,160,,82.8
2016,6.134,,160,,82.8
2017,6.136,,160,,82.6
2018,6.136,,161,,82.6
2019,6.14,,161,,82.6
2020,6.143,,161,,82.4
2021,6.146,,160,,82.4
2022,6.15,,160,,82.4
2023,6.153,,160,,82.4
2024,6.156,,159,,82.2
2025,6.16,,162,,82.2
2026,6.163,,162,,82.2
2027,6.166,,163,,82.2
2028,6.166,,163,,82
2029,6.173,,163,,82
2030,6.177,,163,,82
2031,6.181,,163,,82
2032,6.184,,163,,82
2033,6.188,,162,,81.8
2034,6.191,,161,,81.8
2035,6.195,,158,,81.8
2036,6.199,,158,,81.8
2037,6.202,,159,,81.6
2038,6.205,,160,,81.6
2039,6.205,,161,,81.6
2040,6.212,,161,,81.6
2041,6.215,,162,,81.6
2042,6.218,,162,,81.4
2043,6.221,,162,,81.4
2044,6.225,,164,,81.4
2045,6.228,,164,,81.4
2046,6.232,,164,,81.4
2047,6.236,,162,,81.2
2048,6.24,,162,,81.2
2049,6.243,,162,,81.2
2050,6.247,,162,,81.2
2051,6.247,,162,,81.2
2052,6.252,,161,,81.2
2053,6.255,,160,,81
2054,6.258,,160,,81
2055,6.261,,161,,81
2056,6.264,,162,,81
2057,6.268,,163,,81
2058,6.271,,164,,81
2059,6.274,,163,,81
2060,6.278,,161,,81
2061,6.282,,161,,81
2062,6.282,,161,,81
2063,6.29,,163,,80.8
2064,6.293,,163,,80.8
2065,6.296,,163,,80.8
2066,6.299,,163,,80.8
2067,6.302,,163,,80.8
2068,6.305,,162,,80.8
2069,6.308,,162,,80.8
2070,6.31,,162,,80.8
2071,6.312,,161,,80.8
2072,6.315,,160,,80.8
2073,6.318,,160,,80.8
2074,6.321,,161,,80.8
2075,6.321,,160,,80.8
2076,6.326,,160,,80.8
2077,6.328,,162,,80.6
2078,6.331,,162,,80.6
2079,6.334,,161,,80.6
2080,6.337,,160,,80.6
2081,6.34,,160,,80.6
2082,6.344,,160,,80.4
2083,6.348,,162,,80.4
2084,6.352,,162,,80.4
2085,6.355,,162,,80.2
2086,6.355,,161,,80.2
2087,6.363,,161,,80
2088,6.367,,160,,80
2089,6.37,,160,,79.8
2090,6.374,,162,,79.8
2091,6.377,,161,,79.8
2092,6.381,,161,,79.6
2093,6.384,,162,,79.6
2094,6.387,,162,,79.4
2095,6.39,,162,,79.4
2096,6.392,,163,,79.2
2097,6.395,,163,,79.2
2098,6.395,,163,,79.2
2099,6.401,,164,,79
2100,6.405,,163,,79
2101,6.409,,164,,78.8
2102,6.413,,164,,78.8
2103,6.417,,164,,78.8
2104,6.42,,162,,78.6
2105,6.423,,162,,78.6
2106,6.426,,162,,78.6
2107,6.429,,164,,78.6
2108,6.432,,163,,78.4
2109,6.432,,162,,78.4
2110,6.437,,162,,78.4
2111,6.437,,163,,78.4
2112,6.441,,164,,78.4
2113,6.443,,164,,78.4
2114,6.445,,164,,78.4
2115,6.448,,163,,78.4
2116,6.45,,162,,78.4
2117,6.453,,164,,78.4
2118,6.456,,166,,78.4
2119,6.458,,166,,78.4
2120,6.461,,166,,78.4
2121,6.461,,165,,78.4
2122,6.461,,165,,78.4
2123,6.469,,165,,78.4
2124,6.471,,164,,78.4
2125,6.473,,163,,78.4
2126,6.475,,164,,78.6
2127,6.478,,164,,78.6
2128,6.48,,164,,78.6
2129,6.483,,166,,78.6
2130,6.485,,165,,78.8
2131,6.487,,165,,78.8
2132,6.49,,165,,78.8
2133,6.49,,167,,78.8
2134,6.495,,167,,79
2135,6.498,,166,,79
2136,6.5,,166,,79
2137,6.503,,167,,79.2
2138,6.505,,167,,79.2
2139,6.508,,166,,79.4
2140,6.511,,165,,79.4
2141,6.514,,164,,79.4
2142,6.517,,164,,79.6
2143,6.52,,164,,79.6
2144,6.523,,164,,79.8
2145,6.523,,164,,79.8
2146,6.523,,165,,80
2147,6.53,,165,,80
2148,6.534,,164,,80.2
2149,6.537,,163,,80.2
2150,6.54,,163,,80.4
2151,6.543,,162,,80.6
2152,6.545,,162,,80.6
2153,6.549,,162,,80.8
2154,6.551,,161,,80.8
2155,6.554,,161,,81
2156,6.558,,164,,81
2157,6.56,,164,,81.2
2158,6.56,,166,,81.4
2159,6.566,,165,,81.4
2160,6.569,,163,,81.6
2161,6.573,,165,,81.8
2162,6.576,,164,,81.8
2163,6.579,,163,,82
2164,6.583,,161,,82
2165,6.586,,161,,82.2
2166,6.59,,163,,82.2
2167,6.593,,163,,82.4
2168,6.597,,163,,82.6
2169,6.597,,164,,82.6
2170,6.604,,163,,82.8
2171,6.608,,162,,82.8
2172,6.611,,161,,83
2173,6.615,,161,,83
2174,6.618,,162,,83.2
2175,6.621,,161,,83.2
2176,6.625,,160,,83.4
2177,6.628,,163,,83.4
2178,6.632,,163,,83.6
2179,6.635,,162,,83.6
2180,6.638,,161,,83.8
2181,6.641,,159,,83.8
2182,6.641,,158,,84
2183,6.648,,160,,84
2184,6.651,,159,,84.2
2185,6.655,,158,,84.2
2186,6.658,,158,,84.2
2187,6.661,,159,,84.4
2188,6.665,,162,,84.4
2189,6.668,,162,,84.6
2190,6.671,,163,,84.6
2191,6.674,,162,,84.6
2192,6.677,,161,,84.8
2193,6.68,,159,,84.8
2194,6.68,,159,,85
2195,6.686,,159,,85
2196,6.69,,157,,85
2197,6.693,,159,,85
2198,6.696,,160,,85.2
2199,6.699,,160,,85.2
2200,6.703,,160,,85.4
2201,6.706,,159,,85.4
2202,6.71,,159,,85.4
2203,6.714,,161,,85.4
2204,6.718,,160,,85.6
2205,6.722,,158,,85.6
2206,6.726,,159,,85.6
2207,6.726,,158,,85.8
2208,6.734,,159,,85.8
2209,6.739,,159,,85.8
2210,6.743,,159,,85.8
2211,6.748,,159,,85.8
2212,6.752,,159,,85.8
2213,6.755,,162,,86
2214,6.76,,162,,86
2215,6.764,,161,,86
2216,6.768,,161,,86
2217,6.772,,160,,86
2218,6.772,,159,,86
2219,6.78,,160,,86
2220,6.784,,160,,85.8
2221,6.789,,160,,85.8
2222,6.792,,160,,85.8
2223,6.797,,161,,85.8
2224,6.801,,160,,85.8
2225,6.806,,160,,85.6
2226,6.81,,161,,85.6
2227,6.815,,160,,85.4
2228,6.819,,159,,85.4
2229,6.824,,159,,85.2
2230,6.824,,159,,85.2
2231,6.832,,159,,85
2232,6.837,,159,,85
2233,6.84,,158,,84.8
2234,6.843,,156,,84.6
2235,6.847,,157,,84.6
2236,6.851,,159,,84.4
2237,6.854,,159,,84.2
2238,6.858,,158,,84
2239,6.862,,158,,84
2240,6.866,,160,,83.8
2241,6.87,,160,,83.6
2242,6.87,,160,,83.4
2243,6.878,,159,,83.4
2244,6.883,,158,,83.2
2245,6.886,,158,,83
2246,6.89,,158,,82.8
2247,6.893,,158,,82.6
2248,6.897,,160,,82.4
2249,6.902,,160,,82.2
2250,6.905,,158,,82
2251,6.909,,157,,81.8
2252,6.914,,157,,81.6
2253,6.918,,157,,81.4
2254,6.918,,157,,81
2255,6.928,,158,,81
2256,6.932,,159,,80.6
2257,6.936,,160,,80.4
2258,6.94,,159,,80
2259,6.944,,160,,80
2260,6.948,,160,,79.6
2261,6.952,,159,,79.4
2262,6.956,,159,,79
2263,6.959,,159,,78.8
2264,6.963,,160,,78.4
2265,6.967,,160,,78.2
2266,6.967,,159,,77.8
2267,6.975,,158,,77.6
2268,6.98,,156,,77.2
2269,6.985,,157,,77
2270,6.988,,157,,76.6
2271,6.992,,158,,76.2
2272,6.996,,160,,76
2273,6.999,,159,,75.8
2274,7.003,,159,,75.6
2275,7.005,,159,,75.2
2276,7.01,,159,,74.8
2277,7.015,,158,,74.6
2278,7.015,,156,,74.4
2279,7.022,,155,,74
2280,7.025,,159,,73.8
2281,7.029,,159,,73.6
2282,7.032,,159,,73.4
2283,7.035,,161,,73.2
2284,7.039,,162,,72.8
2285,7.043,,161,,72.8
2286,7.048,,161,,72.4
2287,7.052,,162,,72.2
2288,7.055,,162,,72
2289,7.055,,161,,71.8
2290,7.063,,161,,71.6
2291,7.066,,160,,71.4
2292,7.07,,159,,71.2
2293,7.073,,161,,71
2294,7.078,,160,,70.8
2295,7.082,,158,,70.6
2296,7.087,,158,,70.4
2297,7.09,,158,,70.2
2298,7.094,,158,,70
2299,7.098,,160,,70
2300,7.098,,160,,69.6
2301,7.105,,161,,69.4
2302,7.109,,161,,69.2
2303,7.113,,163,,69.2
2304,7.116,,163,,69
2305,7.119,,163,,68.8
2306,7.123,,163,,68.6
2307,7.126,,162,,68.4
2308,7.128,,162,,68.2
2309,7.131,,161,,68
2310,7.135,,161,,67.8
2311,7.138,,162,,67.6
2312,7.138,,162,,67.4
2313,7.146,,161,,67.2
2314,7.15,,161,,66.8
2315,7.153,,162,,66.6
2316,7.158,,163,,66.6
2317,7.163,,163,,66.2
2318,7.168,,163,,66
2319,7.173,,163,,65.8
2320,7.177,,164,,65.6
2321,7.181,,164,,65.2
2322,7.185,,165,,65
2323,7.185,,164,,64.8
2324,7.193,,162,,64.6
2325,7.196,,160,,64.4
2326,7.2,,162,,64.2
2327,7.205,,163,,64
2328,7.208,,163,,63.6
2329,7.214,,164,,63.4
2330,7.218,,163,,63.2
2331,7.222,,160,,63
2332,7.226,,158,,62.8
2333,7.23,,158,,62.6
2334,7.234,,161,,62.4
2335,7.239,,163,,62.2
