secs,km,power,hr,cad,alt
0,0,,94,,404.6
1,0.00243,,94,,405
2,0.00473,,95.5,,404.8
3,0.00703,,97,,404.6
4,0.00913333,,98,,404.533
5,0.0112367,,99,,404.467
6,0.01334,,100,,404.4
7,0.015875,,101.5,,404.5
8,0.01841,,103,,404.6
9,0.020655,,105,,404.6
10,0.0229,,107,,404.6
11,0.02519,,108,,404.733
12,0.02748,,109,,404.867
13,0.02977,,110,,405
14,0.03184,,111.5,,405
15,0.03391,,113,,405
16,0.0360475,,113.75,,404.95
17,0.038185,,114.5,,404.9
18,0.0403225,,115.25,,404.85
19,0.04246,,116,,404.8
20,0.0444414,,116.429,,404.829
21,0.0464229,,116.857,,404.857
22,0.0484043,,117.286,,404.886
23,0.0503857,,117.714,,404.914
24,0.0523671,,118.143,,404.943
25,0.0543486,,118.571,,404.971
26,0.05633,,119,,405
27,0.058586,,119,,405.02
28,0.060842,,119,,405.04
29,0.063098,,119,,405.06
30,0.065354,,119,,405.08
31,0.06761,,119,,405.1
32,0.069866,,119,,405.12
33,0.072122,,119,,405.14
34,0.074378,,119,,405.16
35,0.076634,,119,,405.18
36,0.07889,,119,,405.2
37,0.0812633,,119.222,,405.222
38,0.0836367,,119.444,,405.244
39,0.08601,,119.667,,405.267
40,0.0883833,,119.889,,405.289
41,0.0907567,,120.111,,405.311
42,0.09313,,120.333,,405.333
43,0.0955033,,120.556,,405.356
44,0.0978767,,120.778,,405.378
45,0.10025,,121,,405.4
46,0.1024,,121.167,,405.433
47,0.10455,,121.333,,405.467
48,0.1067,,121.5,,405.5
49,0.10885,,121.667,,405.533
50,0.111,,121.833,,405.567
51,0.11315,,122,,405.6
52,0.115458,,122.222,,405.644
53,0.117766,,122.444,,405.689
54,0.120073,,122.667,,405.733
55,0.122381,,122.889,,405.778
56,0.124689,,123.111,,405.822
57,0.126997,,123.333,,405.867
58,0.129304,,123.556,,405.911
59,0.131612,,123.778,,405.956
60,0.13392,,124,,406
61,0.136224,,124.111,,406.044
62,0.138529,,124.222,,406.089
63,0.140833,,124.333,,406.133
64,0.143138,,124.444,,406.178
65,0.145442,,124.556,,406.222
66,0.147747,,124.667,,406.267
67,0.150051,,124.778,,406.311
68,0.152356,,124.889,,406.356
69,0.15466,,125,,406.4
70,0.156811,,125,,406.42
71,0.158962,,125,,406.44
72,0.161113,,125,,406.46
73,0.163264,,125,,406.48
74,0.165415,,125,,406.5
75,0.167566,,125,,406.52
76,0.169717,,125,,406.54
77,0.171868,,125,,406.56
78,0.174019,,125,,406.58
79,0.17617,,125,,406.6
80,0.17807,,124.5,,406.6
81,0.17997,,124,,406.6
82,0.18216,,123.9,,406.62
83,0.18435,,123.8,,406.64
84,0.18654,,123.7,,406.66
85,0.18873,,123.6,,406.68
86,0.19092,,123.5,,406.7
87,0.19311,,123.4,,406.72
88,0.1953,,123.3,,406.74
89,0.19749,,123.2,,406.76
90,0.19968,,123.1,,406.78
91,0.20187,,123,,406.8
92,0.20434,,123.111,,406.822
93,0.20681,,123.222,,406.844
94,0.20928,,123.333,,406.867
95,0.21175,,123.444,,406.889
96,0.21422,,123.556,,406.911
97,0.21669,,123.667,,406.933
98,0.21916,,123.778,,406.956
99,0.22163,,123.889,,406.978
100,0.2241,,124,,407
101,0.226514,,124,,407.022
102,0.228929,,124,,407.044
103,0.231343,,124,,407.067
104,0.233758,,124,,407.089
105,0.236172,,124,,407.111
106,0.238587,,124,,407.133
107,0.241001,,124,,407.156
108,0.243416,,124,,407.178
109,0.24583,,124,,407.2
110,0.248216,,124.111,,407.222
111,0.250601,,124.222,,407.244
112,0.252987,,124.333,,407.267
113,0.255372,,124.444,,407.289
114,0.257758,,124.556,,407.311
115,0.260143,,124.667,,407.333
116,0.262529,,124.778,,407.356
117,0.264914,,124.889,,407.378
118,0.2673,,125,,407.4
119,0.269639,,125.111,,407.4
120,0.271978,,125.222,,407.4
121,0.274317,,125.333,,407.4
122,0.276656,,125.444,,407.4
123,0.278994,,125.556,,407.4
124,0.281333,,125.667,,407.4
125,0.283672,,125.778,,407.4
126,0.286011,,125.889,,407.4
127,0.28835,,126,,407.4
128,0.290612,,125.889,,407.4
129,0.292874,,125.778,,407.4
130,0.295137,,125.667,,407.4
131,0.297399,,125.556,,407.4
132,0.299661,,125.444,,407.4
133,0.301923,,125.333,,407.4
134,0.304186,,125.222,,407.4
135,0.306448,,125.111,,407.4
136,0.30871,,125,,407.4
137,0.310812,,125.111,,407.422
138,0.312914,,125.222,,407.444
139,0.315017,,125.333,,407.467
140,0.317119,,125.444,,407.489
141,0.319221,,125.556,,407.511
142,0.321323,,125.667,,407.533
143,0.323426,,125.778,,407.556
144,0.325528,,125.889,,407.578
145,0.32763,,126,,407.6
146,0.329745,,126.1,,407.64
147,0.33186,,126.2,,407.68
148,0.333975,,126.3,,407.72
149,0.33609,,126.4,,407.76
150,0.338205,,126.5,,407.8
151,0.34032,,126.6,,407.84
152,0.342435,,126.7,,407.88
153,0.34455,,126.8,,407.92
154,0.346665,,126.9,,407.96
155,0.34878,,127,,408
156,0.350865,,127,,408
157,0.35295,,127,,408
158,0.355035,,127,,408
159,0.35712,,127,,408
160,0.359205,,127,,408
161,0.36129,,127,,408
162,0.363375,,127,,408
163,0.36546,,127,,408
164,0.367545,,127,,408
165,0.36963,,127,,408
166,0.371848,,127.1,,408.02
167,0.374066,,127.2,,408.04
168,0.376284,,127.3,,408.06
169,0.378502,,127.4,,408.08
170,0.38072,,127.5,,408.1
171,0.382938,,127.6,,408.12
172,0.385156,,127.7,,408.14
173,0.387374,,127.8,,408.16
174,0.389592,,127.9,,408.18
175,0.39181,,128,,408.2
176,0.39395,,127.9,,408.26
177,0.39609,,127.8,,408.32
178,0.39823,,127.7,,408.38
179,0.40037,,127.6,,408.44
180,0.40251,,127.5,,408.5
181,0.40465,,127.4,,408.56
182,0.40679,,127.3,,408.62
183,0.40893,,127.2,,408.68
184,0.41107,,127.1,,408.74
185,0.41321,,127,,408.8
186,0.41532,,127,,408.88
187,0.41743,,127,,408.96
188,0.41954,,127,,409.04
189,0.42165,,127,,409.12
190,0.42376,,127,,409.2
191,0.42587,,127,,409.28
192,0.42798,,127,,409.36
193,0.43009,,127,,409.44
194,0.4322,,127,,409.52
195,0.43431,,127,,409.6
196,0.436447,,127,,409.667
197,0.438583,,127,,409.733
198,0.44072,,127,,409.8
199,0.442761,,127.2,,409.92
200,0.444802,,127.4,,410.04
201,0.446843,,127.6,,410.16
202,0.448884,,127.8,,410.28
203,0.450925,,128,,410.4
204,0.452966,,128.2,,410.52
205,0.455007,,128.4,,410.64
206,0.457048,,128.6,,410.76
207,0.459089,,128.8,,410.88
208,0.46113,,129,,411
209,0.463255,,129.375,,411.15
210,0.46538,,129.75,,411.3
211,0.467505,,130.125,,411.45
212,0.46963,,130.5,,411.6
213,0.471755,,130.875,,411.75
214,0.47388,,131.25,,411.9
215,0.476005,,131.625,,412.05
216,0.47813,,132,,412.2
217,0.480196,,132.25,,412.325
218,0.482262,,132.5,,412.45
219,0.484329,,132.75,,412.575
220,0.486395,,133,,412.7
221,0.488461,,133.25,,412.825
222,0.490528,,133.5,,412.95
223,0.492594,,133.75,,413.075
224,0.49466,,134,,413.2
225,0.496788,,133.9,,413.28
226,0.498916,,133.8,,413.36
227,0.501044,,133.7,,413.44
228,0.503172,,133.6,,413.52
229,0.5053,,133.5,,413.6
230,0.507428,,133.4,,413.68
231,0.509556,,133.3,,413.76
232,0.511684,,133.2,,413.84
233,0.513812,,133.1,,413.92
234,0.51594,,133,,414
235,0.51798,,133,,414.067
236,0.52002,,133,,414.133
237,0.52206,,133,,414.2
238,0.524204,,132.9,,414.28
239,0.526348,,132.8,,414.36
240,0.528492,,132.7,,414.44
241,0.530636,,132.6,,414.52
242,0.53278,,132.5,,414.6
243,0.534924,,132.4,,414.68
244,0.537068,,132.3,,414.76
245,0.539212,,132.2,,414.84
246,0.541356,,132.1,,414.92
247,0.5435,,132,,415
248,0.545647,,132,,415.02
249,0.547794,,132,,415.04
250,0.549941,,132,,415.06
251,0.552088,,132,,415.08
252,0.554235,,132,,415.1
253,0.556382,,132,,415.12
254,0.558529,,132,,415.14
255,0.560676,,132,,415.16
256,0.562823,,132,,415.18
257,0.56497,,132,,415.2
258,0.567056,,131.9,,415.26
259,0.569142,,131.8,,415.32
260,0.571228,,131.7,,415.38
261,0.573314,,131.6,,415.44
262,0.5754,,131.5,,415.5
263,0.577486,,131.4,,415.56
264,0.579572,,131.3,,415.62
265,0.581658,,131.2,,415.68
266,0.583744,,131.1,,415.74
267,0.58583,,131,,415.8
268,0.58796,,131.143,,415.886
269,0.59009,,131.286,,415.971
270,0.59222,,131.429,,416.057
271,0.59435,,131.571,,416.143
272,0.59648,,131.714,,416.229
273,0.59861,,131.857,,416.314
274,0.60074,,132,,416.4
275,0.602841,,132,,416.48
276,0.604942,,132,,416.56
277,0.607043,,132,,416.64
278,0.609144,,132,,416.72
279,0.611245,,132,,416.8
280,0.613346,,132,,416.88
281,0.615447,,132,,416.96
282,0.617548,,132,,417.04
283,0.619649,,132,,417.12
284,0.62175,,132,,417.2
285,0.62364,,132,,417.3
286,0.62553,,132,,417.4
287,0.627495,,132,,417.455
288,0.629461,,132,,417.509
289,0.631426,,132,,417.564
290,0.633392,,132,,417.618
291,0.635357,,132,,417.673
292,0.637323,,132,,417.727
293,0.639288,,132,,417.782
294,0.641254,,132,,417.836
295,0.643219,,132,,417.891
296,0.645185,,132,,417.945
297,0.64715,,132,,418
298,0.649755,,131.875,,418.025
299,0.65236,,131.75,,418.05
300,0.654965,,131.625,,418.075
301,0.65757,,131.5,,418.1
302,0.660175,,131.375,,418.125
303,0.66278,,131.25,,418.15
304,0.665385,,131.125,,418.175
305,0.66799,,131,,418.2
306,0.670315,,131,,418.3
307,0.67264,,131,,418.4
308,0.674853,,131.1,,418.44
309,0.677066,,131.2,,418.48
310,0.679279,,131.3,,418.52
311,0.681492,,131.4,,418.56
312,0.683705,,131.5,,418.6
313,0.685918,,131.6,,418.64
314,0.688131,,131.7,,418.68
315,0.690344,,131.8,,418.72
316,0.692557,,131.9,,418.76
317,0.69477,,132,,418.8
318,0.696994,,131.857,,418.886
319,0.699219,,131.714,,418.971
320,0.701443,,131.571,,419.057
321,0.703667,,131.429,,419.143
322,0.705891,,131.286,,419.229
323,0.708116,,131.143,,419.314
324,0.71034,,131,,419.4
325,0.712596,,131,,419.422
326,0.714851,,131,,419.444
327,0.717107,,131,,419.467
328,0.719362,,131,,419.489
329,0.721618,,131,,419.511
330,0.723873,,131,,419.533
331,0.726129,,131,,419.556
332,0.728384,,131,,419.578
333,0.73064,,131,,419.6
334,0.732882,,130.889,,419.6
335,0.735124,,130.778,,419.6
336,0.737367,,130.667,,419.6
337,0.739609,,130.556,,419.6
338,0.741851,,130.444,,419.6
339,0.744093,,130.333,,419.6
340,0.746336,,130.222,,419.6
341,0.748578,,130.111,,419.6
342,0.75082,,130,,419.6
343,0.752997,,129.9,,419.62
344,0.755174,,129.8,,419.64
345,0.757351,,129.7,,419.66
346,0.759528,,129.6,,419.68
347,0.761705,,129.5,,419.7
348,0.763882,,129.4,,419.72
349,0.766059,,129.3,,419.74
350,0.768236,,129.2,,419.76
351,0.770413,,129.1,,419.78
352,0.77259,,129,,419.8
353,0.774703,,129,,419.8
354,0.776816,,129,,419.8
355,0.778929,,129,,419.8
356,0.781042,,129,,419.8
357,0.783155,,129,,419.8
358,0.785268,,129,,419.8
359,0.787381,,129,,419.8
360,0.789494,,129,,419.8
361,0.791607,,129,,419.8
362,0.79372,,129,,419.8
363,0.795819,,129.1,,419.82
364,0.797918,,129.2,,419.84
365,0.800017,,129.3,,419.86
366,0.802116,,129.4,,419.88
367,0.804215,,129.5,,419.9
368,0.806314,,129.6,,419.92
369,0.808413,,129.7,,419.94
370,0.810512,,129.8,,419.96
371,0.812611,,129.9,,419.98
372,0.81471,,130,,420
373,0.816897,,129.889,,420.044
374,0.819083,,129.778,,420.089
375,0.82127,,129.667,,420.133
376,0.823457,,129.556,,420.178
377,0.825643,,129.444,,420.222
378,0.82783,,129.333,,420.267
379,0.830017,,129.222,,420.311
380,0.832203,,129.111,,420.356
381,0.83439,,129,,420.4
382,0.83648,,129.1,,420.44
383,0.83857,,129.2,,420.48
384,0.84066,,129.3,,420.52
385,0.84275,,129.4,,420.56
386,0.84484,,129.5,,420.6
387,0.84693,,129.6,,420.64
388,0.84902,,129.7,,420.68
389,0.85111,,129.8,,420.72
390,0.8532,,129.9,,420.76
391,0.85529,,130,,420.8
392,0.857485,,130,,420.84
393,0.85968,,130,,420.88
394,0.861875,,130,,420.92
395,0.86407,,130,,420.96
396,0.866265,,130,,421
397,0.86846,,130,,421.04
398,0.870655,,130,,421.08
399,0.87285,,130,,421.12
400,0.875045,,130,,421.16
401,0.87724,,130,,421.2
402,0.879372,,130,,421.24
403,0.881504,,130,,421.28
404,0.883636,,130,,421.32
405,0.885768,,130,,421.36
406,0.8879,,130,,421.4
407,0.890028,,130,,421.46
408,0.892156,,130,,421.52
409,0.894284,,130,,421.58
410,0.896412,,130,,421.64
411,0.89854,,130,,421.7
412,0.900668,,130,,421.76
413,0.902796,,130,,421.82
414,0.904924,,130,,421.88
415,0.907052,,130,,421.94
416,0.90918,,130,,422
417,0.911333,,130.333,,422.067
418,0.913487,,130.667,,422.133
419,0.91564,,131,,422.2
420,0.917793,,131.333,,422.267
421,0.919947,,131.667,,422.333
422,0.9221,,132,,422.4
423,0.92424,,132,,422.44
424,0.92638,,132,,422.48
425,0.92852,,132,,422.52
426,0.93066,,132,,422.56
427,0.9328,,132,,422.6
428,0.93494,,132,,422.64
429,0.93708,,132,,422.68
430,0.93922,,132,,422.72
431,0.94136,,132,,422.76
432,0.9435,,132,,422.8
433,0.945658,,132,,422.867
434,0.947816,,132,,422.933
435,0.949973,,132,,423
436,0.952131,,132,,423.067
437,0.954289,,132,,423.133
438,0.956447,,132,,423.2
439,0.958604,,132,,423.267
440,0.960762,,132,,423.333
441,0.96292,,132,,423.4
442,0.965022,,132.1,,423.44
443,0.967124,,132.2,,423.48
444,0.969226,,132.3,,423.52
445,0.971328,,132.4,,423.56
446,0.97343,,132.5,,423.6
447,0.975532,,132.6,,423.64
448,0.977634,,132.7,,423.68
449,0.979736,,132.8,,423.72
450,0.981838,,132.9,,423.76
451,0.98394,,133,,423.8
452,0.986086,,133.143,,423.857
453,0.988231,,133.286,,423.914
454,0.990377,,133.429,,423.971
455,0.992523,,133.571,,424.029
456,0.994669,,133.714,,424.086
457,0.996814,,133.857,,424.143
458,0.99896,,134,,424.2
459,1.00108,,134,,424.267
460,1.00319,,134,,424.333
461,1.00531,,134,,424.4
462,1.00743,,134.1,,424.46
463,1.00956,,134.2,,424.52
464,1.01168,,134.3,,424.58
465,1.01381,,134.4,,424.64
466,1.01594,,134.5,,424.7
467,1.01806,,134.6,,424.76
468,1.02018,,134.7,,424.82
469,1.02231,,134.8,,424.88
470,1.02443,,134.9,,424.94
471,1.02656,,135,,425
472,1.0287,,135,,425.1
473,1.03084,,135,,425.2
474,1.03298,,135,,425.3
475,1.03513,,135,,425.4
476,1.03727,,135,,425.5
477,1.03941,,135,,425.6
478,1.04153,,134.5,,425.667
479,1.04364,,134,,425.733
480,1.04576,,133.5,,425.8
481,1.04788,,133,,425.867
482,1.04999,,132.5,,425.933
483,1.05211,,132,,426
484,1.05422,,132.1,,426.04
485,1.05633,,132.2,,426.08
486,1.05844,,132.3,,426.12
487,1.06055,,132.4,,426.16
488,1.06265,,132.5,,426.2
489,1.06476,,132.6,,426.24
490,1.06687,,132.7,,426.28
491,1.06898,,132.8,,426.32
492,1.07109,,132.9,,426.36
493,1.0732,,133,,426.4
494,1.07548,,133,,426.467
495,1.07775,,133,,426.533
496,1.08003,,133,,426.6
497,1.08215,,133,,426.66
498,1.08427,,133,,426.72
499,1.0864,,133,,426.78
500,1.08852,,133,,426.84
501,1.09064,,133,,426.9
502,1.09276,,133,,426.96
503,1.09488,,133,,427.02
504,1.09701,,133,,427.08
505,1.09913,,133,,427.14
506,1.10125,,133,,427.2
507,1.10332,,132.889,,427.244
508,1.10539,,132.778,,427.289
509,1.10746,,132.667,,427.333
510,1.10953,,132.556,,427.378
511,1.11159,,132.444,,427.422
512,1.11366,,132.333,,427.467
513,1.11573,,132.222,,427.511
514,1.1178,,132.111,,427.556
515,1.11987,,132,,427.6
516,1.12193,,132,,427.66
517,1.12399,,132,,427.72
518,1.12605,,132,,427.78
519,1.12811,,132,,427.84
520,1.13016,,132,,427.9
521,1.13222,,132,,427.96
522,1.13428,,132,,428.02
523,1.13634,,132,,428.08
524,1.1384,,132,,428.14
525,1.14046,,132,,428.2
526,1.14271,,132,,428.28
527,1.14496,,132,,428.36
528,1.1472,,132,,428.44
529,1.14945,,132,,428.52
530,1.1517,,132,,428.6
531,1.15383,,132,,428.68
532,1.15596,,132,,428.76
533,1.15808,,132,,428.84
534,1.16021,,132,,428.92
535,1.16234,,132,,429
536,1.16447,,132,,429.08
537,1.1666,,132,,429.16
538,1.16872,,132,,429.24
539,1.17085,,132,,429.32
540,1.17298,,132,,429.4
541,1.17513,,132.125,,429.45
542,1.17728,,132.25,,429.5
543,1.17944,,132.375,,429.55
544,1.18159,,132.5,,429.6
545,1.18374,,132.625,,429.65
546,1.18589,,132.75,,429.7
547,1.18805,,132.875,,429.75
548,1.1902,,133,,429.8
549,1.19242,,132.889,,429.867
550,1.19465,,132.778,,429.933
551,1.19687,,132.667,,430
552,1.1991,,132.556,,430.067
553,1.20132,,132.444,,430.133
554,1.20355,,132.333,,430.2
555,1.20577,,132.222,,430.267
556,1.208,,132.111,,430.333
557,1.21022,,132,,430.4
558,1.21245,,132,,430.422
559,1.21467,,132,,430.444
560,1.2169,,132,,430.467
561,1.21912,,132,,430.489
562,1.22135,,132,,430.511
563,1.22357,,132,,430.533
564,1.2258,,132,,430.556
565,1.22802,,132,,430.578
566,1.23025,,132,,430.6
567,1.23239,,132,,430.7
568,1.23454,,132,,430.8
569,1.23668,,131.8,,430.78
570,1.23882,,131.6,,430.76
571,1.24096,,131.4,,430.74
572,1.2431,,131.2,,430.72
573,1.24524,,131,,430.7
574,1.24738,,130.8,,430.68
575,1.24952,,130.6,,430.66
576,1.25166,,130.4,,430.64
577,1.2538,,130.2,,430.62
578,1.25594,,130,,430.6
579,1.25812,,129.7,,430.56
580,1.2603,,129.4,,430.52
581,1.26249,,129.1,,430.48
582,1.26467,,128.8,,430.44
583,1.26685,,128.5,,430.4
584,1.26903,,128.2,,430.36
585,1.27121,,127.9,,430.32
586,1.2734,,127.6,,430.28
587,1.27558,,127.3,,430.24
588,1.27776,,127,,430.2
589,1.27997,,126.833,,430.133
590,1.28218,,126.667,,430.067
591,1.28439,,126.5,,430
592,1.28661,,126.333,,429.933
593,1.28882,,126.167,,429.867
594,1.29103,,126,,429.8
595,1.29313,,125.571,,429.743
596,1.29524,,125.143,,429.686
597,1.29734,,124.714,,429.629
598,1.29944,,124.286,,429.571
599,1.30154,,123.857,,429.514
600,1.30365,,123.429,,429.457
601,1.30575,,123,,429.4
602,1.30796,,122.8,,429.34
603,1.31017,,122.6,,429.28
604,1.31237,,122.4,,429.22
605,1.31458,,122.2,,429.16
606,1.31679,,122,,429.1
607,1.319,,121.8,,429.04
608,1.32121,,121.6,,428.98
609,1.32341,,121.4,,428.92
610,1.32562,,121.2,,428.86
611,1.32783,,121,,428.8
612,1.33021,,121,,428.7
613,1.3326,,121,,428.6
614,1.33471,,120.857,,428.457
615,1.33683,,120.714,,428.314
616,1.33894,,120.571,,428.171
617,1.34106,,120.429,,428.029
618,1.34317,,120.286,,427.886
619,1.34529,,120.143,,427.743
620,1.3474,,120,,427.6
621,1.34966,,120.125,,427.45
622,1.35192,,120.25,,427.3
623,1.35418,,120.375,,427.15
624,1.35644,,120.5,,427
625,1.3587,,120.625,,426.85
626,1.36096,,120.75,,426.7
627,1.36322,,120.875,,426.55
628,1.36548,,121,,426.4
629,1.36765,,121,,426.32
630,1.36983,,121,,426.24
631,1.372,,121,,426.16
632,1.37418,,121,,426.08
633,1.37635,,121,,426
634,1.37853,,121,,425.92
635,1.3807,,121,,425.84
636,1.38288,,121,,425.76
637,1.38505,,121,,425.68
638,1.38723,,121,,425.6
639,1.38935,,121.5,,425.5
640,1.39147,,122,,425.4
641,1.39374,,122.111,,425.378
642,1.396,,122.222,,425.356
643,1.39827,,122.333,,425.333
644,1.40054,,122.444,,425.311
645,1.4028,,122.556,,425.289
646,1.40507,,122.667,,425.267
647,1.40734,,122.778,,425.244
648,1.4096,,122.889,,425.222
649,1.41187,,123,,425.2
650,1.41409,,123.222,,425.133
651,1.41632,,123.444,,425.067
652,1.41854,,123.667,,425
653,1.42076,,123.889,,424.933
654,1.42299,,124.111,,424.867
655,1.42521,,124.333,,424.8
656,1.42743,,124.556,,424.733
657,1.42966,,124.778,,424.667
658,1.43188,,125,,424.6
659,1.43399,,125,,424.5
660,1.4361,,125,,424.4
661,1.43836,,125.222,,424.356
662,1.44061,,125.444,,424.311
663,1.44287,,125.667,,424.267
664,1.44513,,125.889,,424.222
665,1.44738,,126.111,,424.178
666,1.44964,,126.333,,424.133
667,1.4519,,126.556,,424.089
668,1.45415,,126.778,,424.044
669,1.45641,,127,,424
670,1.45868,,127.222,,424.044
671,1.46095,,127.444,,424.089
672,1.46322,,127.667,,424.133
673,1.46549,,127.889,,424.178
674,1.46775,,128.111,,424.222
675,1.47002,,128.333,,424.267
676,1.47229,,128.556,,424.311
677,1.47456,,128.778,,424.356
678,1.47683,,129,,424.4
679,1.47913,,129.5,,424.533
680,1.48142,,130,,424.667
681,1.48372,,130.5,,424.8
682,1.48602,,131,,424.933
683,1.48831,,131.5,,425.067
684,1.49061,,132,,425.2
685,1.4929,,132.667,,425.267
686,1.4952,,133.333,,425.333
687,1.49749,,134,,425.4
688,1.49942,,134.286,,425.571
689,1.50135,,134.571,,425.743
690,1.50328,,134.857,,425.914
691,1.50521,,135.143,,426.086
692,1.50714,,135.429,,426.257
693,1.50907,,135.714,,426.429
694,1.511,,136,,426.6
695,1.51303,,136,,426.767
696,1.51506,,136,,426.933
697,1.51709,,136,,427.1
698,1.51913,,136,,427.267
699,1.52116,,136,,427.433
700,1.52319,,136,,427.6
701,1.5253,,136,,427.771
702,1.52741,,136,,427.943
703,1.52952,,136,,428.114
704,1.53163,,136,,428.286
705,1.53374,,136,,428.457
706,1.53585,,136,,428.629
707,1.53796,,136,,428.8
708,1.53991,,136.2,,428.9
709,1.54186,,136.4,,429
710,1.54381,,136.6,,429.1
711,1.54576,,136.8,,429.2
712,1.54771,,137,,429.3
713,1.54967,,137.2,,429.4
714,1.55162,,137.4,,429.5
715,1.55357,,137.6,,429.6
716,1.55552,,137.8,,429.7
717,1.55747,,138,,429.8
718,1.55957,,138.167,,430
719,1.56167,,138.333,,430.2
720,1.56377,,138.5,,430.4
721,1.56588,,138.667,,430.6
722,1.56798,,138.833,,430.8
723,1.57008,,139,,431
724,1.57213,,139.167,,431.2
725,1.57418,,139.333,,431.4
726,1.57623,,139.5,,431.6
727,1.57829,,139.667,,431.8
728,1.58034,,139.833,,432
729,1.58239,,140,,432.2
730,1.58443,,140,,432.371
731,1.58647,,140,,432.543
732,1.58851,,140,,432.714
733,1.59056,,140,,432.886
734,1.5926,,140,,433.057
735,1.59464,,140,,433.229
736,1.59668,,140,,433.4
737,1.59853,,140.2,,433.6
738,1.60038,,140.4,,433.8
739,1.60222,,140.6,,434
740,1.60407,,140.8,,434.2
741,1.60592,,141,,434.4
742,1.60799,,141.2,,434.6
743,1.61007,,141.4,,434.8
744,1.61214,,141.6,,435
745,1.61422,,141.8,,435.2
746,1.61629,,142,,435.4
747,1.61838,,142.143,,435.543
748,1.62047,,142.286,,435.686
749,1.62256,,142.429,,435.829
750,1.62465,,142.571,,435.971
751,1.62674,,142.714,,436.114
752,1.62883,,142.857,,436.257
753,1.63092,,143,,436.4
754,1.63307,,142.833,,436.6
755,1.63522,,142.667,,436.8
756,1.63736,,142.5,,437
757,1.63951,,142.333,,437.2
758,1.64166,,142.167,,437.4
759,1.64381,,142,,437.6
760,1.64612,,141.889,,437.622
761,1.64843,,141.778,,437.644
762,1.65073,,141.667,,437.667
763,1.65304,,141.556,,437.689
764,1.65535,,141.444,,437.711
765,1.65766,,141.333,,437.733
766,1.65996,,141.222,,437.756
767,1.66227,,141.111,,437.778
768,1.66458,,141,,437.8
769,1.66693,,140.571,,437.657
770,1.66928,,140.143,,437.514
771,1.67163,,139.714,,437.371
772,1.67397,,139.286,,437.229
773,1.67632,,138.857,,437.086
774,1.67867,,138.429,,436.943
775,1.68102,,138,,436.8
776,1.6833,,137.5,,436.6
777,1.68558,,137,,436.4
778,1.68781,,136.667,,436.067
779,1.69005,,136.333,,435.733
780,1.69228,,136,,435.4
781,1.69462,,135.8,,435.16
782,1.69695,,135.6,,434.92
783,1.69929,,135.4,,434.68
784,1.70162,,135.2,,434.44
785,1.70396,,135,,434.2
786,1.70658,,134.667,,433.8
787,1.70919,,134.333,,433.4
788,1.71181,,134,,433
789,1.71406,,133.75,,432.7
790,1.7163,,133.5,,432.4
791,1.71855,,133.25,,432.1
792,1.7208,,133,,431.8
793,1.72318,,133,,431.4
794,1.72557,,133,,431
795,1.72795,,133,,430.6
796,1.7298,,132.75,,430.2
797,1.73166,,132.5,,429.8
798,1.73351,,132.25,,429.4
799,1.73537,,132,,429
800,1.7375,,131.667,,428.667
801,1.73962,,131.333,,428.333
802,1.74175,,131,,428
803,1.74381,,131,,427.75
804,1.74588,,131,,427.5
805,1.74794,,131,,427.25
806,1.75,,131,,427
807,1.75224,,131,,426.889
808,1.75448,,131,,426.778
809,1.75672,,131,,426.667
810,1.75896,,131,,426.556
811,1.76119,,131,,426.444
812,1.76343,,131,,426.333
813,1.76567,,131,,426.222
814,1.76791,,131,,426.111
815,1.77015,,131,,426
816,1.77263,,131,,425.8
817,1.77497,,130.25,,425.7
818,1.77731,,129.5,,425.6
819,1.77966,,128.75,,425.5
820,1.782,,128,,425.4
821,1.78438,,127.571,,425.286
822,1.78675,,127.143,,425.171
823,1.78913,,126.714,,425.057
824,1.7915,,126.286,,424.943
825,1.79388,,125.857,,424.829
826,1.79625,,125.429,,424.714
827,1.79863,,125,,424.6
828,1.80098,,125,,424.35
829,1.80333,,125,,424.1
830,1.80568,,125,,423.85
831,1.80803,,125,,423.6
832,1.81037,,125.143,,423.429
833,1.81272,,125.286,,423.257
834,1.81506,,125.429,,423.086
835,1.8174,,125.571,,422.914
836,1.81974,,125.714,,422.743
837,1.82209,,125.857,,422.571
838,1.82443,,126,,422.4
839,1.82677,,126.25,,422.275
840,1.8291,,126.5,,422.15
841,1.83144,,126.75,,422.025
842,1.83378,,127,,421.9
843,1.83612,,127.25,,421.775
844,1.83845,,127.5,,421.65
845,1.84079,,127.75,,421.525
846,1.84313,,128,,421.4
847,1.84549,,128,,421.311
848,1.84784,,128,,421.222
849,1.8502,,128,,421.133
850,1.85256,,128,,421.044
851,1.85491,,128,,420.956
852,1.85727,,128,,420.867
853,1.85963,,128,,420.778
854,1.86198,,128,,420.689
855,1.86434,,128,,420.6
856,1.86671,,127.667,,420.533
857,1.86908,,127.333,,420.467
858,1.87145,,127,,420.4
859,1.87385,,126.8,,420.2
860,1.87625,,126.6,,420
861,1.87865,,126.4,,419.8
862,1.88105,,126.2,,419.6
863,1.88345,,126,,419.4
864,1.88578,,125.857,,419.229
865,1.88811,,125.714,,419.057
866,1.89044,,125.571,,418.886
867,1.89278,,125.429,,418.714
868,1.89511,,125.286,,418.543
869,1.89744,,125.143,,418.371
870,1.89977,,125,,418.2
871,1.90241,,125.25,,417.85
872,1.90506,,125.5,,417.5
873,1.9077,,125.75,,417.15
874,1.91035,,126,,416.8
875,1.91246,,126.5,,416.3
876,1.91457,,127,,415.8
877,1.9171,,126.75,,415.55
878,1.91963,,126.5,,415.3
879,1.92216,,126.25,,415.05
880,1.92469,,126,,414.8
881,1.927,,126,,414.6
882,1.9293,,126,,414.4
883,1.93161,,126,,414.2
884,1.93391,,126,,414
885,1.93622,,126,,413.8
886,1.93858,,126,,413.4
887,1.94095,,126,,413
888,1.94331,,126,,412.6
889,1.9453,,125.667,,412.2
890,1.94729,,125.333,,411.8
891,1.94928,,125,,411.4
892,1.95171,,124.75,,411.15
893,1.95413,,124.5,,410.9
894,1.95656,,124.25,,410.65
895,1.95899,,124,,410.4
896,1.96123,,123.667,,410.233
897,1.96346,,123.333,,410.067
898,1.9657,,123,,409.9
899,1.96794,,122.667,,409.733
900,1.97017,,122.333,,409.567
901,1.97241,,122,,409.4
902,1.97473,,121.889,,409.333
903,1.97704,,121.778,,409.267
904,1.97936,,121.667,,409.2
905,1.98168,,121.556,,409.133
906,1.98399,,121.444,,409.067
907,1.98631,,121.333,,409
908,1.98863,,121.222,,408.933
909,1.99094,,121.111,,408.867
910,1.99326,,121,,408.8
911,1.99575,,121,,408.7
912,1.99825,,121,,408.6
913,2.0006,,120.889,,408.578
914,2.00295,,120.778,,408.556
915,2.00529,,120.667,,408.533
916,2.00764,,120.556,,408.511
917,2.00999,,120.444,,408.489
918,2.01234,,120.333,,408.467
919,2.01468,,120.222,,408.444
920,2.01703,,120.111,,408.422
921,2.01938,,120,,408.4
922,2.02151,,121,,408.2
923,2.02348,,120.7,,408.16
924,2.02545,,120.4,,408.12
925,2.02742,,120.1,,408.08
926,2.02939,,119.8,,408.04
927,2.03137,,119.5,,408
928,2.03334,,119.2,,407.96
929,2.03531,,118.9,,407.92
930,2.03728,,118.6,,407.88
931,2.03925,,118.3,,407.84
932,2.04122,,118,,407.8
933,2.04331,,117.889,,407.733
934,2.04541,,117.778,,407.667
935,2.0475,,117.667,,407.6
936,2.04959,,117.556,,407.533
937,2.05169,,117.444,,407.467
938,2.05378,,117.333,,407.4
939,2.05587,,117.222,,407.333
940,2.05797,,117.111,,407.267
941,2.06006,,117,,407.2
942,2.06233,,117.222,,407.133
943,2.06459,,117.444,,407.067
944,2.06686,,117.667,,407
945,2.06913,,117.889,,406.933
946,2.07139,,118.111,,406.867
947,2.07366,,118.333,,406.8
948,2.07593,,118.556,,406.733
949,2.07819,,118.778,,406.667
950,2.08046,,119,,406.6
951,2.08278,,119.429,,406.571
952,2.0851,,119.857,,406.543
953,2.08742,,120.286,,406.514
954,2.08974,,120.714,,406.486
955,2.09206,,121.143,,406.457
956,2.09438,,121.571,,406.429
957,2.0967,,122,,406.4
958,2.09894,,122.1,,406.4
959,2.10118,,122.2,,406.4
960,2.10341,,122.3,,406.4
961,2.10565,,122.4,,406.4
962,2.10789,,122.5,,406.4
963,2.11013,,122.6,,406.4
964,2.11237,,122.7,,406.4
965,2.1146,,122.8,,406.4
966,2.11684,,122.9,,406.4
967,2.11908,,123,,406.4
968,2.12135,,123,,406.422
969,2.12362,,123,,406.444
970,2.12588,,123,,406.467
971,2.12815,,123,,406.489
972,2.13042,,123,,406.511
973,2.13269,,123,,406.533
974,2.13495,,123,,406.556
975,2.13722,,123,,406.578
976,2.13949,,123,,406.6
977,2.14163,,122.8,,406.58
978,2.14377,,122.6,,406.56
979,2.14592,,122.4,,406.54
980,2.14806,,122.2,,406.52
981,2.1502,,122,,406.5
982,2.15234,,121.8,,406.48
983,2.15448,,121.6,,406.46
984,2.15663,,121.4,,406.44
985,2.15877,,121.2,,406.42
986,2.16091,,121,,406.4
987,2.16313,,121,,406.333
988,2.16534,,121,,406.267
989,2.16756,,121,,406.2
990,2.16978,,121.1,,406.18
991,2.172,,121.2,,406.16
992,2.17422,,121.3,,406.14
993,2.17644,,121.4,,406.12
994,2.17867,,121.5,,406.1
995,2.18089,,121.6,,406.08
996,2.18311,,121.7,,406.06
997,2.18533,,121.8,,406.04
998,2.18755,,121.9,,406.02
999,2.18977,,122,,406
1000,2.19205,,122.111,,406
1001,2.19432,,122.222,,406
1002,2.1966,,122.333,,406
1003,2.19888,,122.444,,406
1004,2.20115,,122.556,,406
1005,2.20343,,122.667,,406
1006,2.20571,,122.778,,406
1007,2.20798,,122.889,,406
1008,2.21026,,123,,406
1009,2.21251,,123.111,,406
1010,2.21475,,123.222,,406
1011,2.217,,123.333,,406
1012,2.21924,,123.444,,406
1013,2.22149,,123.556,,406
1014,2.22373,,123.667,,406
1015,2.22598,,123.778,,406
1016,2.22822,,123.889,,406
1017,2.23047,,124,,406
1018,2.23257,,124.1,,406.02
1019,2.23467,,124.2,,406.04
1020,2.23678,,124.3,,406.06
1021,2.23888,,124.4,,406.08
1022,2.24098,,124.5,,406.1
1023,2.24308,,124.6,,406.12
1024,2.24518,,124.7,,406.14
1025,2.24729,,124.8,,406.16
1026,2.24939,,124.9,,406.18
1027,2.25149,,125,,406.2
1028,2.25366,,125,,406.22
1029,2.25583,,125,,406.24
1030,2.258,,125,,406.26
1031,2.26017,,125,,406.28
1032,2.26234,,125,,406.3
1033,2.26451,,125,,406.32
1034,2.26668,,125,,406.34
1035,2.26885,,125,,406.36
1036,2.27102,,125,,406.38
1037,2.27319,,125,,406.4
1038,2.27536,,125,,406.38
1039,2.27753,,125,,406.36
1040,2.2797,,125,,406.34
1041,2.28187,,125,,406.32
1042,2.28403,,125,,406.3
1043,2.2862,,125,,406.28
1044,2.28837,,125,,406.26
1045,2.29054,,125,,406.24
1046,2.29271,,125,,406.22
1047,2.29488,,125,,406.2
1048,2.29686,,125.091,,406.164
1049,2.29883,,125.182,,406.127
1050,2.30081,,125.273,,406.091
1051,2.30278,,125.364,,406.055
1052,2.30476,,125.455,,406.018
1053,2.30673,,125.545,,405.982
1054,2.30871,,125.636,,405.945
1055,2.31068,,125.727,,405.909
1056,2.31266,,125.818,,405.873
1057,2.31463,,125.909,,405.836
1058,2.31661,,126,,405.8
1059,2.31871,,125.7,,405.76
1060,2.3208,,125.4,,405.72
1061,2.3229,,125.1,,405.68
1062,2.325,,124.8,,405.64
1063,2.3271,,124.5,,405.6
1064,2.32919,,124.2,,405.56
1065,2.33129,,123.9,,405.52
1066,2.33339,,123.6,,405.48
1067,2.33548,,123.3,,405.44
1068,2.33758,,123,,405.4
1069,2.33978,,122.8,,405.36
1070,2.34198,,122.6,,405.32
1071,2.34419,,122.4,,405.28
1072,2.34639,,122.2,,405.24
1073,2.34859,,122,,405.2
1074,2.35077,,121.8,,405.16
1075,2.35294,,121.6,,405.12
1076,2.35512,,121.4,,405.08
1077,2.35729,,121.2,,405.04
1078,2.35947,,121,,405
1079,2.36165,,120.8,,404.96
1080,2.36382,,120.6,,404.92
1081,2.366,,120.4,,404.88
1082,2.36817,,120.2,,404.84
1083,2.37035,,120,,404.8
1084,2.37267,,120.111,,404.8
1085,2.37499,,120.222,,404.8
1086,2.37731,,120.333,,404.8
1087,2.37963,,120.444,,404.8
1088,2.38195,,120.556,,404.8
1089,2.38427,,120.667,,404.8
1090,2.38659,,120.778,,404.8
1091,2.38891,,120.889,,404.8
1092,2.39123,,121,,404.8
1093,2.3935,,121,,404.778
1094,2.39578,,121,,404.756
1095,2.39805,,121,,404.733
1096,2.40032,,121,,404.711
1097,2.4026,,121,,404.689
1098,2.40487,,121,,404.667
1099,2.40714,,121,,404.644
1100,2.40942,,121,,404.622
1101,2.41169,,121,,404.6
1102,2.41384,,121.1,,404.56
1103,2.41599,,121.2,,404.52
1104,2.41815,,121.3,,404.48
1105,2.4203,,121.4,,404.44
1106,2.42245,,121.5,,404.4
1107,2.4246,,121.6,,404.36
1108,2.42675,,121.7,,404.32
1109,2.42891,,121.8,,404.28
1110,2.43106,,121.9,,404.24
1111,2.43321,,122,,404.2
1112,2.43548,,121.889,,404.178
1113,2.43775,,121.778,,404.156
1114,2.44002,,121.667,,404.133
1115,2.44229,,121.556,,404.111
1116,2.44457,,121.444,,404.089
1117,2.44684,,121.333,,404.067
1118,2.44911,,121.222,,404.044
1119,2.45138,,121.111,,404.022
1120,2.45365,,121,,404
1121,2.45597,,121,,403.956
1122,2.45829,,121,,403.911
1123,2.46061,,121,,403.867
1124,2.46293,,121,,403.822
1125,2.46524,,121,,403.778
1126,2.46756,,121,,403.733
1127,2.46988,,121,,403.689
1128,2.4722,,121,,403.644
1129,2.47452,,121,,403.6
1130,2.47685,,121.222,,403.578
1131,2.47919,,121.444,,403.556
1132,2.48152,,121.667,,403.533
1133,2.48385,,121.889,,403.511
1134,2.48619,,122.111,,403.489
1135,2.48852,,122.333,,403.467
1136,2.49085,,122.556,,403.444
1137,2.49319,,122.778,,403.422
1138,2.49552,,123,,403.4
1139,2.49782,,123,,403.35
1140,2.50012,,123,,403.3
1141,2.50242,,123,,403.25
1142,2.50472,,123,,403.2
1143,2.50696,,122.8,,403.2
1144,2.5092,,122.6,,403.2
1145,2.51144,,122.4,,403.2
1146,2.51368,,122.2,,403.2
1147,2.51593,,122,,403.2
1148,2.51817,,121.8,,403.2
1149,2.52041,,121.6,,403.2
1150,2.52265,,121.4,,403.2
1151,2.52489,,121.2,,403.2
1152,2.52713,,121,,403.2
1153,2.5297,,121.25,,403.175
1154,2.53227,,121.5,,403.15
1155,2.53483,,121.75,,403.125
1156,2.5374,,122,,403.1
1157,2.53997,,122.25,,403.075
1158,2.54253,,122.5,,403.05
1159,2.5451,,122.75,,403.025
1160,2.54767,,123,,403
1161,2.5499,,122.875,,402.9
1162,2.55213,,122.75,,402.8
1163,2.55436,,122.625,,402.7
1164,2.5566,,122.5,,402.6
1165,2.55883,,122.375,,402.5
1166,2.56106,,122.25,,402.4
1167,2.56329,,122.125,,402.3
1168,2.56552,,122,,402.2
1169,2.56781,,122.167,,402
1170,2.5701,,122.333,,401.8
1171,2.57239,,122.5,,401.6
1172,2.57468,,122.667,,401.4
1173,2.57697,,122.833,,401.2
1174,2.57926,,123,,401
1175,2.58139,,123,,400.875
1176,2.58351,,123,,400.75
1177,2.58564,,123,,400.625
1178,2.58777,,123,,400.5
1179,2.58989,,123,,400.375
1180,2.59202,,123,,400.25
1181,2.59414,,123,,400.125
1182,2.59627,,123,,400
1183,2.59845,,122.9,,399.9
1184,2.60063,,122.8,,399.8
1185,2.60282,,122.7,,399.7
1186,2.605,,122.6,,399.6
1187,2.60718,,122.5,,399.5
1188,2.60936,,122.4,,399.4
1189,2.61154,,122.3,,399.3
1190,2.61373,,122.2,,399.2
1191,2.61591,,122.1,,399.1
1192,2.61809,,122,,399
1193,2.6201,,122.2,,398.98
1194,2.62211,,122.4,,398.96
1195,2.62411,,122.6,,398.94
1196,2.62612,,122.8,,398.92
1197,2.62813,,123,,398.9
1198,2.63014,,123.2,,398.88
1199,2.63215,,123.4,,398.86
1200,2.63415,,123.6,,398.84
1201,2.63616,,123.8,,398.82
1202,2.63817,,124,,398.8
1203,2.64035,,123.8,,398.76
1204,2.64253,,123.6,,398.72
1205,2.6447,,123.4,,398.68
1206,2.64688,,123.2,,398.64
1207,2.64906,,123,,398.6
1208,2.65124,,122.8,,398.56
1209,2.65342,,122.6,,398.52
1210,2.65559,,122.4,,398.48
1211,2.65777,,122.2,,398.44
1212,2.65995,,122,,398.4
1213,2.66215,,122.333,,398.2
1214,2.66435,,122.667,,398
1215,2.66655,,123,,397.8
1216,2.66862,,123,,397.3
1217,2.67069,,123,,396.8
1218,2.67274,,123.375,,396.7
1219,2.67479,,123.75,,396.6
1220,2.67684,,124.125,,396.5
1221,2.67889,,124.5,,396.4
1222,2.68094,,124.875,,396.3
1223,2.68299,,125.25,,396.2
1224,2.68504,,125.625,,396.1
1225,2.68709,,126,,396
1226,2.68919,,126.2,,396.02
1227,2.6913,,126.4,,396.04
1228,2.6934,,126.6,,396.06
1229,2.69551,,126.8,,396.08
1230,2.69761,,127,,396.1
1231,2.69971,,127.2,,396.12
1232,2.70182,,127.4,,396.14
1233,2.70392,,127.6,,396.16
1234,2.70603,,127.8,,396.18
1235,2.70813,,128,,396.2
1236,2.71019,,128.3,,396.24
1237,2.71224,,128.6,,396.28
1238,2.7143,,128.9,,396.32
1239,2.71636,,129.2,,396.36
1240,2.71841,,129.5,,396.4
1241,2.72047,,129.8,,396.44
1242,2.72253,,130.1,,396.48
1243,2.72459,,130.4,,396.52
1244,2.72664,,130.7,,396.56
1245,2.7287,,131,,396.6
1246,2.73119,,130.889,,396.578
1247,2.73368,,130.778,,396.556
1248,2.73616,,130.667,,396.533
1249,2.73865,,130.556,,396.511
1250,2.74114,,130.444,,396.489
1251,2.74363,,130.333,,396.467
1252,2.74611,,130.222,,396.444
1253,2.7486,,130.111,,396.422
1254,2.75109,,130,,396.4
1255,2.75357,,129.833,,396.267
1256,2.75605,,129.667,,396.133
1257,2.75854,,129.5,,396
1258,2.76102,,129.333,,395.867
1259,2.7635,,129.167,,395.733
1260,2.76598,,129,,395.6
1261,2.76816,,129.1,,395.52
1262,2.77034,,129.2,,395.44
1263,2.77252,,129.3,,395.36
1264,2.7747,,129.4,,395.28
1265,2.77689,,129.5,,395.2
1266,2.77907,,129.6,,395.12
1267,2.78125,,129.7,,395.04
1268,2.78343,,129.8,,394.96
1269,2.78561,,129.9,,394.88
1270,2.78779,,130,,394.8
1271,2.79018,,130,,394.778
1272,2.79257,,130,,394.756
1273,2.79496,,130,,394.733
1274,2.79735,,130,,394.711
1275,2.79975,,130,,394.689
1276,2.80214,,130,,394.667
1277,2.80453,,130,,394.644
1278,2.80692,,130,,394.622
1279,2.80931,,130,,394.6
1280,2.8114,,129.9,,394.6
1281,2.81349,,129.8,,394.6
1282,2.81557,,129.7,,394.6
1283,2.81766,,129.6,,394.6
1284,2.81975,,129.5,,394.6
1285,2.82184,,129.4,,394.6
1286,2.82393,,129.3,,394.6
1287,2.82601,,129.2,,394.6
1288,2.8281,,129.1,,394.6
1289,2.83019,,129,,394.6
1290,2.83224,,129.1,,394.6
1291,2.83429,,129.2,,394.6
1292,2.83635,,129.3,,394.6
1293,2.8384,,129.4,,394.6
1294,2.84045,,129.5,,394.6
1295,2.8425,,129.6,,394.6
1296,2.84455,,129.7,,394.6
1297,2.84661,,129.8,,394.6
1298,2.84866,,129.9,,394.6
1299,2.85071,,130,,394.6
1300,2.85318,,130.333,,394.667
1301,2.85565,,130.667,,394.733
1302,2.85811,,131,,394.8
1303,2.86058,,131.333,,394.867
1304,2.86305,,131.667,,394.933
1305,2.86552,,132,,395
1306,2.86798,,132.333,,395.067
1307,2.87045,,132.667,,395.133
1308,2.87292,,133,,395.2
1309,2.87512,,133,,395.22
1310,2.87732,,133,,395.24
1311,2.87951,,133,,395.26
1312,2.88171,,133,,395.28
1313,2.88391,,133,,395.3
1314,2.88611,,133,,395.32
1315,2.88831,,133,,395.34
1316,2.8905,,133,,395.36
1317,2.8927,,133,,395.38
1318,2.8949,,133,,395.4
1319,2.89716,,132.778,,395.356
1320,2.89941,,132.556,,395.311
1321,2.90167,,132.333,,395.267
1322,2.90392,,132.111,,395.222
1323,2.90618,,131.889,,395.178
1324,2.90843,,131.667,,395.133
1325,2.91069,,131.444,,395.089
1326,2.91294,,131.222,,395.044
1327,2.9152,,131,,395
1328,2.91727,,131,,394.96
1329,2.91934,,131,,394.92
1330,2.92141,,131,,394.88
1331,2.92348,,131,,394.84
1332,2.92556,,131,,394.8
1333,2.92763,,131,,394.76
1334,2.9297,,131,,394.72
1335,2.93177,,131,,394.68
1336,2.93384,,131,,394.64
1337,2.93591,,131,,394.6
1338,2.93815,,131,,394.578
1339,2.94039,,131,,394.556
1340,2.94263,,131,,394.533
1341,2.94487,,131,,394.511
1342,2.94712,,131,,394.489
1343,2.94936,,131,,394.467
1344,2.9516,,131,,394.444
1345,2.95384,,131,,394.422
1346,2.95608,,131,,394.4
1347,2.95878,,131,,394.4
1348,2.96149,,131,,394.4
1349,2.96419,,131,,394.4
1350,2.9669,,131,,394.4
1351,2.9696,,131,,394.4
1352,2.9723,,131,,394.4
1353,2.97501,,131,,394.4
1354,2.97771,,131,,394.4
1355,2.98014,,130.889,,394.378
1356,2.98257,,130.778,,394.356
1357,2.985,,130.667,,394.333
1358,2.98743,,130.556,,394.311
1359,2.98985,,130.444,,394.289
1360,2.99228,,130.333,,394.267
1361,2.99471,,130.222,,394.244
1362,2.99714,,130.111,,394.222
1363,2.99957,,130,,394.2
1364,3.00171,,130.2,,394.18
1365,3.00386,,130.4,,394.16
1366,3.006,,130.6,,394.14
1367,3.00815,,130.8,,394.12
1368,3.01029,,131,,394.1
1369,3.01243,,131.2,,394.08
1370,3.01458,,131.4,,394.06
1371,3.01672,,131.6,,394.04
1372,3.01887,,131.8,,394.02
1373,3.02101,,132,,394
1374,3.02317,,132.429,,394
1375,3.02532,,132.857,,394
1376,3.02748,,133.286,,394
1377,3.02963,,133.714,,394
1378,3.03179,,134.143,,394
1379,3.03394,,134.571,,394
1380,3.0361,,135,,394
1381,3.0382,,134.8,,394.02
1382,3.04029,,134.6,,394.04
1383,3.04239,,134.4,,394.06
1384,3.04449,,134.2,,394.08
1385,3.04658,,134,,394.1
1386,3.04868,,133.8,,394.12
1387,3.05078,,133.6,,394.14
1388,3.05288,,133.4,,394.16
1389,3.05497,,133.2,,394.18
1390,3.05707,,133,,394.2
1391,3.05947,,133,,394.178
1392,3.06188,,133,,394.156
1393,3.06428,,133,,394.133
1394,3.06668,,133,,394.111
1395,3.06909,,133,,394.089
1396,3.07149,,133,,394.067
1397,3.07389,,133,,394.044
1398,3.0763,,133,,394.022
1399,3.0787,,133,,394
1400,3.08058,,133,,393.95
1401,3.08246,,133,,393.9
1402,3.08434,,133,,393.85
1403,3.08622,,133,,393.8
1404,3.08809,,133,,393.75
1405,3.08997,,133,,393.7
1406,3.09185,,133,,393.65
1407,3.09373,,133,,393.6
1408,3.0958,,133,,393.636
1409,3.09787,,133,,393.673
1410,3.09994,,133,,393.709
1411,3.10201,,133,,393.745
1412,3.10408,,133,,393.782
1413,3.10614,,133,,393.818
1414,3.10821,,133,,393.855
1415,3.11028,,133,,393.891
1416,3.11235,,133,,393.927
1417,3.11442,,133,,393.964
1418,3.11649,,133,,394
1419,3.11867,,133.2,,394.12
1420,3.12085,,133.4,,394.24
1421,3.12303,,133.6,,394.36
1422,3.12521,,133.8,,394.48
1423,3.12739,,134,,394.6
1424,3.1294,,134.429,,394.714
1425,3.13141,,134.857,,394.829
1426,3.13342,,135.286,,394.943
1427,3.13544,,135.714,,395.057
1428,3.13745,,136.143,,395.171
1429,3.13946,,136.571,,395.286
1430,3.14147,,137,,395.4
1431,3.144,,137.5,,395.5
1432,3.14654,,138,,395.6
1433,3.14899,,137.889,,395.556
1434,3.15143,,137.778,,395.511
1435,3.15388,,137.667,,395.467
1436,3.15632,,137.556,,395.422
1437,3.15877,,137.444,,395.378
1438,3.16121,,137.333,,395.333
1439,3.16366,,137.222,,395.289
1440,3.1661,,137.111,,395.244
1441,3.16855,,137,,395.2
1442,3.17103,,136.5,,394.9
1443,3.1735,,136,,394.6
1444,3.17588,,135.889,,394.511
1445,3.17827,,135.778,,394.422
1446,3.18065,,135.667,,394.333
1447,3.18303,,135.556,,394.244
1448,3.18542,,135.444,,394.156
1449,3.1878,,135.333,,394.067
1450,3.19018,,135.222,,393.978
1451,3.19257,,135.111,,393.889
1452,3.19495,,135,,393.8
1453,3.19709,,135,,393.667
1454,3.19924,,135,,393.533
1455,3.20138,,135,,393.4
1456,3.20352,,135,,393.34
1457,3.20567,,135,,393.28
1458,3.20781,,135,,393.22
1459,3.20995,,135,,393.16
1460,3.2121,,135,,393.1
1461,3.21424,,135,,393.04
1462,3.21638,,135,,392.98
1463,3.21852,,135,,392.92
1464,3.22067,,135,,392.86
1465,3.22281,,135,,392.8
1466,3.22511,,135,,392.733
1467,3.22741,,135,,392.667
1468,3.22971,,135,,392.6
1469,3.232,,135,,392.533
1470,3.2343,,135,,392.467
1471,3.2366,,135,,392.4
1472,3.23868,,134.9,,392.4
1473,3.24076,,134.8,,392.4
1474,3.24284,,134.7,,392.4
1475,3.24492,,134.6,,392.4
1476,3.247,,134.5,,392.4
1477,3.24907,,134.4,,392.4
1478,3.25115,,134.3,,392.4
1479,3.25323,,134.2,,392.4
1480,3.25531,,134.1,,392.4
1481,3.25739,,134,,392.4
1482,3.25933,,134.5,,392.467
1483,3.26128,,135,,392.533
1484,3.26322,,135.5,,392.6
1485,3.26516,,136,,392.667
1486,3.26711,,136.5,,392.733
1487,3.26905,,137,,392.8
1488,3.27106,,137.333,,393.067
1489,3.27306,,137.667,,393.333
1490,3.27507,,138,,393.6
1491,3.27728,,138,,393.711
1492,3.27949,,138,,393.822
1493,3.2817,,138,,393.933
1494,3.28391,,138,,394.044
1495,3.28613,,138,,394.156
1496,3.28834,,138,,394.267
1497,3.29055,,138,,394.378
1498,3.29276,,138,,394.489
1499,3.29497,,138,,394.6
1500,3.29721,,138,,394.6
1501,3.29945,,138,,394.6
1502,3.30168,,138,,394.6
1503,3.30392,,138,,394.6
1504,3.30616,,138,,394.6
1505,3.3084,,138,,394.6
1506,3.31063,,138,,394.6
1507,3.31287,,138,,394.6
1508,3.31511,,138,,394.6
1509,3.31754,,138,,394.4
1510,3.31997,,138,,394.2
1511,3.32241,,138,,394
1512,3.32484,,138,,393.8
1513,3.32727,,138,,393.6
1514,3.3297,,138,,393.4
1515,3.3319,,137.75,,393.275
1516,3.3341,,137.5,,393.15
1517,3.3363,,137.25,,393.025
1518,3.3385,,137,,392.9
1519,3.3407,,136.75,,392.775
1520,3.3429,,136.5,,392.65
1521,3.3451,,136.25,,392.525
1522,3.3473,,136,,392.4
1523,3.34937,,135.7,,392.38
1524,3.35145,,135.4,,392.36
1525,3.35352,,135.1,,392.34
1526,3.3556,,134.8,,392.32
1527,3.35767,,134.5,,392.3
1528,3.35974,,134.2,,392.28
1529,3.36182,,133.9,,392.26
1530,3.36389,,133.6,,392.24
1531,3.36597,,133.3,,392.22
1532,3.36804,,133,,392.2
1533,3.37009,,133.2,,392.2
1534,3.37214,,133.4,,392.2
1535,3.37418,,133.6,,392.2
1536,3.37623,,133.8,,392.2
1537,3.37828,,134,,392.2
1538,3.38033,,134.2,,392.2
1539,3.38238,,134.4,,392.2
1540,3.38442,,134.6,,392.2
1541,3.38647,,134.8,,392.2
1542,3.38852,,135,,392.2
1543,3.39063,,135,,392.22
1544,3.39273,,135,,392.24
1545,3.39484,,135,,392.26
1546,3.39694,,135,,392.28
1547,3.39905,,135,,392.3
1548,3.40116,,135,,392.32
1549,3.40326,,135,,392.34
1550,3.40537,,135,,392.36
1551,3.40747,,135,,392.38
1552,3.40958,,135,,392.4
1553,3.41144,,134.818,,392.345
1554,3.41329,,134.636,,392.291
1555,3.41515,,134.455,,392.236
1556,3.41701,,134.273,,392.182
1557,3.41887,,134.091,,392.127
1558,3.42072,,133.909,,392.073
1559,3.42258,,133.727,,392.018
1560,3.42444,,133.545,,391.964
1561,3.4263,,133.364,,391.909
1562,3.42815,,133.182,,391.855
1563,3.43001,,133,,391.8
1564,3.43215,,133.1,,391.82
1565,3.43429,,133.2,,391.84
1566,3.43643,,133.3,,391.86
1567,3.43857,,133.4,,391.88
1568,3.44072,,133.5,,391.9
1569,3.44286,,133.6,,391.92
1570,3.445,,133.7,,391.94
1571,3.44714,,133.8,,391.96
1572,3.44928,,133.9,,391.98
1573,3.45142,,134,,392
1574,3.45396,,134,,392.05
1575,3.45651,,134,,392.1
1576,3.45905,,134,,392.15
1577,3.46159,,134,,392.2
1578,3.46413,,134,,392.25
1579,3.46667,,134,,392.3
1580,3.46922,,134,,392.35
1581,3.47176,,134,,392.4
1582,3.47333,,134.154,,392.4
1583,3.4749,,134.308,,392.4
1584,3.47647,,134.462,,392.4
1585,3.47803,,134.615,,392.4
1586,3.4796,,134.769,,392.4
1587,3.48117,,134.923,,392.4
1588,3.48274,,135.077,,392.4
1589,3.48431,,135.231,,392.4
1590,3.48588,,135.385,,392.4
1591,3.48744,,135.538,,392.4
1592,3.48901,,135.692,,392.4
1593,3.49058,,135.846,,392.4
1594,3.49215,,136,,392.4
1595,3.49361,,136,,392.4
1596,3.49507,,136,,392.4
1597,3.49682,,136.6,,392.44
1598,3.49857,,137.2,,392.48
1599,3.50032,,137.8,,392.52
1600,3.50207,,138.4,,392.56
1601,3.50382,,139,,392.6
1602,3.50594,,139.5,,392.85
1603,3.50806,,140,,393.1
1604,3.51017,,140.5,,393.35
1605,3.51229,,141,,393.6
1606,3.51532,,141.2,,393.8
1607,3.51835,,141.4,,394
1608,3.52137,,141.6,,394.2
1609,3.5244,,141.8,,394.4
1610,3.52743,,142,,394.6
1611,3.53039,,142,,394.629
1612,3.53334,,142,,394.657
1613,3.5363,,142,,394.686
1614,3.53926,,142,,394.714
1615,3.54222,,142,,394.743
1616,3.54517,,142,,394.771
1617,3.54813,,142,,394.8
1618,3.5507,,141.875,,394.825
1619,3.55327,,141.75,,394.85
1620,3.55584,,141.625,,394.875
1621,3.55841,,141.5,,394.9
1622,3.56098,,141.375,,394.925
1623,3.56355,,141.25,,394.95
1624,3.56612,,141.125,,394.975
1625,3.56869,,141,,395
1626,3.57087,,140.8,,394.96
1627,3.57305,,140.6,,394.92
1628,3.57523,,140.4,,394.88
1629,3.57741,,140.2,,394.84
1630,3.57959,,140,,394.8
1631,3.58177,,139.8,,394.76
1632,3.58395,,139.6,,394.72
1633,3.58613,,139.4,,394.68
1634,3.58831,,139.2,,394.64
1635,3.59049,,139,,394.6
1636,3.59301,,138.75,,394.3
1637,3.59552,,138.5,,394
1638,3.59803,,138.25,,393.7
1639,3.60055,,138,,393.4
1640,3.60277,,138,,392.7
1641,3.605,,138,,392
1642,3.60729,,137.833,,391.767
1643,3.60957,,137.667,,391.533
1644,3.61185,,137.5,,391.3
1645,3.61414,,137.333,,391.067
1646,3.61643,,137.167,,390.833
1647,3.61871,,137,,390.6
1648,3.62092,,136.9,,390.54
1649,3.62313,,136.8,,390.48
1650,3.62533,,136.7,,390.42
1651,3.62754,,136.6,,390.36
1652,3.62975,,136.5,,390.3
1653,3.63196,,136.4,,390.24
1654,3.63417,,136.3,,390.18
1655,3.63637,,136.2,,390.12
1656,3.63858,,136.1,,390.06
1657,3.64079,,136,,390
1658,3.64302,,136,,389.978
1659,3.64525,,136,,389.956
1660,3.64749,,136,,389.933
1661,3.64972,,136,,389.911
1662,3.65195,,136,,389.889
1663,3.65418,,136,,389.867
1664,3.65642,,136,,389.844
1665,3.65865,,136,,389.822
1666,3.66088,,136,,389.8
1667,3.6631,,136,,389.8
1668,3.66532,,136,,389.8
1669,3.66754,,136,,389.8
1670,3.66976,,136,,389.8
1671,3.67198,,136,,389.8
1672,3.6742,,136,,389.8
1673,3.67642,,136,,389.8
1674,3.67864,,136,,389.8
1675,3.68086,,136,,389.8
1676,3.68308,,136,,389.8
1677,3.68529,,136,,389.82
1678,3.6875,,136,,389.84
1679,3.68971,,136,,389.86
1680,3.69192,,136,,389.88
1681,3.69413,,136,,389.9
1682,3.69633,,136,,389.92
1683,3.69854,,136,,389.94
1684,3.70075,,136,,389.96
1685,3.70296,,136,,389.98
1686,3.70517,,136,,390
1687,3.7075,,136,,390.044
1688,3.70982,,136,,390.089
1689,3.71215,,136,,390.133
1690,3.71448,,136,,390.178
1691,3.7168,,136,,390.222
1692,3.71913,,136,,390.267
1693,3.72146,,136,,390.311
1694,3.72378,,136,,390.356
1695,3.72611,,136,,390.4
1696,3.72839,,136.111,,390.4
1697,3.73067,,136.222,,390.4
1698,3.73295,,136.333,,390.4
1699,3.73523,,136.444,,390.4
1700,3.7375,,136.556,,390.4
1701,3.73978,,136.667,,390.4
1702,3.74206,,136.778,,390.4
1703,3.74434,,136.889,,390.4
1704,3.74662,,137,,390.4
1705,3.74834,,137.429,,390.429
1706,3.75006,,137.857,,390.457
1707,3.75178,,138.286,,390.486
1708,3.75349,,138.714,,390.514
1709,3.75521,,139.143,,390.543
1710,3.75693,,139.571,,390.571
1711,3.75865,,140,,390.6
1712,3.76082,,140.1,,390.68
1713,3.76299,,140.2,,390.76
1714,3.76515,,140.3,,390.84
1715,3.76732,,140.4,,390.92
1716,3.76949,,140.5,,391
1717,3.77166,,140.6,,391.08
1718,3.77383,,140.7,,391.16
1719,3.77599,,140.8,,391.24
1720,3.77816,,140.9,,391.32
1721,3.78033,,141,,391.4
1722,3.7823,,140.818,,391.4
1723,3.78427,,140.636,,391.4
1724,3.78623,,140.455,,391.4
1725,3.7882,,140.273,,391.4
1726,3.79017,,140.091,,391.4
1727,3.79214,,139.909,,391.4
1728,3.79411,,139.727,,391.4
1729,3.79608,,139.545,,391.4
1730,3.79804,,139.364,,391.4
1731,3.80001,,139.182,,391.4
1732,3.80198,,139,,391.4
1733,3.80382,,139,,391.345
1734,3.80566,,139,,391.291
1735,3.8075,,139,,391.236
1736,3.80934,,139,,391.182
1737,3.81118,,139,,391.127
1738,3.81303,,139,,391.073
1739,3.81487,,139,,391.018
1740,3.81671,,139,,390.964
1741,3.81855,,139,,390.909
1742,3.82039,,139,,390.855
1743,3.82223,,139,,390.8
1744,3.82458,,139.111,,390.733
1745,3.82693,,139.222,,390.667
1746,3.82929,,139.333,,390.6
1747,3.83164,,139.444,,390.533
1748,3.83399,,139.556,,390.467
1749,3.83634,,139.667,,390.4
1750,3.8387,,139.778,,390.333
1751,3.84105,,139.889,,390.267
1752,3.8434,,140,,390.2
1753,3.84559,,140,,390.34
1754,3.84778,,140,,390.48
1755,3.84998,,140,,390.62
1756,3.85217,,140,,390.76
1757,3.85436,,140,,390.9
1758,3.85655,,140,,391.04
1759,3.85874,,140,,391.18
1760,3.86094,,140,,391.32
1761,3.86313,,140,,391.46
1762,3.86532,,140,,391.6
1763,3.86747,,140,,391.8
1764,3.86961,,140,,392.133
1765,3.87174,,140,,392.467
1766,3.87388,,140,,392.8
1767,3.87589,,140.2,,392.84
1768,3.87789,,140.4,,392.88
1769,3.8799,,140.6,,392.92
1770,3.88191,,140.8,,392.96
1771,3.88392,,141,,393
1772,3.88592,,141.2,,393.04
1773,3.88793,,141.4,,393.08
1774,3.88994,,141.6,,393.12
1775,3.89194,,141.8,,393.16
1776,3.89395,,142,,393.2
1777,3.89624,,141.857,,393
1778,3.89853,,141.714,,392.8
1779,3.90082,,141.571,,392.6
1780,3.90312,,141.429,,392.4
1781,3.90541,,141.286,,392.2
1782,3.9077,,141.143,,392
1783,3.90999,,141,,391.8
1784,3.91279,,141,,391.45
1785,3.91559,,141,,391.1
1786,3.91838,,141,,390.75
1787,3.92118,,141,,390.4
1788,3.92353,,140.667,,390.311
1789,3.92588,,140.333,,390.222
1790,3.92823,,140,,390.133
1791,3.93058,,139.667,,390.044
1792,3.93293,,139.333,,389.956
1793,3.93528,,139,,389.867
1794,3.93763,,138.667,,389.778
1795,3.93998,,138.333,,389.689
1796,3.94233,,138,,389.6
1797,3.94449,,137.75,,389.55
1798,3.94665,,137.5,,389.5
1799,3.9488,,137.25,,389.45
1800,3.95096,,137,,389.4
1801,3.95299,,136.25,,389.35
1802,3.95503,,135.5,,389.3
1803,3.95706,,134.75,,389.25
1804,3.95909,,134,,389.2
1805,3.96134,,133.571,,389.114
1806,3.96358,,133.143,,389.029
1807,3.96583,,132.714,,388.943
1808,3.96807,,132.286,,388.857
1809,3.97032,,131.857,,388.771
1810,3.97256,,131.429,,388.686
1811,3.97481,,131,,388.6
1812,3.9767,,130.857,,388.543
1813,3.9786,,130.714,,388.486
1814,3.98049,,130.571,,388.429
1815,3.98239,,130.429,,388.371
1816,3.98428,,130.286,,388.314
1817,3.98618,,130.143,,388.257
1818,3.98807,,130,,388.2
1819,3.98989,,130.167,,388.2
1820,3.99171,,130.333,,388.2
1821,3.99352,,130.5,,388.2
1822,3.99534,,130.667,,388.2
1823,3.99716,,130.833,,388.2
1824,3.99898,,131,,388.2
1825,4.00094,,131.375,,388.225
1826,4.00291,,131.75,,388.25
1827,4.00487,,132.125,,388.275
1828,4.00683,,132.5,,388.3
1829,4.0088,,132.875,,388.325
1830,4.01076,,133.25,,388.35
1831,4.01273,,133.625,,388.375
1832,4.01469,,134,,388.4
1833,4.01643,,134.4,,388.64
1834,4.01817,,134.8,,388.88
1835,4.01992,,135.2,,389.12
1836,4.02166,,135.6,,389.36
1837,4.0234,,136,,389.6
1838,4.02513,,136.75,,389.85
1839,4.02687,,137.5,,390.1
1840,4.0286,,138.25,,390.35
1841,4.03034,,139,,390.6
1842,4.03209,,139.333,,390.933
1843,4.03384,,139.667,,391.267
1844,4.03559,,140,,391.6
1845,4.03827,,140.333,,391.933
1846,4.04094,,140.667,,392.267
1847,4.04362,,141,,392.6
1848,4.04599,,141.222,,392.667
1849,4.04837,,141.444,,392.733
1850,4.05074,,141.667,,392.8
1851,4.05312,,141.889,,392.867
1852,4.05549,,142.111,,392.933
1853,4.05787,,142.333,,393
1854,4.06024,,142.556,,393.067
1855,4.06262,,142.778,,393.133
1856,4.06499,,143,,393.2
1857,4.06712,,143.2,,393.14
1858,4.06924,,143.4,,393.08
1859,4.07137,,143.6,,393.02
1860,4.0735,,143.8,,392.96
1861,4.07562,,144,,392.9
1862,4.07775,,144.2,,392.84
1863,4.07988,,144.4,,392.78
1864,4.08201,,144.6,,392.72
1865,4.08413,,144.8,,392.66
1866,4.08626,,145,,392.6
1867,4.08834,,144.9,,392.6
1868,4.09041,,144.8,,392.6
1869,4.09249,,144.7,,392.6
1870,4.09457,,144.6,,392.6
1871,4.09664,,144.5,,392.6
1872,4.09872,,144.4,,392.6
1873,4.1008,,144.3,,392.6
1874,4.10288,,144.2,,392.6
1875,4.10495,,144.1,,392.6
1876,4.10703,,144,,392.6
1877,4.10963,,143.625,,392.575
1878,4.11224,,143.25,,392.55
1879,4.11484,,142.875,,392.525
1880,4.11745,,142.5,,392.5
1881,4.12005,,142.125,,392.475
1882,4.12266,,141.75,,392.45
1883,4.12526,,141.375,,392.425
1884,4.12787,,141,,392.4
1885,4.12992,,140.9,,392.42
1886,4.13198,,140.8,,392.44
1887,4.13403,,140.7,,392.46
1888,4.13609,,140.6,,392.48
1889,4.13814,,140.5,,392.5
1890,4.14019,,140.4,,392.52
1891,4.14225,,140.3,,392.54
1892,4.1443,,140.2,,392.56
1893,4.14636,,140.1,,392.58
1894,4.14841,,140,,392.6
1895,4.1507,,139.889,,392.644
1896,4.15299,,139.778,,392.689
1897,4.15528,,139.667,,392.733
1898,4.15757,,139.556,,392.778
1899,4.15985,,139.444,,392.822
1900,4.16214,,139.333,,392.867
1901,4.16443,,139.222,,392.911
1902,4.16672,,139.111,,392.956
1903,4.16901,,139,,393
1904,4.17143,,138.889,,392.844
1905,4.17385,,138.778,,392.689
1906,4.17627,,138.667,,392.533
1907,4.17869,,138.556,,392.378
1908,4.18112,,138.444,,392.222
1909,4.18354,,138.333,,392.067
1910,4.18596,,138.222,,391.911
1911,4.18838,,138.111,,391.756
1912,4.1908,,138,,391.6
1913,4.19327,,138,,391
1914,4.19554,,138.333,,390.667
1915,4.1978,,138.667,,390.333
1916,4.20007,,139,,390
1917,4.20244,,139,,389.4
1918,4.20482,,139,,388.8
1919,4.20715,,139,,388.55
1920,4.20948,,139,,388.3
1921,4.21181,,139,,388.05
1922,4.21414,,139,,387.8
1923,4.21635,,138.7,,387.74
1924,4.21856,,138.4,,387.68
1925,4.22077,,138.1,,387.62
1926,4.22298,,137.8,,387.56
1927,4.22518,,137.5,,387.5
1928,4.22739,,137.2,,387.44
1929,4.2296,,136.9,,387.38
1930,4.23181,,136.6,,387.32
1931,4.23402,,136.3,,387.26
1932,4.23623,,136,,387.2
1933,4.23832,,135.9,,387.18
1934,4.24042,,135.8,,387.16
1935,4.24251,,135.7,,387.14
1936,4.24461,,135.6,,387.12
1937,4.2467,,135.5,,387.1
1938,4.24879,,135.4,,387.08
1939,4.25089,,135.3,,387.06
1940,4.25298,,135.2,,387.04
1941,4.25508,,135.1,,387.02
1942,4.25717,,135,,387
1943,4.25933,,135.1,,386.98
1944,4.26148,,135.2,,386.96
1945,4.26364,,135.3,,386.94
1946,4.2658,,135.4,,386.92
1947,4.26795,,135.5,,386.9
1948,4.27011,,135.6,,386.88
1949,4.27227,,135.7,,386.86
1950,4.27443,,135.8,,386.84
1951,4.27658,,135.9,,386.82
1952,4.27874,,136,,386.8
1953,4.28093,,135.833,,386.8
1954,4.28311,,135.667,,386.8
1955,4.2853,,135.5,,386.8
1956,4.28749,,135.333,,386.8
1957,4.28967,,135.167,,386.8
1958,4.29186,,135,,386.8
1959,4.29401,,134.9,,386.78
1960,4.29616,,134.8,,386.76
1961,4.29831,,134.7,,386.74
1962,4.30046,,134.6,,386.72
1963,4.30262,,134.5,,386.7
1964,4.30477,,134.4,,386.68
1965,4.30692,,134.3,,386.66
1966,4.30907,,134.2,,386.64
1967,4.31122,,134.1,,386.62
1968,4.31337,,134,,386.6
1969,4.31561,,134,,386.578
1970,4.31784,,134,,386.556
1971,4.32008,,134,,386.533
1972,4.32232,,134,,386.511
1973,4.32455,,134,,386.489
1974,4.32679,,134,,386.467
1975,4.32903,,134,,386.444
1976,4.33126,,134,,386.422
1977,4.3335,,134,,386.4
1978,4.33557,,134,,386.4
1979,4.33763,,134,,386.4
1980,4.3397,,134,,386.4
1981,4.34176,,134,,386.4
1982,4.34383,,134,,386.4
1983,4.3459,,134,,386.4
1984,4.34796,,134,,386.4
1985,4.35003,,134,,386.4
1986,4.35209,,134,,386.4
1987,4.35416,,134,,386.4
1988,4.35643,,134,,386.4
1989,4.3587,,134,,386.4
1990,4.36096,,134,,386.4
1991,4.36323,,134,,386.4
1992,4.3655,,134,,386.4
1993,4.36777,,134,,386.4
1994,4.37003,,134,,386.4
1995,4.3723,,134,,386.4
1996,4.37457,,134,,386.4
1997,4.37675,,134.1,,386.4
1998,4.37893,,134.2,,386.4
1999,4.38112,,134.3,,386.4
2000,4.3833,,134.4,,386.4
2001,4.38548,,134.5,,386.4
2002,4.38766,,134.6,,386.4
2003,4.38984,,134.7,,386.4
2004,4.39203,,134.8,,386.4
2005,4.39421,,134.9,,386.4
2006,4.39639,,135,,386.4
2007,4.39843,,134.667,,386.378
2008,4.40047,,134.333,,386.356
2009,4.4025,,134,,386.333
2010,4.40454,,133.667,,386.311
2011,4.40658,,133.333,,386.289
2012,4.40862,,133,,386.267
2013,4.41065,,132.667,,386.244
2014,4.41269,,132.333,,386.222
2015,4.41473,,132,,386.2
2016,4.41681,,132.1,,386.18
2017,4.4189,,132.2,,386.16
2018,4.42098,,132.3,,386.14
2019,4.42307,,132.4,,386.12
2020,4.42515,,132.5,,386.1
2021,4.42724,,132.6,,386.08
2022,4.42932,,132.7,,386.06
2023,4.43141,,132.8,,386.04
2024,4.43349,,132.9,,386.02
2025,4.43558,,133,,386
2026,4.43804,,133.111,,386
2027,4.44049,,133.222,,386
2028,4.44295,,133.333,,386
2029,4.4454,,133.444,,386
2030,4.44786,,133.556,,386
2031,4.45031,,133.667,,386
2032,4.45277,,133.778,,386
2033,4.45522,,133.889,,386
2034,4.45768,,134,,386
2035,4.46001,,133.833,,385.967
2036,4.46234,,133.667,,385.933
2037,4.46467,,133.5,,385.9
2038,4.467,,133.333,,385.867
2039,4.46933,,133.167,,385.833
2040,4.47166,,133,,385.8
2041,4.47384,,133,,385.78
2042,4.47601,,133,,385.76
2043,4.47819,,133,,385.74
2044,4.48036,,133,,385.72
2045,4.48254,,133,,385.7
2046,4.48472,,133,,385.68
2047,4.48689,,133,,385.66
2048,4.48907,,133,,385.64
2049,4.49124,,133,,385.62
2050,4.49342,,133,,385.6
2051,4.49553,,132.8,,385.58
2052,4.49765,,132.6,,385.56
2053,4.49976,,132.4,,385.54
2054,4.50187,,132.2,,385.52
2055,4.50398,,132,,385.5
2056,4.5061,,131.8,,385.48
2057,4.50821,,131.6,,385.46
2058,4.51032,,131.4,,385.44
2059,4.51244,,131.2,,385.42
2060,4.51455,,131,,385.4
2061,4.51657,,130.909,,385.382
2062,4.5186,,130.818,,385.364
2063,4.52062,,130.727,,385.345
2064,4.52264,,130.636,,385.327
2065,4.52466,,130.545,,385.309
2066,4.52669,,130.455,,385.291
2067,4.52871,,130.364,,385.273
2068,4.53073,,130.273,,385.255
2069,4.53275,,130.182,,385.236
2070,4.53478,,130.091,,385.218
2071,4.5368,,130,,385.2
2072,4.53919,,130.111,,385.178
2073,4.54157,,130.222,,385.156
2074,4.54396,,130.333,,385.133
2075,4.54635,,130.444,,385.111
2076,4.54873,,130.556,,385.089
2077,4.55112,,130.667,,385.067
2078,4.55351,,130.778,,385.044
2079,4.55589,,130.889,,385.022
2080,4.55828,,131,,385
2081,4.56043,,130.9,,385
2082,4.56258,,130.8,,385
2083,4.56473,,130.7,,385
2084,4.56688,,130.6,,385
2085,4.56904,,130.5,,385
2086,4.57119,,130.4,,385
2087,4.57334,,130.3,,385
2088,4.57549,,130.2,,385
2089,4.57764,,130.1,,385
2090,4.57979,,130,,385
2091,4.58207,,130.111,,385
2092,4.58436,,130.222,,385
2093,4.58664,,130.333,,385
2094,4.58893,,130.444,,385
2095,4.59121,,130.556,,385
2096,4.5935,,130.667,,385
2097,4.59578,,130.778,,385
2098,4.59807,,130.889,,385
2099,4.60035,,131,,385
2100,4.60219,,131.5,,385
2101,4.60403,,132,,385
2102,4.60609,,132.2,,385.1
2103,4.60815,,132.4,,385.2
2104,4.61021,,132.6,,385.3
2105,4.61227,,132.8,,385.4
2106,4.61433,,133,,385.5
2107,4.61639,,133.2,,385.6
2108,4.61845,,133.4,,385.7
2109,4.62051,,133.6,,385.8
2110,4.62257,,133.8,,385.9
2111,4.62463,,134,,386
2112,4.6265,,134.333,,386.067
2113,4.62838,,134.667,,386.133
2114,4.63025,,135,,386.2
2115,4.63243,,135.429,,386.229
2116,4.63461,,135.857,,386.257
2117,4.63679,,136.286,,386.286
2118,4.63898,,136.714,,386.314
2119,4.64116,,137.143,,386.343
2120,4.64334,,137.571,,386.371
2121,4.64552,,138,,386.4
2122,4.64779,,138,,386.6
2123,4.65007,,138,,386.8
2124,4.65234,,138.375,,386.925
2125,4.65461,,138.75,,387.05
2126,4.65689,,139.125,,387.175
2127,4.65916,,139.5,,387.3
2128,4.66143,,139.875,,387.425
2129,4.6637,,140.25,,387.55
2130,4.66598,,140.625,,387.675
2131,4.66825,,141,,387.8
2132,4.67047,,141,,388
2133,4.67268,,141.2,,388.1
2134,4.67489,,141.4,,388.2
2135,4.6771,,141.6,,388.3
2136,4.67931,,141.8,,388.4
2137,4.68152,,142,,388.5
2138,4.68372,,142.2,,388.6
2139,4.68593,,142.4,,388.7
2140,4.68814,,142.6,,388.8
2141,4.69035,,142.8,,388.9
2142,4.69256,,143,,389
2143,4.69511,,143,,389
2144,4.69767,,143,,389
2145,4.69974,,143,,389.06
2146,4.7018,,143,,389.12
2147,4.70387,,143,,389.18
2148,4.70594,,143,,389.24
2149,4.708,,143,,389.3
2150,4.71007,,143,,389.36
2151,4.71214,,143,,389.42
2152,4.71421,,143,,389.48
2153,4.71627,,143,,389.54
2154,4.71834,,143,,389.6
2155,4.72032,,142.857,,389.657
2156,4.72229,,142.714,,389.714
2157,4.72427,,142.571,,389.771
2158,4.72624,,142.429,,389.829
2159,4.72822,,142.286,,389.886
2160,4.73019,,142.143,,389.943
2161,4.73217,,142,,390
2162,4.73416,,141.7,,390
2163,4.73615,,141.4,,390
2164,4.73814,,141.1,,390
2165,4.74013,,140.8,,390
2166,4.74212,,140.5,,390
2167,4.74411,,140.2,,390
2168,4.7461,,139.9,,390
2169,4.74809,,139.6,,390
2170,4.75008,,139.3,,390
2171,4.75207,,139,,390
2172,4.75423,,138.9,,389.96
2173,4.75639,,138.8,,389.92
2174,4.75855,,138.7,,389.88
2175,4.76071,,138.6,,389.84
2176,4.76287,,138.5,,389.8
2177,4.76503,,138.4,,389.76
2178,4.76719,,138.3,,389.72
2179,4.76935,,138.2,,389.68
2180,4.77151,,138.1,,389.64
2181,4.77367,,138,,389.6
2182,4.77599,,137.889,,389.556
2183,4.77831,,137.778,,389.511
2184,4.78063,,137.667,,389.467
2185,4.78295,,137.556,,389.422
2186,4.78528,,137.444,,389.378
2187,4.7876,,137.333,,389.333
2188,4.78992,,137.222,,389.289
2189,4.79224,,137.111,,389.244
2190,4.79456,,137,,389.2
2191,4.79685,,136.778,,389.2
2192,4.79914,,136.556,,389.2
2193,4.80143,,136.333,,389.2
2194,4.80372,,136.111,,389.2
2195,4.806,,135.889,,389.2
2196,4.80829,,135.667,,389.2
2197,4.81058,,135.444,,389.2
2198,4.81287,,135.222,,389.2
2199,4.81516,,135,,389.2
2200,4.81757,,134.778,,389.2
2201,4.81997,,134.556,,389.2
2202,4.82238,,134.333,,389.2
2203,4.82479,,134.111,,389.2
2204,4.82719,,133.889,,389.2
2205,4.8296,,133.667,,389.2
2206,4.83201,,133.444,,389.2
2207,4.83441,,133.222,,389.2
2208,4.83682,,133,,389.2
2209,4.83901,,132.9,,389.24
2210,4.84121,,132.8,,389.28
2211,4.8434,,132.7,,389.32
2212,4.8456,,132.6,,389.36
2213,4.84779,,132.5,,389.4
2214,4.84998,,132.4,,389.44
2215,4.85218,,132.3,,389.48
2216,4.85437,,132.2,,389.52
2217,4.85657,,132.1,,389.56
2218,4.85876,,132,,389.6
2219,4.86079,,132,,389.673
2220,4.86282,,132,,389.745
2221,4.86485,,132,,389.818
2222,4.86688,,132,,389.891
2223,4.86891,,132,,389.964
2224,4.87094,,132,,390.036
2225,4.87297,,132,,390.109
2226,4.875,,132,,390.182
2227,4.87703,,132,,390.255
2228,4.87906,,132,,390.327
2229,4.88109,,132,,390.4
2230,4.88326,,132.1,,390.44
2231,4.88542,,132.2,,390.48
2232,4.88759,,132.3,,390.52
2233,4.88976,,132.4,,390.56
2234,4.89192,,132.5,,390.6
2235,4.89409,,132.6,,390.64
2236,4.89626,,132.7,,390.68
2237,4.89843,,132.8,,390.72
2238,4.90059,,132.9,,390.76
2239,4.90276,,133,,390.8
2240,4.90483,,132.8,,390.82
2241,4.90691,,132.6,,390.84
2242,4.90898,,132.4,,390.86
2243,4.91105,,132.2,,390.88
2244,4.91312,,132,,390.9
2245,4.9152,,131.8,,390.92
2246,4.91727,,131.6,,390.94
2247,4.91934,,131.4,,390.96
2248,4.92142,,131.2,,390.98
2249,4.92349,,131,,391
2250,4.92557,,131.1,,390.96
2251,4.92765,,131.2,,390.92
2252,4.92973,,131.3,,390.88
2253,4.93181,,131.4,,390.84
2254,4.93389,,131.5,,390.8
2255,4.93597,,131.6,,390.76
2256,4.93805,,131.7,,390.72
2257,4.94013,,131.8,,390.68
2258,4.94221,,131.9,,390.64
2259,4.94429,,132,,390.6
2260,4.9466,,131.778,,390.533
2261,4.94891,,131.556,,390.467
2262,4.95122,,131.333,,390.4
2263,4.95353,,131.111,,390.333
2264,4.95583,,130.889,,390.267
2265,4.95814,,130.667,,390.2
2266,4.96045,,130.444,,390.133
2267,4.96276,,130.222,,390.067
2268,4.96507,,130,,390
2269,4.96737,,130,,389.978
2270,4.96966,,130,,389.956
2271,4.97196,,130,,389.933
2272,4.97426,,130,,389.911
2273,4.97655,,130,,389.889
2274,4.97885,,130,,389.867
2275,4.98115,,130,,389.844
2276,4.98344,,130,,389.822
2277,4.98574,,130,,389.8
2278,4.98828,,130,,389.8
2279,4.99082,,130,,389.8
2280,4.99336,,130,,389.8
2281,4.9959,,130,,389.8
2282,4.99844,,130,,389.8
2283,5.00055,,130.375,,389.8
2284,5.00265,,130.75,,389.8
2285,5.00476,,131.125,,389.8
2286,5.00686,,131.5,,389.8
2287,5.00897,,131.875,,389.8
2288,5.01108,,132.25,,389.8
2289,5.01318,,132.625,,389.8
2290,5.01529,,133,,389.8
2291,5.01752,,133.111,,389.889
2292,5.01975,,133.222,,389.978
2293,5.02197,,133.333,,390.067
2294,5.0242,,133.444,,390.156
2295,5.02643,,133.556,,390.244
2296,5.02866,,133.667,,390.333
2297,5.03088,,133.778,,390.422
2298,5.03311,,133.889,,390.511
2299,5.03534,,134,,390.6
2300,5.0375,,134,,390.62
2301,5.03967,,134,,390.64
2302,5.04183,,134,,390.66
2303,5.044,,134,,390.68
2304,5.04616,,134,,390.7
2305,5.04833,,134,,390.72
2306,5.05049,,134,,390.74
2307,5.05266,,134,,390.76
2308,5.05483,,134,,390.78
2309,5.05699,,134,,390.8
2310,5.05927,,133.857,,390.829
2311,5.06155,,133.714,,390.857
2312,5.06383,,133.571,,390.886
2313,5.06612,,133.429,,390.914
2314,5.0684,,133.286,,390.943
2315,5.07068,,133.143,,390.971
2316,5.07296,,133,,391
2317,5.07509,,132.8,,391
2318,5.07721,,132.6,,391
2319,5.07934,,132.4,,391
2320,5.08146,,132.2,,391
2321,5.08359,,132,,391
2322,5.08572,,131.8,,391
2323,5.08784,,131.6,,391
2324,5.08997,,131.4,,391
2325,5.09209,,131.2,,391
2326,5.09422,,131,,391
2327,5.09645,,130.778,,390.978
2328,5.09868,,130.556,,390.956
2329,5.1009,,130.333,,390.933
2330,5.10313,,130.111,,390.911
2331,5.10536,,129.889,,390.889
2332,5.10759,,129.667,,390.867
2333,5.10981,,129.444,,390.844
2334,5.11204,,129.222,,390.822
2335,5.11427,,129,,390.8
2336,5.11639,,128.9,,390.78
2337,5.11852,,128.8,,390.76
2338,5.12064,,128.7,,390.74
2339,5.12277,,128.6,,390.72
2340,5.12489,,128.5,,390.7
2341,5.12702,,128.4,,390.68
2342,5.12914,,128.3,,390.66
2343,5.13127,,128.2,,390.64
2344,5.13339,,128.1,,390.62
2345,5.13552,,128,,390.6
2346,5.13765,,128.1,,390.56
2347,5.13979,,128.2,,390.52
2348,5.14192,,128.3,,390.48
2349,5.14406,,128.4,,390.44
2350,5.14619,,128.5,,390.4
2351,5.14833,,128.6,,390.36
2352,5.15046,,128.7,,390.32
2353,5.1526,,128.8,,390.28
2354,5.15473,,128.9,,390.24
2355,5.15687,,129,,390.2
2356,5.15916,,128.75,,390.15
2357,5.16146,,128.5,,390.1
2358,5.16375,,128.25,,390.05
2359,5.16605,,128,,390
2360,5.1681,,127.667,,389.833
2361,5.17015,,127.333,,389.667
2362,5.1722,,127,,389.5
2363,5.17426,,126.667,,389.333
2364,5.17631,,126.333,,389.167
2365,5.17836,,126,,389
2366,5.18049,,125.8,,388.92
2367,5.18263,,125.6,,388.84
2368,5.18476,,125.4,,388.76
2369,5.1869,,125.2,,388.68
2370,5.18903,,125,,388.6
2371,5.19116,,124.8,,388.52
2372,5.1933,,124.6,,388.44
2373,5.19543,,124.4,,388.36
2374,5.19757,,124.2,,388.28
2375,5.1997,,124,,388.2
2376,5.2018,,124.3,,388.2
2377,5.20389,,124.6,,388.2
2378,5.20599,,124.9,,388.2
2379,5.20808,,125.2,,388.2
2380,5.21018,,125.5,,388.2
2381,5.21228,,125.8,,388.2
2382,5.21437,,126.1,,388.2
2383,5.21647,,126.4,,388.2
2384,5.21856,,126.7,,388.2
2385,5.22066,,127,,388.2
2386,5.2229,,126.889,,388.178
2387,5.22515,,126.778,,388.156
2388,5.22739,,126.667,,388.133
2389,5.22964,,126.556,,388.111
2390,5.23188,,126.444,,388.089
2391,5.23413,,126.333,,388.067
2392,5.23637,,126.222,,388.044
2393,5.23862,,126.111,,388.022
2394,5.24086,,126,,388
2395,5.24306,,126.1,,388
2396,5.24525,,126.2,,388
2397,5.24744,,126.3,,388
2398,5.24964,,126.4,,388
2399,5.25183,,126.5,,388
2400,5.25403,,126.6,,388
2401,5.25622,,126.7,,388
2402,5.25842,,126.8,,388
2403,5.26061,,126.9,,388
2404,5.26281,,127,,388
2405,5.26489,,127.5,,388.033
2406,5.26697,,128,,388.067
2407,5.26905,,128.5,,388.1
2408,5.27114,,129,,388.133
2409,5.27322,,129.5,,388.167
2410,5.2753,,130,,388.2
2411,5.27764,,130,,388.267
2412,5.27999,,130,,388.333
2413,5.28233,,130,,388.4
2414,5.28468,,130,,388.467
2415,5.28702,,130,,388.533
2416,5.28937,,130,,388.6
2417,5.29171,,130,,388.667
2418,5.29406,,130,,388.733
2419,5.2964,,130,,388.8
2420,5.29843,,129.909,,388.818
2421,5.30045,,129.818,,388.836
2422,5.30248,,129.727,,388.855
2423,5.30451,,129.636,,388.873
2424,5.30653,,129.545,,388.891
2425,5.30856,,129.455,,388.909
2426,5.31058,,129.364,,388.927
2427,5.31261,,129.273,,388.945
2428,5.31464,,129.182,,388.964
2429,5.31666,,129.091,,388.982
2430,5.31869,,129,,389
2431,5.32092,,129.222,,389.022
2432,5.32315,,129.444,,389.044
2433,5.32538,,129.667,,389.067
2434,5.32761,,129.889,,389.089
2435,5.32984,,130.111,,389.111
2436,5.33207,,130.333,,389.133
2437,5.3343,,130.556,,389.156
2438,5.33653,,130.778,,389.178
2439,5.33876,,131,,389.2
2440,5.34099,,131,,389.14
2441,5.34322,,131,,389.08
2442,5.34545,,131,,389.02
2443,5.34768,,131,,388.96
2444,5.34992,,131,,388.9
2445,5.35215,,131,,388.84
2446,5.35438,,131,,388.78
2447,5.35661,,131,,388.72
2448,5.35884,,131,,388.66
2449,5.36107,,131,,388.6
2450,5.3628,,130.8,,388.48
2451,5.36453,,130.6,,388.36
2452,5.36626,,130.4,,388.24
2453,5.36799,,130.2,,388.12
2454,5.36972,,130,,388
2455,5.37178,,129.9,,388
2456,5.37385,,129.8,,388
2457,5.37591,,129.7,,388
2458,5.37798,,129.6,,388
2459,5.38004,,129.5,,388
2460,5.3821,,129.4,,388
2461,5.38417,,129.3,,388
2462,5.38623,,129.2,,388
2463,5.3883,,129.1,,388
2464,5.39036,,129,,388
2465,5.39244,,129.2,,388.04
2466,5.39452,,129.4,,388.08
2467,5.39661,,129.6,,388.12
2468,5.39869,,129.8,,388.16
2469,5.40077,,130,,388.2
2470,5.40285,,130.2,,388.24
2471,5.40493,,130.4,,388.28
2472,5.40702,,130.6,,388.32
2473,5.4091,,130.8,,388.36
2474,5.41118,,131,,388.4
2475,5.4135,,131.6,,388.44
2476,5.41582,,132.2,,388.48
2477,5.41813,,132.8,,388.52
2478,5.42045,,133.4,,388.56
2479,5.42277,,134,,388.6
2480,5.42448,,134.083,,388.617
2481,5.42619,,134.167,,388.633
2482,5.42791,,134.25,,388.65
2483,5.42962,,134.333,,388.667
2484,5.43133,,134.417,,388.683
2485,5.43304,,134.5,,388.7
2486,5.43476,,134.583,,388.717
2487,5.43647,,134.667,,388.733
2488,5.43818,,134.75,,388.75
2489,5.43989,,134.833,,388.767
2490,5.44161,,134.917,,388.783
2491,5.44332,,135,,388.8
2492,5.44505,,135,,388.783
2493,5.44678,,135,,388.767
2494,5.44851,,135,,388.75
2495,5.45024,,135,,388.733
2496,5.45197,,135,,388.717
2497,5.45371,,135,,388.7
2498,5.45544,,135,,388.683
2499,5.45717,,135,,388.667
2500,5.4589,,135,,388.65
2501,5.46063,,135,,388.633
2502,5.46236,,135,,388.617
2503,5.46409,,135,,388.6
2504,5.46634,,134.889,,388.533
2505,5.46859,,134.778,,388.467
2506,5.47084,,134.667,,388.4
2507,5.47309,,134.556,,388.333
2508,5.47535,,134.444,,388.267
2509,5.4776,,134.333,,388.2
2510,5.47985,,134.222,,388.133
2511,5.4821,,134.111,,388.067
2512,5.48435,,134,,388
2513,5.48721,,134,,388
2514,5.49008,,134,,388
2515,5.49294,,134,,388
2516,5.4958,,134,,388
2517,5.49866,,134,,388
2518,5.50153,,134,,388
2519,5.50439,,134,,388
2520,5.50672,,134.333,,388.022
2521,5.50906,,134.667,,388.044
2522,5.51139,,135,,388.067
2523,5.51372,,135.333,,388.089
2524,5.51606,,135.667,,388.111
2525,5.51839,,136,,388.133
2526,5.52072,,136.333,,388.156
2527,5.52306,,136.667,,388.178
2528,5.52539,,137,,388.2
2529,5.52775,,136.889,,388.267
2530,5.5301,,136.778,,388.333
2531,5.53246,,136.667,,388.4
2532,5.53482,,136.556,,388.467
2533,5.53717,,136.444,,388.533
2534,5.53953,,136.333,,388.6
2535,5.54189,,136.222,,388.667
2536,5.54424,,136.111,,388.733
2537,5.5466,,136,,388.8
2538,5.54895,,136,,388.8
2539,5.55129,,136,,388.8
2540,5.55364,,136,,388.8
2541,5.55598,,136,,388.8
2542,5.55833,,136,,388.8
2543,5.56067,,136,,388.8
2544,5.56302,,136,,388.8
2545,5.56536,,136,,388.8
2546,5.56771,,136,,388.8
2547,5.57009,,136,,388.778
2548,5.57247,,136,,388.756
2549,5.57485,,136,,388.733
2550,5.57723,,136,,388.711
2551,5.57961,,136,,388.689
2552,5.58199,,136,,388.667
2553,5.58437,,136,,388.644
2554,5.58675,,136,,388.622
2555,5.58913,,136,,388.6
2556,5.59156,,135.889,,388.578
2557,5.59398,,135.778,,388.556
2558,5.59641,,135.667,,388.533
2559,5.59883,,135.556,,388.511
2560,5.60126,,135.444,,388.489
2561,5.60368,,135.333,,388.467
2562,5.60611,,135.222,,388.444
2563,5.60853,,135.111,,388.422
2564,5.61096,,135,,388.4
2565,5.61304,,134.625,,388.375
2566,5.61512,,134.25,,388.35
2567,5.6172,,133.875,,388.325
2568,5.61928,,133.5,,388.3
2569,5.62136,,133.125,,388.275
2570,5.62344,,132.75,,388.25
2571,5.62552,,132.375,,388.225
2572,5.6276,,132,,388.2
2573,5.62989,,132,,388.2
2574,5.63218,,132,,388.2
2575,5.63448,,132,,388.2
2576,5.63677,,132,,388.2
2577,5.63906,,132,,388.2
2578,5.64135,,132,,388.2
2579,5.64365,,132,,388.2
2580,5.64594,,132,,388.2
2581,5.64823,,132,,388.2
2582,5.65033,,132.1,,388.22
2583,5.65243,,132.2,,388.24
2584,5.65454,,132.3,,388.26
2585,5.65664,,132.4,,388.28
2586,5.65874,,132.5,,388.3
2587,5.66084,,132.6,,388.32
2588,5.66294,,132.7,,388.34
2589,5.66505,,132.8,,388.36
2590,5.66715,,132.9,,388.38
2591,5.66925,,133,,388.4
2592,5.67153,,133,,388.444
2593,5.67381,,133,,388.489
2594,5.67608,,133,,388.533
2595,5.67836,,133,,388.578
2596,5.68064,,133,,388.622
2597,5.68292,,133,,388.667
2598,5.68519,,133,,388.711
2599,5.68747,,133,,388.756
2600,5.68975,,133,,388.8
2601,5.69157,,133.167,,388.833
2602,5.6934,,133.333,,388.867
2603,5.69522,,133.5,,388.9
2604,5.69704,,133.667,,388.933
2605,5.69887,,133.833,,388.967
2606,5.70069,,134,,389
2607,5.70273,,134.2,,389.1
2608,5.70477,,134.4,,389.2
2609,5.7068,,134.6,,389.3
2610,5.70884,,134.8,,389.4
2611,5.71088,,135,,389.5
2612,5.71292,,135.2,,389.6
2613,5.71496,,135.4,,389.7
2614,5.71699,,135.6,,389.8
2615,5.71903,,135.8,,389.9
2616,5.72107,,136,,390
2617,5.72299,,136,,390.2
2618,5.72476,,136.333,,390.311
2619,5.72653,,136.667,,390.422
2620,5.7283,,137,,390.533
2621,5.73007,,137.333,,390.644
2622,5.73183,,137.667,,390.756
2623,5.7336,,138,,390.867
2624,5.73537,,138.333,,390.978
2625,5.73714,,138.667,,391.089
2626,5.73891,,139,,391.2
2627,5.74084,,139.333,,391.267
2628,5.74277,,139.667,,391.333
2629,5.7447,,140,,391.4
2630,5.74633,,140.333,,391.567
2631,5.74797,,140.667,,391.733
2632,5.7496,,141,,391.9
2633,5.75123,,141.333,,392.067
2634,5.75287,,141.667,,392.233
2635,5.7545,,142,,392.4
2636,5.75668,,142.167,,392.6
2637,5.75887,,142.333,,392.8
2638,5.76105,,142.5,,393
2639,5.76324,,142.667,,393.2
2640,5.76542,,142.833,,393.4
2641,5.76761,,143,,393.6
2642,5.76977,,143.1,,393.68
2643,5.77194,,143.2,,393.76
2644,5.7741,,143.3,,393.84
2645,5.77627,,143.4,,393.92
2646,5.77843,,143.5,,394
2647,5.78059,,143.6,,394.08
2648,5.78276,,143.7,,394.16
2649,5.78492,,143.8,,394.24
2650,5.78709,,143.9,,394.32
2651,5.78925,,144,,394.4
2652,5.79148,,144,,394.6
2653,5.7936,,144.2,,394.8
2654,5.79573,,144.4,,395
2655,5.79785,,144.6,,395.2
2656,5.79998,,144.8,,395.4
2657,5.8021,,145,,395.6
2658,5.80412,,145.1,,395.7
2659,5.80615,,145.2,,395.8
2660,5.80817,,145.3,,395.9
2661,5.8102,,145.4,,396
2662,5.81222,,145.5,,396.1
2663,5.81424,,145.6,,396.2
2664,5.81627,,145.7,,396.3
2665,5.81829,,145.8,,396.4
2666,5.82032,,145.9,,396.5
2667,5.82234,,146,,396.6
2668,5.82467,,145.889,,396.578
2669,5.827,,145.778,,396.556
2670,5.82932,,145.667,,396.533
2671,5.83165,,145.556,,396.511
2672,5.83398,,145.444,,396.489
2673,5.83631,,145.333,,396.467
2674,5.83863,,145.222,,396.444
2675,5.84096,,145.111,,396.422
2676,5.84329,,145,,396.4
2677,5.84589,,144.75,,396.2
2678,5.84849,,144.5,,396
2679,5.85109,,144.25,,395.8
2680,5.85369,,144,,395.6
2681,5.85629,,143.75,,395.4
2682,5.85889,,143.5,,395.2
2683,5.86149,,143.25,,395
2684,5.86409,,143,,394.8
2685,5.86637,,142.667,,394.733
2686,5.86864,,142.333,,394.667
2687,5.87092,,142,,394.6
2688,5.87332,,141.889,,394.556
2689,5.87572,,141.778,,394.511
2690,5.87813,,141.667,,394.467
2691,5.88053,,141.556,,394.422
2692,5.88293,,141.444,,394.378
2693,5.88533,,141.333,,394.333
2694,5.88774,,141.222,,394.289
2695,5.89014,,141.111,,394.244
2696,5.89254,,141,,394.2
2697,5.89513,,140.875,,394.175
2698,5.89773,,140.75,,394.15
2699,5.90032,,140.625,,394.125
2700,5.90291,,140.5,,394.1
2701,5.90551,,140.375,,394.075
2702,5.9081,,140.25,,394.05
2703,5.9107,,140.125,,394.025
2704,5.91329,,140,,394
2705,5.91559,,139.5,,393.9
2706,5.91789,,139,,393.8
2707,5.92019,,138.5,,393.7
2708,5.92249,,138,,393.6
2709,5.92485,,138,,393.36
2710,5.92721,,138,,393.12
2711,5.92956,,138,,392.88
2712,5.93192,,138,,392.64
2713,5.93428,,138,,392.4
2714,5.93661,,137.8,,392.2
2715,5.93893,,137.6,,392
2716,5.94126,,137.4,,391.8
2717,5.94358,,137.2,,391.6
2718,5.94591,,137,,391.4
2719,5.94826,,136.833,,391.233
2720,5.95061,,136.667,,391.067
2721,5.95296,,136.5,,390.9
2722,5.95532,,136.333,,390.733
2723,5.95767,,136.167,,390.567
2724,5.96002,,136,,390.4
2725,5.96212,,135.8,,390.16
2726,5.96422,,135.6,,389.92
2727,5.96631,,135.4,,389.68
2728,5.96841,,135.2,,389.44
2729,5.97051,,135,,389.2
2730,5.973,,134.833,,389.033
2731,5.9755,,134.667,,388.867
2732,5.97799,,134.5,,388.7
2733,5.98049,,134.333,,388.533
2734,5.98299,,134.167,,388.367
2735,5.98548,,134,,388.2
2736,5.98791,,134.25,,387.9
2737,5.99034,,134.5,,387.6
2738,5.99278,,134.75,,387.3
2739,5.99521,,135,,387
2740,5.99759,,134.5,,387
2741,5.99998,,134,,387
2742,6.00237,,134,,386.8
2743,6.00476,,134,,386.6
2744,6.00714,,134,,386.4
2745,6.00953,,134,,386.2
2746,6.01192,,134,,386
2747,6.01437,,134.167,,385.833
2748,6.01683,,134.333,,385.667
2749,6.01928,,134.5,,385.5
2750,6.02173,,134.667,,385.333
2751,6.02419,,134.833,,385.167
2752,6.02664,,135,,385
2753,6.02895,,135,,384.8
2754,6.03125,,135,,384.6
2755,6.03356,,135,,384.4
2756,6.03586,,135,,384.2
2757,6.03817,,135,,384
2758,6.04061,,134.875,,383.9
2759,6.04306,,134.75,,383.8
2760,6.0455,,134.625,,383.7
2761,6.04794,,134.5,,383.6
2762,6.05039,,134.375,,383.5
2763,6.05283,,134.25,,383.4
2764,6.05528,,134.125,,383.3
2765,6.05772,,134,,383.2
2766,6.06022,,134,,383
2767,6.06272,,134,,382.8
2768,6.06509,,134,,382.633
2769,6.06746,,134,,382.467
2770,6.06982,,134,,382.3
2771,6.07219,,134,,382.133
2772,6.07456,,134,,381.967
2773,6.07693,,134,,381.8
2774,6.07911,,134.2,,381.6
2775,6.0813,,134.4,,381.4
2776,6.08348,,134.6,,381.2
2777,6.08567,,134.8,,381
2778,6.08785,,135,,380.8
2779,6.09002,,134.833,,380.633
2780,6.0922,,134.667,,380.467
2781,6.09437,,134.5,,380.3
2782,6.09655,,134.333,,380.133
2783,6.09872,,134.167,,379.967
2784,6.1009,,134,,379.8
2785,6.10208,,134,,379.6
2786,6.10403,,133.5,,379.4
2787,6.10599,,133,,379.2
2788,6.10806,,133,,379
2789,6.11014,,133,,378.8
2790,6.11221,,133,,378.6
2791,6.11447,,133,,378.267
2792,6.11672,,133,,377.933
2793,6.11898,,133,,377.6
2794,6.1214,,133.143,,377.457
2795,6.12382,,133.286,,377.314
2796,6.12624,,133.429,,377.171
2797,6.12865,,133.571,,377.029
2798,6.13107,,133.714,,376.886
2799,6.13349,,133.857,,376.743
2800,6.13591,,134,,376.6
2801,6.13814,,134.111,,376.578
2802,6.14038,,134.222,,376.556
2803,6.14261,,134.333,,376.533
2804,6.14485,,134.444,,376.511
2805,6.14708,,134.556,,376.489
2806,6.14932,,134.667,,376.467
2807,6.15155,,134.778,,376.444
2808,6.15379,,134.889,,376.422
2809,6.15602,,135,,376.4
2810,6.15812,,135.2,,376.46
2811,6.16022,,135.4,,376.52
2812,6.16231,,135.6,,376.58
2813,6.16441,,135.8,,376.64
2814,6.16651,,136,,376.7
2815,6.16861,,136.2,,376.76
2816,6.17071,,136.4,,376.82
2817,6.1728,,136.6,,376.88
2818,6.1749,,136.8,,376.94
2819,6.177,,137,,377
2820,6.1789,,137,,377
2821,6.18079,,137,,377
2822,6.18269,,137,,377
2823,6.18459,,137,,377
2824,6.18649,,137,,377
2825,6.18838,,137,,377
2826,6.19028,,137,,377
2827,6.19218,,137,,377
2828,6.19408,,137,,377
2829,6.19597,,137,,377
2830,6.19787,,137,,377
2831,6.20033,,137,,376.911
2832,6.2028,,137,,376.822
2833,6.20526,,137,,376.733
2834,6.20773,,137,,376.644
2835,6.21019,,137,,376.556
2836,6.21266,,137,,376.467
2837,6.21512,,137,,376.378
2838,6.21759,,137,,376.289
2839,6.22005,,137,,376.2
2840,6.22235,,136.889,,376.133
2841,6.22465,,136.778,,376.067
2842,6.22695,,136.667,,376
2843,6.22925,,136.556,,375.933
2844,6.23156,,136.444,,375.867
2845,6.23386,,136.333,,375.8
2846,6.23616,,136.222,,375.733
2847,6.23846,,136.111,,375.667
2848,6.24076,,136,,375.6
2849,6.24261,,136,,375.5
2850,6.24446,,136,,375.4
2851,6.24674,,135.889,,375.4
2852,6.24903,,135.778,,375.4
2853,6.25131,,135.667,,375.4
2854,6.25359,,135.556,,375.4
2855,6.25588,,135.444,,375.4
2856,6.25816,,135.333,,375.4
2857,6.26044,,135.222,,375.4
2858,6.26273,,135.111,,375.4
2859,6.26501,,135,,375.4
2860,6.26724,,135,,375.378
2861,6.26948,,135,,375.356
2862,6.27171,,135,,375.333
2863,6.27395,,135,,375.311
2864,6.27618,,135,,375.289
2865,6.27842,,135,,375.267
2866,6.28065,,135,,375.244
2867,6.28289,,135,,375.222
2868,6.28512,,135,,375.2
2869,6.28735,,135.111,,375.178
2870,6.28958,,135.222,,375.156
2871,6.29181,,135.333,,375.133
2872,6.29404,,135.444,,375.111
2873,6.29626,,135.556,,375.089
2874,6.29849,,135.667,,375.067
2875,6.30072,,135.778,,375.044
2876,6.30295,,135.889,,375.022
2877,6.30518,,136,,375
2878,6.30744,,135.889,,375
2879,6.3097,,135.778,,375
2880,6.31196,,135.667,,375
2881,6.31422,,135.556,,375
2882,6.31648,,135.444,,375
2883,6.31874,,135.333,,375
2884,6.321,,135.222,,375
2885,6.32326,,135.111,,375
2886,6.32552,,135,,375
2887,6.32769,,135.333,,375.022
2888,6.32986,,135.667,,375.044
2889,6.33203,,136,,375.067
2890,6.3342,,136.333,,375.089
2891,6.33637,,136.667,,375.111
2892,6.33854,,137,,375.133
2893,6.34071,,137.333,,375.156
2894,6.34288,,137.667,,375.178
2895,6.34505,,138,,375.2
2896,6.34718,,138.333,,375.333
2897,6.34932,,138.667,,375.467
2898,6.35145,,139,,375.6
2899,6.35359,,139.333,,375.733
2900,6.35572,,139.667,,375.867
2901,6.35786,,140,,376
2902,6.35999,,140.333,,376.133
2903,6.36213,,140.667,,376.267
2904,6.36426,,141,,376.4
2905,6.36619,,141,,376.6
2906,6.36812,,141,,376.8
2907,6.36968,,141.5,,377.05
2908,6.37124,,142,,377.3
2909,6.37281,,142.5,,377.55
2910,6.37437,,143,,377.8
2911,6.37621,,143.2,,378
2912,6.37804,,143.4,,378.2
2913,6.37988,,143.6,,378.4
2914,6.38171,,143.8,,378.6
2915,6.38355,,144,,378.8
2916,6.38584,,144.125,,378.925
2917,6.38813,,144.25,,379.05
2918,6.39043,,144.375,,379.175
2919,6.39272,,144.5,,379.3
2920,6.39501,,144.625,,379.425
2921,6.39731,,144.75,,379.55
2922,6.3996,,144.875,,379.675
2923,6.40189,,145,,379.8
2924,6.40406,,145.143,,379.971
2925,6.40624,,145.286,,380.143
2926,6.40841,,145.429,,380.314
2927,6.41058,,145.571,,380.486
2928,6.41275,,145.714,,380.657
2929,6.41493,,145.857,,380.829
2930,6.4171,,146,,381
2931,6.4193,,146.286,,381.143
2932,6.4215,,146.571,,381.286
2933,6.4237,,146.857,,381.429
2934,6.4259,,147.143,,381.571
2935,6.4281,,147.429,,381.714
2936,6.4303,,147.714,,381.857
2937,6.4325,,148,,382
2938,6.43422,,148.2,,382.24
2939,6.43595,,148.4,,382.48
2940,6.43767,,148.6,,382.72
2941,6.4394,,148.8,,382.96
2942,6.44112,,149,,383.2
2943,6.44295,,149,,383.367
2944,6.44478,,149,,383.533
2945,6.44661,,149,,383.7
2946,6.44845,,149,,383.867
2947,6.45028,,149,,384.033
2948,6.45211,,149,,384.2
2949,6.4542,,149.111,,384.311
2950,6.4563,,149.222,,384.422
2951,6.45839,,149.333,,384.533
2952,6.46049,,149.444,,384.644
2953,6.46258,,149.556,,384.756
2954,6.46468,,149.667,,384.867
2955,6.46677,,149.778,,384.978
2956,6.46887,,149.889,,385.089
2957,6.47096,,150,,385.2
2958,6.47309,,150,,385.325
2959,6.47522,,150,,385.45
2960,6.47735,,150,,385.575
2961,6.47948,,150,,385.7
2962,6.48162,,150,,385.825
2963,6.48375,,150,,385.95
2964,6.48588,,150,,386.075
2965,6.48801,,150,,386.2
2966,6.49004,,149.5,,386.267
2967,6.49207,,149,,386.333
2968,6.4941,,148.5,,386.4
2969,6.49613,,148,,386.467
2970,6.49816,,147.5,,386.533
2971,6.50019,,147,,386.6
2972,6.50228,,146.667,,386.6
2973,6.50437,,146.333,,386.6
2974,6.50645,,146,,386.6
2975,6.50854,,145.667,,386.6
2976,6.51063,,145.333,,386.6
2977,6.51272,,145,,386.6
2978,6.5148,,144.667,,386.6
2979,6.51689,,144.333,,386.6
2980,6.51898,,144,,386.6
2981,6.5212,,143.778,,386.556
2982,6.52343,,143.556,,386.511
2983,6.52565,,143.333,,386.467
2984,6.52787,,143.111,,386.422
2985,6.5301,,142.889,,386.378
2986,6.53232,,142.667,,386.333
2987,6.53454,,142.444,,386.289
2988,6.53677,,142.222,,386.244
2989,6.53899,,142,,386.2
2990,6.54113,,142.1,,386.26
2991,6.54328,,142.2,,386.32
2992,6.54542,,142.3,,386.38
2993,6.54757,,142.4,,386.44
2994,6.54971,,142.5,,386.5
2995,6.55185,,142.6,,386.56
2996,6.554,,142.7,,386.62
2997,6.55614,,142.8,,386.68
2998,6.55829,,142.9,,386.74
2999,6.56043,,143,,386.8
3000,6.56288,,143,,386.92
3001,6.56532,,143,,387.04
3002,6.56777,,143,,387.16
3003,6.57021,,143,,387.28
3004,6.57266,,143,,387.4
3005,6.57483,,143,,387.44
3006,6.577,,143,,387.48
3007,6.57917,,143,,387.52
3008,6.58134,,143,,387.56
3009,6.5835,,143,,387.6
3010,6.58567,,143,,387.64
3011,6.58784,,143,,387.68
3012,6.59001,,143,,387.72
3013,6.59218,,143,,387.76
3014,6.59435,,143,,387.8
3015,6.59668,,142.889,,387.8
3016,6.59902,,142.778,,387.8
3017,6.60135,,142.667,,387.8
3018,6.60369,,142.556,,387.8
3019,6.60602,,142.444,,387.8
3020,6.60836,,142.333,,387.8
3021,6.61069,,142.222,,387.8
3022,6.61303,,142.111,,387.8
3023,6.61536,,142,,387.8
3024,6.61754,,142.1,,387.8
3025,6.61971,,142.2,,387.8
3026,6.62188,,142.3,,387.8
3027,6.62406,,142.4,,387.8
3028,6.62624,,142.5,,387.8
3029,6.62841,,142.6,,387.8
3030,6.63058,,142.7,,387.8
3031,6.63276,,142.8,,387.8
3032,6.63493,,142.9,,387.8
3033,6.63711,,143,,387.8
3034,6.63899,,143,,387.933
3035,6.64087,,143,,388.067
3036,6.64276,,143,,388.2
3037,6.64464,,143,,388.333
3038,6.64652,,143,,388.467
3039,6.6484,,143,,388.6
3040,6.65072,,143,,388.84
3041,6.65305,,143,,389.08
3042,6.65537,,143,,389.32
3043,6.6577,,143,,389.56
3044,6.66002,,143,,389.8
3045,6.66202,,143.091,,389.836
3046,6.66402,,143.182,,389.873
3047,6.66602,,143.273,,389.909
3048,6.66802,,143.364,,389.945
3049,6.67002,,143.455,,389.982
3050,6.67201,,143.545,,390.018
3051,6.67401,,143.636,,390.055
3052,6.67601,,143.727,,390.091
3053,6.67801,,143.818,,390.127
3054,6.68001,,143.909,,390.164
3055,6.68201,,144,,390.2
3056,6.68422,,143.8,,390.18
3057,6.68643,,143.6,,390.16
3058,6.68864,,143.4,,390.14
3059,6.69085,,143.2,,390.12
3060,6.69306,,143,,390.1
3061,6.69526,,142.8,,390.08
3062,6.69747,,142.6,,390.06
3063,6.69968,,142.4,,390.04
3064,6.70189,,142.2,,390.02
3065,6.7041,,142,,390
3066,6.70647,,141.778,,389.956
3067,6.70885,,141.556,,389.911
3068,6.71122,,141.333,,389.867
3069,6.71359,,141.111,,389.822
3070,6.71597,,140.889,,389.778
3071,6.71834,,140.667,,389.733
3072,6.72071,,140.444,,389.689
3073,6.72309,,140.222,,389.644
3074,6.72546,,140,,389.6
3075,6.72781,,139.4,,389.48
3076,6.73017,,138.8,,389.36
3077,6.73252,,138.2,,389.24
3078,6.73488,,137.6,,389.12
3079,6.73723,,137,,389
3080,6.73963,,137,,388.933
3081,6.74202,,137,,388.867
3082,6.74442,,137,,388.8
3083,6.74668,,137,,388.689
3084,6.74894,,137,,388.578
3085,6.7512,,137,,388.467
3086,6.75346,,137,,388.356
3087,6.75572,,137,,388.244
3088,6.75798,,137,,388.133
3089,6.76024,,137,,388.022
3090,6.7625,,137,,387.911
3091,6.76476,,137,,387.8
3092,6.7666,,138,,387.6
3093,6.76881,,137.9,,387.58
3094,6.77101,,137.8,,387.56
3095,6.77322,,137.7,,387.54
3096,6.77543,,137.6,,387.52
3097,6.77763,,137.5,,387.5
3098,6.77984,,137.4,,387.48
3099,6.78205,,137.3,,387.46
3100,6.78426,,137.2,,387.44
3101,6.78646,,137.1,,387.42
3102,6.78867,,137,,387.4
3103,6.79074,,137.1,,387.42
3104,6.7928,,137.2,,387.44
3105,6.79487,,137.3,,387.46
3106,6.79694,,137.4,,387.48
3107,6.79901,,137.5,,387.5
3108,6.80107,,137.6,,387.52
3109,6.80314,,137.7,,387.54
3110,6.80521,,137.8,,387.56
3111,6.80727,,137.9,,387.58
3112,6.80934,,138,,387.6
3113,6.81154,,138,,387.66
3114,6.81375,,138,,387.72
3115,6.81595,,138,,387.78
3116,6.81816,,138,,387.84
3117,6.82036,,138,,387.9
3118,6.82256,,138,,387.96
3119,6.82477,,138,,388.02
3120,6.82697,,138,,388.08
3121,6.82918,,138,,388.14
3122,6.83138,,138,,388.2
3123,6.83312,,138.333,,388.267
3124,6.83487,,138.667,,388.333
3125,6.83661,,139,,388.4
3126,6.83835,,139.333,,388.467
3127,6.8401,,139.667,,388.533
3128,6.84184,,140,,388.6
3129,6.8435,,139.667,,388.667
3130,6.84516,,139.333,,388.733
3131,6.84682,,139,,388.8
3132,6.84848,,138.667,,388.867
3133,6.85015,,138.333,,388.933
3134,6.85181,,138,,389
3135,6.85347,,137.667,,389.067
3136,6.85513,,137.333,,389.133
3137,6.85679,,137,,389.2
3138,6.8569,,136.4,,389.24
3139,6.85701,,135.8,,389.28
3140,6.85713,,135.2,,389.32
3141,6.85724,,134.6,,389.36
3142,6.85735,,134,,389.4
3174,6.85735,,136,,389.2
3175,6.85937,,134.667,,389.2
3176,6.86138,,133.333,,389.2
3177,6.8634,,132,,389.2
3178,6.86586,,131,,389.2
3179,6.86833,,130,,389.2
3180,6.87079,,129,,389.2
3181,6.87292,,129,,389.2
3182,6.87504,,129,,389.2
3183,6.87717,,129,,389.2
3184,6.87929,,129,,389.2
3185,6.88142,,129,,389.2
3186,6.88355,,129,,389.2
3187,6.88567,,129,,389.2
3188,6.8878,,129,,389.2
3189,6.8899,,129,,389.257
3190,6.89201,,129,,389.314
3191,6.89411,,129,,389.371
3192,6.89622,,129,,389.429
3193,6.89832,,129,,389.486
3194,6.90043,,129,,389.543
3195,6.90253,,129,,389.6
3196,6.9049,,129.429,,389.629
3197,6.90728,,129.857,,389.657
3198,6.90965,,130.286,,389.686
3199,6.91202,,130.714,,389.714
3200,6.91439,,131.143,,389.743
3201,6.91677,,131.571,,389.771
3202,6.91914,,132,,389.8
3203,6.92141,,132.222,,389.844
3204,6.92368,,132.444,,389.889
3205,6.92595,,132.667,,389.933
3206,6.92822,,132.889,,389.978
3207,6.9305,,133.111,,390.022
3208,6.93277,,133.333,,390.067
3209,6.93504,,133.556,,390.111
3210,6.93731,,133.778,,390.156
3211,6.93958,,134,,390.2
3212,6.94182,,134.1,,390.24
3213,6.94406,,134.2,,390.28
3214,6.9463,,134.3,,390.32
3215,6.94854,,134.4,,390.36
3216,6.95078,,134.5,,390.4
3217,6.95302,,134.6,,390.44
3218,6.95526,,134.7,,390.48
3219,6.9575,,134.8,,390.52
3220,6.95974,,134.9,,390.56
3221,6.96198,,135,,390.6
3222,6.96409,,135.1,,390.6
3223,6.9662,,135.2,,390.6
3224,6.96832,,135.3,,390.6
3225,6.97043,,135.4,,390.6
3226,6.97254,,135.5,,390.6
3227,6.97465,,135.6,,390.6
3228,6.97676,,135.7,,390.6
3229,6.97888,,135.8,,390.6
3230,6.98099,,135.9,,390.6
3231,6.9831,,136,,390.6
3232,6.98472,,136,,390.6
3233,6.98695,,136.5,,390.7
3234,6.98919,,137,,390.8
3235,6.99148,,137.25,,390.85
3236,6.99378,,137.5,,390.9
3237,6.99607,,137.75,,390.95
3238,6.99837,,138,,391
3239,7.00049,,138.2,,391.06
3240,7.0026,,138.4,,391.12
3241,7.00472,,138.6,,391.18
3242,7.00683,,138.8,,391.24
3243,7.00895,,139,,391.3
3244,7.01107,,139.2,,391.36
3245,7.01318,,139.4,,391.42
3246,7.0153,,139.6,,391.48
3247,7.01741,,139.8,,391.54
3248,7.01953,,140,,391.6
3249,7.02192,,139.889,,391.533
3250,7.02431,,139.778,,391.467
3251,7.02669,,139.667,,391.4
3252,7.02908,,139.556,,391.333
3253,7.03147,,139.444,,391.267
3254,7.03386,,139.333,,391.2
3255,7.03624,,139.222,,391.133
3256,7.03863,,139.111,,391.067
3257,7.04102,,139,,391
3258,7.04319,,139,,390.92
3259,7.04537,,139,,390.84
3260,7.04754,,139,,390.76
3261,7.04972,,139,,390.68
3262,7.05189,,139,,390.6
3263,7.05406,,139,,390.52
3264,7.05624,,139,,390.44
3265,7.05841,,139,,390.36
3266,7.06059,,139,,390.28
3267,7.06276,,139,,390.2
3268,7.065,,139,,390.08
3269,7.06725,,139,,389.96
3270,7.06949,,139,,389.84
3271,7.07174,,139,,389.72
3272,7.07398,,139,,389.6
3273,7.07638,,138.889,,389.533
3274,7.07879,,138.778,,389.467
3275,7.08119,,138.667,,389.4
3276,7.08359,,138.556,,389.333
3277,7.086,,138.444,,389.267
3278,7.0884,,138.333,,389.2
3279,7.0908,,138.222,,389.133
3280,7.09321,,138.111,,389.067
3281,7.09561,,138,,389
3282,7.098,,138,,388.9
3283,7.10038,,138,,388.8
3284,7.10276,,138,,388.7
3285,7.10515,,138,,388.6
3286,7.10747,,138,,388.511
3287,7.10978,,138,,388.422
3288,7.1121,,138,,388.333
3289,7.11441,,138,,388.244
3290,7.11673,,138,,388.156
3291,7.11904,,138,,388.067
3292,7.12136,,138,,387.978
3293,7.12367,,138,,387.889
3294,7.12599,,138,,387.8
3295,7.12824,,138,,387.6
3296,7.1305,,138,,387.4
3297,7.13284,,138,,387.356
3298,7.13517,,138,,387.311
3299,7.13751,,138,,387.267
3300,7.13984,,138,,387.222
3301,7.14218,,138,,387.178
3302,7.14451,,138,,387.133
3303,7.14685,,138,,387.089
3304,7.14918,,138,,387.044
3305,7.15152,,138,,387
3306,7.15391,,138.333,,387.022
3307,7.1563,,138.667,,387.044
3308,7.15869,,139,,387.067
3309,7.16108,,139.333,,387.089
3310,7.16347,,139.667,,387.111
3311,7.16586,,140,,387.133
3312,7.16825,,140.333,,387.156
3313,7.17064,,140.667,,387.178
3314,7.17303,,141,,387.2
3315,7.17512,,141.2,,387.32
3316,7.1772,,141.4,,387.44
3317,7.17929,,141.6,,387.56
3318,7.18138,,141.8,,387.68
3319,7.18346,,142,,387.8
3320,7.18555,,142.2,,387.92
3321,7.18764,,142.4,,388.04
3322,7.18973,,142.6,,388.16
3323,7.19181,,142.8,,388.28
3324,7.1939,,143,,388.4
3325,7.19617,,143,,388.8
3326,7.19829,,143,,389.05
3327,7.2004,,143,,389.3
3328,7.20252,,143,,389.55
3329,7.20464,,143,,389.8
3330,7.20663,,143.333,,389.889
3331,7.20862,,143.667,,389.978
3332,7.21061,,144,,390.067
3333,7.2126,,144.333,,390.156
3334,7.21458,,144.667,,390.244
3335,7.21657,,145,,390.333
3336,7.21856,,145.333,,390.422
3337,7.22055,,145.667,,390.511
3338,7.22254,,146,,390.6
3339,7.22471,,146,,390.622
3340,7.22687,,146,,390.644
3341,7.22904,,146,,390.667
3342,7.2312,,146,,390.689
3343,7.23337,,146,,390.711
3344,7.23553,,146,,390.733
3345,7.2377,,146,,390.756
3346,7.23986,,146,,390.778
3347,7.24203,,146,,390.8
3348,7.24412,,146,,390.92
3349,7.24622,,146,,391.04
3350,7.24831,,146,,391.16
3351,7.25041,,146,,391.28
3352,7.25251,,146,,391.4
3353,7.2546,,146,,391.52
3354,7.25669,,146,,391.64
3355,7.25879,,146,,391.76
3356,7.26089,,146,,391.88
3357,7.26298,,146,,392
3358,7.26521,,146,,392.08
3359,7.26745,,146,,392.16
3360,7.26968,,146,,392.24
3361,7.27192,,146,,392.32
3362,7.27415,,146,,392.4
3363,7.27639,,146,,392.48
3364,7.27862,,146,,392.56
3365,7.28086,,146,,392.64
3366,7.2831,,146,,392.72
3367,7.28533,,146,,392.8
3368,7.28789,,146,,392.88
3369,7.29045,,146,,392.96
3370,7.29301,,146,,393.04
3371,7.29557,,146,,393.12
3372,7.29813,,146,,393.2
3373,7.30012,,146,,393.255
3374,7.3021,,146,,393.309
3375,7.30409,,146,,393.364
3376,7.30607,,146,,393.418
3377,7.30806,,146,,393.473
3378,7.31004,,146,,393.527
3379,7.31203,,146,,393.582
3380,7.31401,,146,,393.636
3381,7.316,,146,,393.691
3382,7.31798,,146,,393.745
3383,7.31997,,146,,393.8
3384,7.32221,,146.111,,393.8
3385,7.32444,,146.222,,393.8
3386,7.32668,,146.333,,393.8
3387,7.32891,,146.444,,393.8
3388,7.33115,,146.556,,393.8
3389,7.33338,,146.667,,393.8
3390,7.33562,,146.778,,393.8
3391,7.33785,,146.889,,393.8
3392,7.34009,,147,,393.8
3393,7.34251,,146.778,,393.822
3394,7.34493,,146.556,,393.844
3395,7.34735,,146.333,,393.867
3396,7.34977,,146.111,,393.889
3397,7.3522,,145.889,,393.911
3398,7.35462,,145.667,,393.933
3399,7.35704,,145.444,,393.956
3400,7.35946,,145.222,,393.978
3401,7.36188,,145,,394
3402,7.36439,,144.889,,394
3403,7.36691,,144.778,,394
3404,7.36942,,144.667,,394
3405,7.37193,,144.556,,394
3406,7.37445,,144.444,,394
3407,7.37696,,144.333,,394
3408,7.37947,,144.222,,394
3409,7.38199,,144.111,,394
3410,7.3845,,144,,394
3411,7.38687,,143.778,,393.867
3412,7.38925,,143.556,,393.733
3413,7.39162,,143.333,,393.6
3414,7.394,,143.111,,393.467
3415,7.39637,,142.889,,393.333
3416,7.39875,,142.667,,393.2
3417,7.40112,,142.444,,393.067
3418,7.4035,,142.222,,392.933
3419,7.40587,,142,,392.8
3420,7.40806,,141.333,,392.533
3421,7.41024,,140.667,,392.267
3422,7.41243,,140,,392
3423,7.41465,,139.9,,391.92
3424,7.41686,,139.8,,391.84
3425,7.41908,,139.7,,391.76
3426,7.4213,,139.6,,391.68
3427,7.42351,,139.5,,391.6
3428,7.42573,,139.4,,391.52
3429,7.42795,,139.3,,391.44
3430,7.43017,,139.2,,391.36
3431,7.43238,,139.1,,391.28
3432,7.4346,,139,,391.2
3433,7.43669,,138.5,,391.1
3434,7.43878,,138,,391
3435,7.4413,,138,,390.925
3436,7.44383,,138,,390.85
3437,7.44635,,138,,390.775
3438,7.44888,,138,,390.7
3439,7.4514,,138,,390.625
3440,7.45393,,138,,390.55
3441,7.45645,,138,,390.475
3442,7.45898,,138,,390.4
3443,7.46139,,137.889,,390.378
3444,7.46379,,137.778,,390.356
3445,7.4662,,137.667,,390.333
3446,7.46861,,137.556,,390.311
3447,7.47101,,137.444,,390.289
3448,7.47342,,137.333,,390.267
3449,7.47583,,137.222,,390.244
3450,7.47823,,137.111,,390.222
3451,7.48064,,137,,390.2
3452,7.48304,,137,,390.167
3453,7.48545,,137,,390.133
3454,7.48785,,137,,390.1
3455,7.49025,,137,,390.067
3456,7.49266,,137,,390.033
3457,7.49506,,137,,390
3458,7.49716,,137.2,,390.02
3459,7.49926,,137.4,,390.04
3460,7.50137,,137.6,,390.06
3461,7.50347,,137.8,,390.08
3462,7.50557,,138,,390.1
3463,7.50767,,138.2,,390.12
3464,7.50977,,138.4,,390.14
3465,7.51188,,138.6,,390.16
3466,7.51398,,138.8,,390.18
3467,7.51608,,139,,390.2
3468,7.51812,,139.2,,390.28
3469,7.52017,,139.4,,390.36
3470,7.52222,,139.6,,390.44
3471,7.52426,,139.8,,390.52
3472,7.5263,,140,,390.6
3473,7.52835,,140.2,,390.68
3474,7.53039,,140.4,,390.76
3475,7.53244,,140.6,,390.84
3476,7.53449,,140.8,,390.92
3477,7.53653,,141,,391
3478,7.53867,,141.222,,391.133
3479,7.54081,,141.444,,391.267
3480,7.54295,,141.667,,391.4
3481,7.54509,,141.889,,391.533
3482,7.54724,,142.111,,391.667
3483,7.54938,,142.333,,391.8
3484,7.55152,,142.556,,391.933
3485,7.55366,,142.778,,392.067
3486,7.5558,,143,,392.2
3487,7.55815,,143.167,,392.367
3488,7.56051,,143.333,,392.533
3489,7.56286,,143.5,,392.7
3490,7.56521,,143.667,,392.867
3491,7.56757,,143.833,,393.033
3492,7.56992,,144,,393.2
3493,7.57189,,144.4,,393.44
3494,7.57386,,144.8,,393.68
3495,7.57582,,145.2,,393.92
3496,7.57779,,145.6,,394.16
3497,7.57976,,146,,394.4
3498,7.58192,,146.25,,394.525
3499,7.58408,,146.5,,394.65
3500,7.58624,,146.75,,394.775
3501,7.58839,,147,,394.9
3502,7.59055,,147.25,,395.025
3503,7.59271,,147.5,,395.15
3504,7.59487,,147.75,,395.275
3505,7.59703,,148,,395.4
3506,7.59881,,148.25,,395.65
3507,7.60059,,148.5,,395.9
3508,7.60237,,148.75,,396.15
3509,7.60415,,149,,396.4
3510,7.60626,,149,,396.64
3511,7.60838,,149,,396.88
3512,7.61049,,149,,397.12
3513,7.61261,,149,,397.36
3514,7.61472,,149,,397.6
3515,7.61664,,149,,397.743
3516,7.61856,,149,,397.886
3517,7.62048,,149,,398.029
3518,7.62239,,149,,398.171
3519,7.62431,,149,,398.314
3520,7.62623,,149,,398.457
3521,7.62815,,149,,398.6
3522,7.63029,,149.125,,398.725
3523,7.63242,,149.25,,398.85
3524,7.63456,,149.375,,398.975
3525,7.6367,,149.5,,399.1
3526,7.63884,,149.625,,399.225
3527,7.64098,,149.75,,399.35
3528,7.64311,,149.875,,399.475
3529,7.64525,,150,,399.6
3530,7.64736,,149.889,,399.733
3531,7.64948,,149.778,,399.867
3532,7.65159,,149.667,,400
3533,7.6537,,149.556,,400.133
3534,7.65582,,149.444,,400.267
3535,7.65793,,149.333,,400.4
3536,7.66004,,149.222,,400.533
3537,7.66216,,149.111,,400.667
3538,7.66427,,149,,400.8
3539,7.66647,,149,,400.88
3540,7.66866,,149,,400.96
3541,7.67086,,149,,401.04
3542,7.67306,,149,,401.12
3543,7.67525,,149,,401.2
3544,7.67745,,149,,401.28
3545,7.67965,,149,,401.36
3546,7.68185,,149,,401.44
3547,7.68404,,149,,401.52
3548,7.68624,,149,,401.6
3549,7.68875,,149,,401.65
3550,7.69126,,149,,401.7
3551,7.69378,,149,,401.75
3552,7.69629,,149,,401.8
3553,7.69841,,148.571,,401.8
3554,7.70053,,148.143,,401.8
3555,7.70265,,147.714,,401.8
3556,7.70477,,147.286,,401.8
3557,7.70689,,146.857,,401.8
3558,7.70901,,146.429,,401.8
3559,7.71113,,146,,401.8
3560,7.71331,,145.7,,401.72
3561,7.71549,,145.4,,401.64
3562,7.71767,,145.1,,401.56
3563,7.71985,,144.8,,401.48
3564,7.72203,,144.5,,401.4
3565,7.72422,,144.2,,401.32
3566,7.7264,,143.9,,401.24
3567,7.72858,,143.6,,401.16
3568,7.73076,,143.3,,401.08
3569,7.73294,,143,,401
3570,7.73504,,143,,400.9
3571,7.73714,,143,,400.8
3572,7.73959,,142.667,,400.6
3573,7.74204,,142.333,,400.4
3574,7.74449,,142,,400.2
3575,7.74695,,141.667,,400
3576,7.7494,,141.333,,399.8
3577,7.75185,,141,,399.6
3578,7.7542,,140.75,,399.35
3579,7.75656,,140.5,,399.1
3580,7.75891,,140.25,,398.85
3581,7.76127,,140,,398.6
3582,7.76375,,139.625,,398.475
3583,7.76624,,139.25,,398.35
3584,7.76872,,138.875,,398.225
3585,7.77121,,138.5,,398.1
3586,7.77369,,138.125,,397.975
3587,7.77618,,137.75,,397.85
3588,7.77866,,137.375,,397.725
3589,7.78115,,137,,397.6
3590,7.78355,,136.571,,397.457
3591,7.78595,,136.143,,397.314
3592,7.78835,,135.714,,397.171
3593,7.79074,,135.286,,397.029
3594,7.79314,,134.857,,396.886
3595,7.79554,,134.429,,396.743
3596,7.79794,,134,,396.6
3597,7.80025,,134.143,,396.429
3598,7.80257,,134.286,,396.257
3599,7.80488,,134.429,,396.086
3600,7.80719,,134.571,,395.914
3601,7.8095,,134.714,,395.743
3602,7.81182,,134.857,,395.571
3603,7.81413,,135,,395.4
3604,7.81649,,135.111,,395.311
3605,7.81885,,135.222,,395.222
3606,7.82121,,135.333,,395.133
3607,7.82357,,135.444,,395.044
3608,7.82592,,135.556,,394.956
3609,7.82828,,135.667,,394.867
3610,7.83064,,135.778,,394.778
3611,7.833,,135.889,,394.689
3612,7.83536,,136,,394.6
3613,7.83763,,136,,394.5
3614,7.83991,,136,,394.4
3615,7.84214,,136.222,,394.333
3616,7.84438,,136.444,,394.267
3617,7.84661,,136.667,,394.2
3618,7.84884,,136.889,,394.133
3619,7.85108,,137.111,,394.067
3620,7.85331,,137.333,,394
3621,7.85554,,137.556,,393.933
3622,7.85778,,137.778,,393.867
3623,7.86001,,138,,393.8
3624,7.86198,,137.909,,393.764
3625,7.86394,,137.818,,393.727
3626,7.86591,,137.727,,393.691
3627,7.86787,,137.636,,393.655
3628,7.86984,,137.545,,393.618
3629,7.8718,,137.455,,393.582
3630,7.87377,,137.364,,393.545
3631,7.87573,,137.273,,393.509
3632,7.8777,,137.182,,393.473
3633,7.87966,,137.091,,393.436
3634,7.88163,,137,,393.4
3635,7.88377,,137.2,,393.42
3636,7.88591,,137.4,,393.44
3637,7.88806,,137.6,,393.46
3638,7.8902,,137.8,,393.48
3639,7.89234,,138,,393.5
3640,7.89448,,138.2,,393.52
3641,7.89662,,138.4,,393.54
3642,7.89877,,138.6,,393.56
3643,7.90091,,138.8,,393.58
3644,7.90305,,139,,393.6
3645,7.90526,,138.9,,393.66
3646,7.90748,,138.8,,393.72
3647,7.90969,,138.7,,393.78
3648,7.9119,,138.6,,393.84
3649,7.91411,,138.5,,393.9
3650,7.91633,,138.4,,393.96
3651,7.91854,,138.3,,394.02
3652,7.92075,,138.2,,394.08
3653,7.92297,,138.1,,394.14
3654,7.92518,,138,,394.2
3655,7.9274,,138,,394.26
3656,7.92962,,138,,394.32
3657,7.93183,,138,,394.38
3658,7.93405,,138,,394.44
3659,7.93627,,138,,394.5
3660,7.93849,,138,,394.56
3661,7.94071,,138,,394.62
3662,7.94292,,138,,394.68
3663,7.94514,,138,,394.74
3664,7.94736,,138,,394.8
3665,7.9495,,138.1,,394.84
3666,7.95165,,138.2,,394.88
3667,7.95379,,138.3,,394.92
3668,7.95594,,138.4,,394.96
3669,7.95808,,138.5,,395
3670,7.96023,,138.6,,395.04
3671,7.96237,,138.7,,395.08
3672,7.96452,,138.8,,395.12
3673,7.96666,,138.9,,395.16
3674,7.96881,,139,,395.2
3675,7.97102,,139.25,,395.25
3676,7.97323,,139.5,,395.3
3677,7.97543,,139.75,,395.35
3678,7.97764,,140,,395.4
3679,7.9799,,140,,395.422
3680,7.98216,,140,,395.444
3681,7.98443,,140,,395.467
3682,7.98669,,140,,395.489
3683,7.98895,,140,,395.511
3684,7.99121,,140,,395.533
3685,7.99348,,140,,395.556
3686,7.99574,,140,,395.578
3687,7.998,,140,,395.6
3688,8.00026,,140,,395.622
3689,8.00252,,140,,395.644
3690,8.00479,,140,,395.667
3691,8.00705,,140,,395.689
3692,8.00931,,140,,395.711
3693,8.01157,,140,,395.733
3694,8.01384,,140,,395.756
3695,8.0161,,140,,395.778
3696,8.01836,,140,,395.8
3697,8.02058,,140,,395.8
3698,8.02281,,140,,395.8
3699,8.02503,,140,,395.8
3700,8.02725,,140,,395.8
3701,8.02948,,140,,395.8
3702,8.0317,,140,,395.8
3703,8.03392,,140,,395.8
3704,8.03615,,140,,395.8
3705,8.03837,,140,,395.8
3706,8.04062,,139.889,,395.778
3707,8.04287,,139.778,,395.756
3708,8.04512,,139.667,,395.733
3709,8.04737,,139.556,,395.711
3710,8.04961,,139.444,,395.689
3711,8.05186,,139.333,,395.667
3712,8.05411,,139.222,,395.644
3713,8.05636,,139.111,,395.622
3714,8.05861,,139,,395.6
3715,8.06086,,139,,395.6
3716,8.06311,,139,,395.6
3717,8.06536,,139,,395.6
3718,8.06761,,139,,395.6
3719,8.06985,,139,,395.6
3720,8.0721,,139,,395.6
3721,8.07435,,139,,395.6
3722,8.0766,,139,,395.6
3723,8.07885,,139,,395.6
3724,8.08104,,139.1,,395.6
3725,8.08323,,139.2,,395.6
3726,8.08543,,139.3,,395.6
3727,8.08762,,139.4,,395.6
3728,8.08981,,139.5,,395.6
3729,8.092,,139.6,,395.6
3730,8.09419,,139.7,,395.6
3731,8.09639,,139.8,,395.6
3732,8.09858,,139.9,,395.6
3733,8.10077,,140,,395.6
3734,8.10296,,140,,395.62
3735,8.10515,,140,,395.64
3736,8.10735,,140,,395.66
3737,8.10954,,140,,395.68
3738,8.11173,,140,,395.7
3739,8.11392,,140,,395.72
3740,8.11611,,140,,395.74
3741,8.11831,,140,,395.76
3742,8.1205,,140,,395.78
3743,8.12269,,140,,395.8
3744,8.12484,,139.9,,395.82
3745,8.12698,,139.8,,395.84
3746,8.12913,,139.7,,395.86
3747,8.13127,,139.6,,395.88
3748,8.13342,,139.5,,395.9
3749,8.13556,,139.4,,395.92
3750,8.13771,,139.3,,395.94
3751,8.13985,,139.2,,395.96
3752,8.14199,,139.1,,395.98
3753,8.14414,,139,,396
3754,8.14633,,139,,396.02
3755,8.14852,,139,,396.04
3756,8.15071,,139,,396.06
3757,8.1529,,139,,396.08
3758,8.15509,,139,,396.1
3759,8.15728,,139,,396.12
3760,8.15947,,139,,396.14
3761,8.16166,,139,,396.16
3762,8.16385,,139,,396.18
3763,8.16604,,139,,396.2
3764,8.16823,,139.167,,396.233
3765,8.17042,,139.333,,396.267
3766,8.17261,,139.5,,396.3
3767,8.1748,,139.667,,396.333
3768,8.17699,,139.833,,396.367
3769,8.17918,,140,,396.4
3770,8.18134,,139.9,,396.44
3771,8.1835,,139.8,,396.48
3772,8.18566,,139.7,,396.52
3773,8.18782,,139.6,,396.56
3774,8.18999,,139.5,,396.6
3775,8.19215,,139.4,,396.64
3776,8.19431,,139.3,,396.68
3777,8.19647,,139.2,,396.72
3778,8.19863,,139.1,,396.76
3779,8.20079,,139,,396.8
3780,8.20293,,138.9,,396.82
3781,8.20508,,138.8,,396.84
3782,8.20722,,138.7,,396.86
3783,8.20937,,138.6,,396.88
3784,8.21151,,138.5,,396.9
3785,8.21365,,138.4,,396.92
3786,8.2158,,138.3,,396.94
3787,8.21794,,138.2,,396.96
3788,8.22009,,138.1,,396.98
3789,8.22223,,138,,397
3790,8.22433,,137.8,,397.04
3791,8.22643,,137.6,,397.08
3792,8.22854,,137.4,,397.12
3793,8.23064,,137.2,,397.16
3794,8.23274,,137,,397.2
3795,8.23484,,136.8,,397.24
3796,8.23694,,136.6,,397.28
3797,8.23905,,136.4,,397.32
3798,8.24115,,136.2,,397.36
3799,8.24325,,136,,397.4
3800,8.24515,,136,,397.4
3801,8.24733,,136,,397.44
3802,8.2495,,136,,397.48
3803,8.25168,,136,,397.52
3804,8.25385,,136,,397.56
3805,8.25602,,136,,397.6
3806,8.2582,,136,,397.64
3807,8.26037,,136,,397.68
3808,8.26255,,136,,397.72
3809,8.26473,,136,,397.76
3810,8.2669,,136,,397.8
3811,8.269,,136,,397.914
3812,8.2711,,136,,398.029
3813,8.2732,,136,,398.143
3814,8.27529,,136,,398.257
3815,8.27739,,136,,398.371
3816,8.27949,,136,,398.486
3817,8.28159,,136,,398.6
3818,8.28368,,136.3,,398.66
3819,8.28577,,136.6,,398.72
3820,8.28785,,136.9,,398.78
3821,8.28994,,137.2,,398.84
3822,8.29203,,137.5,,398.9
3823,8.29412,,137.8,,398.96
3824,8.29621,,138.1,,399.02
3825,8.29829,,138.4,,399.08
3826,8.30038,,138.7,,399.14
3827,8.30247,,139,,399.2
3828,8.30471,,139.2,,399.28
3829,8.30695,,139.4,,399.36
3830,8.30918,,139.6,,399.44
3831,8.31142,,139.8,,399.52
3832,8.31366,,140,,399.6
3833,8.31571,,140.143,,399.743
3834,8.31775,,140.286,,399.886
3835,8.3198,,140.429,,400.029
3836,8.32184,,140.571,,400.171
3837,8.32389,,140.714,,400.314
3838,8.32593,,140.857,,400.457
3839,8.32798,,141,,400.6
3840,8.33015,,140.857,,400.771
3841,8.33233,,140.714,,400.943
3842,8.3345,,140.571,,401.114
3843,8.33667,,140.429,,401.286
3844,8.33884,,140.286,,401.457
3845,8.34102,,140.143,,401.629
3846,8.34319,,140,,401.8
3847,8.34554,,140.222,,401.889
3848,8.34788,,140.444,,401.978
3849,8.35023,,140.667,,402.067
3850,8.35258,,140.889,,402.156
3851,8.35492,,141.111,,402.244
3852,8.35727,,141.333,,402.333
3853,8.35962,,141.556,,402.422
3854,8.36196,,141.778,,402.511
3855,8.36431,,142,,402.6
3856,8.36628,,142,,402.8
3857,8.36848,,141.9,,402.88
3858,8.37068,,141.8,,402.96
3859,8.37287,,141.7,,403.04
3860,8.37507,,141.6,,403.12
3861,8.37727,,141.5,,403.2
3862,8.37947,,141.4,,403.28
3863,8.38167,,141.3,,403.36
3864,8.38386,,141.2,,403.44
3865,8.38606,,141.1,,403.52
3866,8.38826,,141,,403.6
3867,8.39044,,140.889,,403.622
3868,8.39262,,140.778,,403.644
3869,8.39479,,140.667,,403.667
3870,8.39697,,140.556,,403.689
3871,8.39915,,140.444,,403.711
3872,8.40133,,140.333,,403.733
3873,8.4035,,140.222,,403.756
3874,8.40568,,140.111,,403.778
3875,8.40786,,140,,403.8
3876,8.41016,,140.111,,403.844
3877,8.41245,,140.222,,403.889
3878,8.41475,,140.333,,403.933
3879,8.41705,,140.444,,403.978
3880,8.41934,,140.556,,404.022
3881,8.42164,,140.667,,404.067
3882,8.42394,,140.778,,404.111
3883,8.42623,,140.889,,404.156
3884,8.42853,,141,,404.2
3885,8.43084,,141,,404.222
3886,8.43315,,141,,404.244
3887,8.43546,,141,,404.267
3888,8.43777,,141,,404.289
3889,8.44007,,141,,404.311
3890,8.44238,,141,,404.333
3891,8.44469,,141,,404.356
3892,8.447,,141,,404.378
3893,8.44931,,141,,404.4
3894,8.45149,,141.1,,404.4
3895,8.45367,,141.2,,404.4
3896,8.45585,,141.3,,404.4
3897,8.45803,,141.4,,404.4
3898,8.46021,,141.5,,404.4
3899,8.46238,,141.6,,404.4
3900,8.46456,,141.7,,404.4
3901,8.46674,,141.8,,404.4
3902,8.46892,,141.9,,404.4
3903,8.4711,,142,,404.4
3904,8.47325,,141.9,,404.42
3905,8.4754,,141.8,,404.44
3906,8.47756,,141.7,,404.46
3907,8.47971,,141.6,,404.48
3908,8.48186,,141.5,,404.5
3909,8.48401,,141.4,,404.52
3910,8.48616,,141.3,,404.54
3911,8.48832,,141.2,,404.56
3912,8.49047,,141.1,,404.58
3913,8.49262,,141,,404.6
3914,8.49489,,141,,404.6
3915,8.49715,,141,,404.6
3916,8.49942,,141,,404.6
3917,8.50168,,141,,404.6
3918,8.50395,,141,,404.6
3919,8.50621,,141,,404.6
3920,8.50848,,141,,404.6
3921,8.51074,,141,,404.6
3922,8.51301,,141,,404.6
3923,8.51532,,140.889,,404.578
3924,8.51763,,140.778,,404.556
3925,8.51994,,140.667,,404.533
3926,8.52225,,140.556,,404.511
3927,8.52455,,140.444,,404.489
3928,8.52686,,140.333,,404.467
3929,8.52917,,140.222,,404.444
3930,8.53148,,140.111,,404.422
3931,8.53379,,140,,404.4
3932,8.53601,,139.889,,404.356
3933,8.53824,,139.778,,404.311
3934,8.54046,,139.667,,404.267
3935,8.54269,,139.556,,404.222
3936,8.54491,,139.444,,404.178
3937,8.54714,,139.333,,404.133
3938,8.54936,,139.222,,404.089
3939,8.55159,,139.111,,404.044
3940,8.55381,,139,,404
3941,8.55607,,138.778,,403.978
3942,8.55833,,138.556,,403.956
3943,8.56058,,138.333,,403.933
3944,8.56284,,138.111,,403.911
3945,8.5651,,137.889,,403.889
3946,8.56736,,137.667,,403.867
3947,8.56961,,137.444,,403.844
3948,8.57187,,137.222,,403.822
3949,8.57413,,137,,403.8
3950,8.57628,,137,,403.78
3951,8.57842,,137,,403.76
3952,8.58057,,137,,403.74
3953,8.58272,,137,,403.72
3954,8.58487,,137,,403.7
3955,8.58701,,137,,403.68
3956,8.58916,,137,,403.66
3957,8.59131,,137,,403.64
3958,8.59345,,137,,403.62
3959,8.5956,,137,,403.6
3960,8.59769,,136.9,,403.54
3961,8.59978,,136.8,,403.48
3962,8.60187,,136.7,,403.42
3963,8.60396,,136.6,,403.36
3964,8.60605,,136.5,,403.3
3965,8.60814,,136.4,,403.24
3966,8.61023,,136.3,,403.18
3967,8.61232,,136.2,,403.12
3968,8.61441,,136.1,,403.06
3969,8.6165,,136,,403
3970,8.61875,,136.2,,402.96
3971,8.62101,,136.4,,402.92
3972,8.62326,,136.6,,402.88
3973,8.62552,,136.8,,402.84
3974,8.62777,,137,,402.8
3975,8.63005,,136.833,,402.633
3976,8.63233,,136.667,,402.467
3977,8.63461,,136.5,,402.3
3978,8.63689,,136.333,,402.133
3979,8.63917,,136.167,,401.967
3980,8.64145,,136,,401.8
3981,8.64385,,135.778,,401.689
3982,8.64625,,135.556,,401.578
3983,8.64864,,135.333,,401.467
3984,8.65104,,135.111,,401.356
3985,8.65344,,134.889,,401.244
3986,8.65584,,134.667,,401.133
3987,8.65823,,134.444,,401.022
3988,8.66063,,134.222,,400.911
3989,8.66303,,134,,400.8
3990,8.66529,,134,,400.689
3991,8.66755,,134,,400.578
3992,8.6698,,134,,400.467
3993,8.67206,,134,,400.356
3994,8.67432,,134,,400.244
3995,8.67658,,134,,400.133
3996,8.67883,,134,,400.022
3997,8.68109,,134,,399.911
3998,8.68335,,134,,399.8
3999,8.68584,,134,,399.8
4000,8.68832,,134,,399.8
4001,8.69081,,134,,399.8
4002,8.69302,,133.8,,399.76
4003,8.69523,,133.6,,399.72
4004,8.69743,,133.4,,399.68
4005,8.69964,,133.2,,399.64
4006,8.70185,,133,,399.6
4007,8.70406,,132.8,,399.56
4008,8.70627,,132.6,,399.52
4009,8.70847,,132.4,,399.48
4010,8.71068,,132.2,,399.44
4011,8.71289,,132,,399.4
4012,8.71516,,132.222,,399.356
4013,8.71743,,132.444,,399.311
4014,8.7197,,132.667,,399.267
4015,8.72197,,132.889,,399.222
4016,8.72423,,133.111,,399.178
4017,8.7265,,133.333,,399.133
4018,8.72877,,133.556,,399.089
4019,8.73104,,133.778,,399.044
4020,8.73331,,134,,399
4021,8.73562,,134.143,,398.971
4022,8.73792,,134.286,,398.943
4023,8.74023,,134.429,,398.914
4024,8.74254,,134.571,,398.886
4025,8.74485,,134.714,,398.857
4026,8.74715,,134.857,,398.829
4027,8.74946,,135,,398.8
4028,8.75171,,134.889,,398.689
4029,8.75397,,134.778,,398.578
4030,8.75622,,134.667,,398.467
4031,8.75847,,134.556,,398.356
4032,8.76073,,134.444,,398.244
4033,8.76298,,134.333,,398.133
4034,8.76523,,134.222,,398.022
4035,8.76749,,134.111,,397.911
4036,8.76974,,134,,397.8
4037,8.77195,,134,,397.775
4038,8.77416,,134,,397.75
4039,8.77636,,134,,397.725
4040,8.77857,,134,,397.7
4041,8.78078,,134,,397.675
4042,8.78299,,134,,397.65
4043,8.78519,,134,,397.625
4044,8.7874,,134,,397.6
4045,8.78946,,134.1,,397.6
4046,8.79152,,134.2,,397.6
4047,8.79358,,134.3,,397.6
4048,8.79564,,134.4,,397.6
4049,8.79771,,134.5,,397.6
4050,8.79977,,134.6,,397.6
4051,8.80183,,134.7,,397.6
4052,8.80389,,134.8,,397.6
4053,8.80595,,134.9,,397.6
4054,8.80801,,135,,397.6
4055,8.81023,,134.778,,397.578
4056,8.81246,,134.556,,397.556
4057,8.81468,,134.333,,397.533
4058,8.8169,,134.111,,397.511
4059,8.81913,,133.889,,397.489
4060,8.82135,,133.667,,397.467
4061,8.82357,,133.444,,397.444
4062,8.8258,,133.222,,397.422
4063,8.82802,,133,,397.4
4064,8.83027,,133,,397.4
4065,8.83251,,133,,397.4
4066,8.83476,,133,,397.4
4067,8.83701,,133,,397.4
4068,8.83925,,133,,397.4
4069,8.8415,,133,,397.4
4070,8.84375,,133,,397.4
4071,8.84599,,133,,397.4
4072,8.84824,,133,,397.4
4073,8.85051,,133.111,,397.4
4074,8.85277,,133.222,,397.4
4075,8.85504,,133.333,,397.4
4076,8.85731,,133.444,,397.4
4077,8.85957,,133.556,,397.4
4078,8.86184,,133.667,,397.4
4079,8.86411,,133.778,,397.4
4080,8.86637,,133.889,,397.4
4081,8.86864,,134,,397.4
4082,8.87087,,134.2,,397.36
4083,8.87311,,134.4,,397.32
4084,8.87534,,134.6,,397.28
4085,8.87758,,134.8,,397.24
4086,8.87981,,135,,397.2
4087,8.88204,,135.2,,397.16
4088,8.88428,,135.4,,397.12
4089,8.88651,,135.6,,397.08
4090,8.88875,,135.8,,397.04
4091,8.89098,,136,,397
4092,8.89325,,136,,397.022
4093,8.89553,,136,,397.044
4094,8.8978,,136,,397.067
4095,8.90008,,136,,397.089
4096,8.90235,,136,,397.111
4097,8.90463,,136,,397.133
4098,8.9069,,136,,397.156
4099,8.90918,,136,,397.178
4100,8.91145,,136,,397.2
4101,8.91374,,135.889,,397.178
4102,8.91603,,135.778,,397.156
4103,8.91832,,135.667,,397.133
4104,8.92061,,135.556,,397.111
4105,8.92289,,135.444,,397.089
4106,8.92518,,135.333,,397.067
4107,8.92747,,135.222,,397.044
4108,8.92976,,135.111,,397.022
4109,8.93205,,135,,397
4110,8.93418,,134.9,,396.96
4111,8.93631,,134.8,,396.92
4112,8.93844,,134.7,,396.88
4113,8.94057,,134.6,,396.84
4114,8.94271,,134.5,,396.8
4115,8.94484,,134.4,,396.76
4116,8.94697,,134.3,,396.72
4117,8.9491,,134.2,,396.68
4118,8.95123,,134.1,,396.64
4119,8.95336,,134,,396.6
4120,8.95562,,134,,396.556
4121,8.95787,,134,,396.511
4122,8.96013,,134,,396.467
4123,8.96239,,134,,396.422
4124,8.96464,,134,,396.378
4125,8.9669,,134,,396.333
4126,8.96916,,134,,396.289
4127,8.97141,,134,,396.244
4128,8.97367,,134,,396.2
4129,8.97601,,134,,396.114
4130,8.97834,,134,,396.029
4131,8.98068,,134,,395.943
4132,8.98301,,134,,395.857
4133,8.98535,,134,,395.771
4134,8.98768,,134,,395.686
4135,8.99002,,134,,395.6
4136,8.99217,,134,,395.55
4137,8.99431,,134,,395.5
4138,8.99645,,134,,395.45
4139,8.9986,,134,,395.4
4140,9.00078,,134,,395.286
4141,9.00295,,134,,395.171
4142,9.00513,,134,,395.057
4143,9.00731,,134,,394.943
4144,9.00949,,134,,394.829
4145,9.01166,,134,,394.714
4146,9.01384,,134,,394.6
4147,9.01606,,133.9,,394.52
4148,9.01829,,133.8,,394.44
4149,9.02051,,133.7,,394.36
4150,9.02274,,133.6,,394.28
4151,9.02496,,133.5,,394.2
4152,9.02718,,133.4,,394.12
4153,9.02941,,133.3,,394.04
4154,9.03163,,133.2,,393.96
4155,9.03386,,133.1,,393.88
4156,9.03608,,133,,393.8
4157,9.03852,,133,,393.7
4158,9.04097,,133,,393.6
4159,9.04321,,132.857,,393.457
4160,9.04545,,132.714,,393.314
4161,9.04769,,132.571,,393.171
4162,9.04992,,132.429,,393.029
4163,9.05216,,132.286,,392.886
4164,9.0544,,132.143,,392.743
4165,9.05664,,132,,392.6
4166,9.0589,,131.889,,392.533
4167,9.06117,,131.778,,392.467
4168,9.06343,,131.667,,392.4
4169,9.0657,,131.556,,392.333
4170,9.06796,,131.444,,392.267
4171,9.07023,,131.333,,392.2
4172,9.07249,,131.222,,392.133
4173,9.07476,,131.111,,392.067
4174,9.07702,,131,,392
4175,9.07927,,131.111,,391.956
4176,9.08152,,131.222,,391.911
4177,9.08376,,131.333,,391.867
4178,9.08601,,131.444,,391.822
4179,9.08826,,131.556,,391.778
4180,9.09051,,131.667,,391.733
4181,9.09275,,131.778,,391.689
4182,9.095,,131.889,,391.644
4183,9.09725,,132,,391.6
4184,9.09967,,132,,391.5
4185,9.10209,,132,,391.4
4186,9.10436,,132,,391.333
4187,9.10663,,132,,391.267
4188,9.1089,,132,,391.2
4189,9.11117,,132,,391.133
4190,9.11344,,132,,391.067
4191,9.11571,,132,,391
4192,9.11798,,132,,390.933
4193,9.12025,,132,,390.867
4194,9.12252,,132,,390.8
4195,9.12462,,132.5,,390.6
4196,9.12672,,133,,390.4
4197,9.12904,,133,,390.25
4198,9.13136,,133,,390.1
4199,9.13368,,133,,389.95
4200,9.13601,,133,,389.8
4201,9.13833,,133,,389.65
4202,9.14065,,133,,389.5
4203,9.14297,,133,,389.35
4204,9.14529,,133,,389.2
4205,9.14766,,132.833,,389
4206,9.15003,,132.667,,388.8
4207,9.1524,,132.5,,388.6
4208,9.15477,,132.333,,388.4
4209,9.15714,,132.167,,388.2
4210,9.15951,,132,,388
4211,9.16172,,131.833,,387.833
4212,9.16392,,131.667,,387.667
4213,9.16613,,131.5,,387.5
4214,9.16833,,131.333,,387.333
4215,9.17054,,131.167,,387.167
4216,9.17274,,131,,387
4217,9.17515,,131,,386.8
4218,9.17756,,131,,386.6
4219,9.17996,,131,,386.4
4220,9.18237,,131,,386.2
4221,9.18478,,131,,386
4222,9.18698,,131,,385.76
4223,9.18918,,131,,385.52
4224,9.19139,,131,,385.28
4225,9.19359,,131,,385.04
4226,9.19579,,131,,384.8
4227,9.19809,,130.8,,384.56
4228,9.20039,,130.6,,384.32
4229,9.2027,,130.4,,384.08
4230,9.205,,130.2,,383.84
4231,9.2073,,130,,383.6
4232,9.20947,,130,,383.4
4233,9.21164,,130,,383.2
4234,9.2138,,130,,383
4235,9.21597,,130,,382.8
4236,9.21814,,130,,382.6
4237,9.22033,,130,,382.35
4238,9.22252,,130,,382.1
4239,9.22472,,130,,381.85
4240,9.22691,,130,,381.6
4241,9.2292,,129.667,,381.4
4242,9.23148,,129.333,,381.2
4243,9.23377,,129,,381
4244,9.23606,,128.667,,380.8
4245,9.23834,,128.333,,380.6
4246,9.24063,,128,,380.4
4247,9.24267,,128.2,,380.2
4248,9.24471,,128.4,,380
4249,9.24675,,128.6,,379.8
4250,9.24879,,128.8,,379.6
4251,9.25083,,129,,379.4
4252,9.25319,,129,,379.289
4253,9.25554,,129,,379.178
4254,9.2579,,129,,379.067
4255,9.26026,,129,,378.956
4256,9.26261,,129,,378.844
4257,9.26497,,129,,378.733
4258,9.26733,,129,,378.622
4259,9.26968,,129,,378.511
4260,9.27204,,129,,378.4
4261,9.27439,,129.111,,378.289
4262,9.27674,,129.222,,378.178
4263,9.27908,,129.333,,378.067
4264,9.28143,,129.444,,377.956
4265,9.28378,,129.556,,377.844
4266,9.28613,,129.667,,377.733
4267,9.28847,,129.778,,377.622
4268,9.29082,,129.889,,377.511
4269,9.29317,,130,,377.4
4270,9.29573,,130.333,,377.233
4271,9.29828,,130.667,,377.067
4272,9.30084,,131,,376.9
4273,9.3034,,131.333,,376.733
4274,9.30595,,131.667,,376.567
4275,9.30851,,132,,376.4
4276,9.31057,,132.222,,376.267
4277,9.31262,,132.444,,376.133
4278,9.31468,,132.667,,376
4279,9.31673,,132.889,,375.867
4280,9.31879,,133.111,,375.733
4281,9.32084,,133.333,,375.6
4282,9.3229,,133.556,,375.467
4283,9.32495,,133.778,,375.333
4284,9.32701,,134,,375.2
4285,9.32919,,134,,375.057
4286,9.33138,,134,,374.914
4287,9.33356,,134,,374.771
4288,9.33574,,134,,374.629
4289,9.33792,,134,,374.486
4290,9.34011,,134,,374.343
4291,9.34229,,134,,374.2
4292,9.34478,,133.8,,374
4293,9.34727,,133.6,,373.8
4294,9.34977,,133.4,,373.6
4295,9.35226,,133.2,,373.4
4296,9.35475,,133,,373.2
4297,9.35702,,133.125,,373.025
4298,9.35929,,133.25,,372.85
4299,9.36155,,133.375,,372.675
4300,9.36382,,133.5,,372.5
4301,9.36609,,133.625,,372.325
4302,9.36835,,133.75,,372.15
4303,9.37062,,133.875,,371.975
4304,9.37289,,134,,371.8
4305,9.37518,,133.857,,371.657
4306,9.37747,,133.714,,371.514
4307,9.37976,,133.571,,371.371
4308,9.38206,,133.429,,371.229
4309,9.38435,,133.286,,371.086
4310,9.38664,,133.143,,370.943
4311,9.38893,,133,,370.8
4312,9.39106,,133,,370.55
4313,9.3932,,133,,370.3
4314,9.39533,,133,,370.05
4315,9.39746,,133,,369.8
4316,9.39977,,132.875,,369.65
4317,9.40207,,132.75,,369.5
4318,9.40438,,132.625,,369.35
4319,9.40669,,132.5,,369.2
4320,9.40899,,132.375,,369.05
4321,9.4113,,132.25,,368.9
4322,9.4136,,132.125,,368.75
4323,9.41591,,132,,368.6
4324,9.41814,,132,,368.457
4325,9.42037,,132,,368.314
4326,9.4226,,132,,368.171
4327,9.42484,,132,,368.029
4328,9.42707,,132,,367.886
4329,9.4293,,132,,367.743
4330,9.43153,,132,,367.6
4331,9.43381,,131.889,,367.489
4332,9.43608,,131.778,,367.378
4333,9.43836,,131.667,,367.267
4334,9.44063,,131.556,,367.156
4335,9.44291,,131.444,,367.044
4336,9.44518,,131.333,,366.933
4337,9.44746,,131.222,,366.822
4338,9.44973,,131.111,,366.711
4339,9.45201,,131,,366.6
4340,9.45416,,130.778,,366.489
4341,9.45631,,130.556,,366.378
4342,9.45846,,130.333,,366.267
4343,9.46061,,130.111,,366.156
4344,9.46276,,129.889,,366.044
4345,9.46491,,129.667,,365.933
4346,9.46706,,129.444,,365.822
4347,9.46921,,129.222,,365.711
4348,9.47136,,129,,365.6
4349,9.47356,,128.875,,365.45
4350,9.47576,,128.75,,365.3
4351,9.47796,,128.625,,365.15
4352,9.48016,,128.5,,365
4353,9.48235,,128.375,,364.85
4354,9.48455,,128.25,,364.7
4355,9.48675,,128.125,,364.55
4356,9.48895,,128,,364.4
4357,9.49113,,128.1,,364.32
4358,9.4933,,128.2,,364.24
4359,9.49548,,128.3,,364.16
4360,9.49765,,128.4,,364.08
4361,9.49982,,128.5,,364
4362,9.502,,128.6,,363.92
4363,9.50418,,128.7,,363.84
4364,9.50635,,128.8,,363.76
4365,9.50853,,128.9,,363.68
4366,9.5107,,129,,363.6
4367,9.51292,,129.333,,363.533
4368,9.51513,,129.667,,363.467
4369,9.51735,,130,,363.4
4370,9.51954,,129.8,,363.32
4371,9.52174,,129.6,,363.24
4372,9.52393,,129.4,,363.16
4373,9.52613,,129.2,,363.08
4374,9.52832,,129,,363
4375,9.53051,,128.8,,362.92
4376,9.53271,,128.6,,362.84
4377,9.5349,,128.4,,362.76
4378,9.5371,,128.2,,362.68
4379,9.53929,,128,,362.6
4380,9.54171,,128,,362.467
4381,9.54414,,128,,362.333
4382,9.54656,,128,,362.2
4383,9.54887,,128,,362.089
4384,9.55119,,128,,361.978
4385,9.5535,,128,,361.867
4386,9.55581,,128,,361.756
4387,9.55813,,128,,361.644
4388,9.56044,,128,,361.533
4389,9.56275,,128,,361.422
4390,9.56507,,128,,361.311
4391,9.56738,,128,,361.2
4392,9.5697,,128.143,,361.029
4393,9.57201,,128.286,,360.857
4394,9.57433,,128.429,,360.686
4395,9.57665,,128.571,,360.514
4396,9.57897,,128.714,,360.343
4397,9.58128,,128.857,,360.171
4398,9.5836,,129,,360
4399,9.58581,,129,,359.857
4400,9.58803,,129,,359.714
4401,9.59024,,129,,359.571
4402,9.59245,,129,,359.429
4403,9.59466,,129,,359.286
4404,9.59688,,129,,359.143
4405,9.59909,,129,,359
4406,9.60127,,129.375,,358.875
4407,9.60345,,129.75,,358.75
4408,9.60563,,130.125,,358.625
4409,9.60782,,130.5,,358.5
4410,9.61,,130.875,,358.375
4411,9.61218,,131.25,,358.25
4412,9.61436,,131.625,,358.125
4413,9.61654,,132,,358
4414,9.6186,,132,,358
4415,9.62066,,132,,358
4416,9.62278,,132,,357.829
4417,9.62489,,132,,357.657
4418,9.62701,,132,,357.486
4419,9.62913,,132,,357.314
4420,9.63125,,132,,357.143
4421,9.63336,,132,,356.971
4422,9.63548,,132,,356.8
4423,9.63766,,132.1,,356.72
4424,9.63985,,132.2,,356.64
4425,9.64203,,132.3,,356.56
4426,9.64422,,132.4,,356.48
4427,9.6464,,132.5,,356.4
4428,9.64858,,132.6,,356.32
4429,9.65077,,132.7,,356.24
4430,9.65295,,132.8,,356.16
4431,9.65514,,132.9,,356.08
4432,9.65732,,133,,356
4433,9.65953,,133,,355.9
4434,9.66175,,133,,355.8
4435,9.664,,133.222,,355.756
4436,9.66626,,133.444,,355.711
4437,9.66851,,133.667,,355.667
4438,9.67076,,133.889,,355.622
4439,9.67302,,134.111,,355.578
4440,9.67527,,134.333,,355.533
4441,9.67752,,134.556,,355.489
4442,9.67978,,134.778,,355.444
4443,9.68203,,135,,355.4
4444,9.68449,,135,,355.378
4445,9.68694,,135,,355.356
4446,9.6894,,135,,355.333
4447,9.69186,,135,,355.311
4448,9.69431,,135,,355.289
4449,9.69677,,135,,355.267
4450,9.69923,,135,,355.244
4451,9.70168,,135,,355.222
4452,9.70414,,135,,355.2
4453,9.70655,,135,,355.143
4454,9.70895,,135,,355.086
4455,9.71136,,135,,355.029
4456,9.71376,,135,,354.971
4457,9.71617,,135,,354.914
4458,9.71857,,135,,354.857
4459,9.72098,,135,,354.8
4460,9.72326,,135,,354.8
4461,9.72555,,135,,354.8
4462,9.72783,,135,,354.8
4463,9.73011,,135,,354.8
4464,9.7324,,135,,354.8
4465,9.73468,,135,,354.8
4466,9.73696,,135,,354.8
4467,9.73925,,135,,354.8
4468,9.74153,,135,,354.8
4469,9.7436,,135.1,,354.74
4470,9.74566,,135.2,,354.68
4471,9.74773,,135.3,,354.62
4472,9.74979,,135.4,,354.56
4473,9.75186,,135.5,,354.5
4474,9.75393,,135.6,,354.44
4475,9.75599,,135.7,,354.38
4476,9.75806,,135.8,,354.32
4477,9.76012,,135.9,,354.26
4478,9.76219,,136,,354.2
4479,9.76436,,135.8,,354.18
4480,9.76653,,135.6,,354.16
4481,9.7687,,135.4,,354.14
4482,9.77087,,135.2,,354.12
4483,9.77304,,135,,354.1
4484,9.7752,,134.8,,354.08
4485,9.77737,,134.6,,354.06
4486,9.77954,,134.4,,354.04
4487,9.78171,,134.2,,354.02
4488,9.78388,,134,,354
4489,9.78633,,133.8,,353.96
4490,9.78879,,133.6,,353.92
4491,9.79124,,133.4,,353.88
4492,9.7937,,133.2,,353.84
4493,9.79615,,133,,353.8
4494,9.79834,,133.1,,353.76
4495,9.80053,,133.2,,353.72
4496,9.80272,,133.3,,353.68
4497,9.80491,,133.4,,353.64
4498,9.8071,,133.5,,353.6
4499,9.80929,,133.6,,353.56
4500,9.81148,,133.7,,353.52
4501,9.81367,,133.8,,353.48
4502,9.81586,,133.9,,353.44
4503,9.81805,,134,,353.4
4504,9.82022,,134,,353.38
4505,9.82238,,134,,353.36
4506,9.82455,,134,,353.34
4507,9.82671,,134,,353.32
4508,9.82888,,134,,353.3
4509,9.83105,,134,,353.28
4510,9.83321,,134,,353.26
4511,9.83538,,134,,353.24
4512,9.83754,,134,,353.22
4513,9.83971,,134,,353.2
4514,9.84188,,134,,353.2
4515,9.84406,,134,,353.2
4516,9.84623,,134,,353.2
4517,9.84841,,134,,353.2
4518,9.85058,,134,,353.2
4519,9.85275,,134,,353.2
4520,9.85493,,134,,353.2
4521,9.8571,,134,,353.2
4522,9.85928,,134,,353.2
4523,9.86145,,134,,353.2
4524,9.86356,,134,,353.2
4525,9.86568,,134,,353.2
4526,9.86779,,134,,353.2
4527,9.8699,,134,,353.2
4528,9.87202,,134,,353.2
4529,9.87413,,134,,353.2
4530,9.87624,,134,,353.2
4531,9.87835,,134,,353.2
4532,9.88047,,134,,353.2
4533,9.88258,,134,,353.2
4534,9.88478,,134.2,,353.18
4535,9.88698,,134.4,,353.16
4536,9.88917,,134.6,,353.14
4537,9.89137,,134.8,,353.12
4538,9.89357,,135,,353.1
4539,9.89577,,135.2,,353.08
4540,9.89797,,135.4,,353.06
4541,9.90016,,135.6,,353.04
4542,9.90236,,135.8,,353.02
4543,9.90456,,136,,353
4544,9.90671,,135.9,,353
4545,9.90886,,135.8,,353
4546,9.911,,135.7,,353
4547,9.91315,,135.6,,353
4548,9.9153,,135.5,,353
4549,9.91745,,135.4,,353
4550,9.9196,,135.3,,353
4551,9.92174,,135.2,,353
4552,9.92389,,135.1,,353
4553,9.92604,,135,,353
4554,9.92814,,135,,353.02
4555,9.93024,,135,,353.04
4556,9.93234,,135,,353.06
4557,9.93444,,135,,353.08
4558,9.93654,,135,,353.1
4559,9.93864,,135,,353.12
4560,9.94074,,135,,353.14
4561,9.94284,,135,,353.16
4562,9.94494,,135,,353.18
4563,9.94704,,135,,353.2
4564,9.94908,,134.8,,353.2
4565,9.95112,,134.6,,353.2
4566,9.95317,,134.4,,353.2
4567,9.95521,,134.2,,353.2
4568,9.95725,,134,,353.2
4569,9.95929,,133.8,,353.2
4570,9.96133,,133.6,,353.2
4571,9.96338,,133.4,,353.2
4572,9.96542,,133.2,,353.2
4573,9.96746,,133,,353.2
4574,9.96952,,132.8,,353.24
4575,9.97157,,132.6,,353.28
4576,9.97363,,132.4,,353.32
4577,9.97569,,132.2,,353.36
4578,9.97775,,132,,353.4
4579,9.9798,,131.8,,353.44
4580,9.98186,,131.6,,353.48
4581,9.98392,,131.4,,353.52
4582,9.98597,,131.2,,353.56
4583,9.98803,,131,,353.6
4584,9.99009,,131,,353.6
4585,9.99215,,131,,353.6
4586,9.99421,,131,,353.6
4587,9.99627,,131,,353.6
4588,9.99833,,131,,353.6
4589,10.0004,,131.091,,353.582
4590,10.0024,,131.182,,353.564
4591,10.0044,,131.273,,353.545
4592,10.0065,,131.364,,353.527
4593,10.0085,,131.455,,353.509
4594,10.0105,,131.545,,353.491
4595,10.0126,,131.636,,353.473
4596,10.0146,,131.727,,353.455
4597,10.0166,,131.818,,353.436
4598,10.0187,,131.909,,353.418
4599,10.0207,,132,,353.4
4600,10.023,,132.111,,353.333
4601,10.0252,,132.222,,353.267
4602,10.0275,,132.333,,353.2
4603,10.0298,,132.444,,353.133
4604,10.0321,,132.556,,353.067
4605,10.0343,,132.667,,353
4606,10.0366,,132.778,,352.933
4607,10.0389,,132.889,,352.867
4608,10.0412,,133,,352.8
4609,10.0433,,133,,352.8
4610,10.0455,,133,,352.8
4611,10.0477,,132.8,,352.76
4612,10.0499,,132.6,,352.72
4613,10.052,,132.4,,352.68
4614,10.0542,,132.2,,352.64
4615,10.0564,,132,,352.6
4616,10.0585,,131.8,,352.56
4617,10.0607,,131.6,,352.52
4618,10.0629,,131.4,,352.48
4619,10.065,,131.2,,352.44
4620,10.0672,,131,,352.4
4621,10.0696,,130.778,,352.4
4622,10.072,,130.556,,352.4
4623,10.0744,,130.333,,352.4
4624,10.0767,,130.111,,352.4
4625,10.0791,,129.889,,352.4
4626,10.0815,,129.667,,352.4
4627,10.0839,,129.444,,352.4
4628,10.0863,,129.222,,352.4
4629,10.0887,,129,,352.4
4630,10.0911,,129.5,,352.4
4631,10.0934,,130,,352.4
4632,10.0957,,130.5,,352.4
4633,10.0981,,131,,352.4
4634,10.1004,,131.5,,352.4
4635,10.1028,,132,,352.4
4636,10.1051,,132.375,,352.4
4637,10.1074,,132.75,,352.4
4638,10.1098,,133.125,,352.4
4639,10.1121,,133.5,,352.4
4640,10.1144,,133.875,,352.4
4641,10.1168,,134.25,,352.4
4642,10.1191,,134.625,,352.4
4643,10.1214,,135,,352.4
4644,10.1236,,134.8,,352.4
4645,10.1258,,134.6,,352.4
4646,10.128,,134.4,,352.4
4647,10.1302,,134.2,,352.4
4648,10.1324,,134,,352.4
4649,10.1346,,133.8,,352.4
4650,10.1368,,133.6,,352.4
4651,10.139,,133.4,,352.4
4652,10.1412,,133.2,,352.4
4653,10.1434,,133,,352.4
4654,10.1454,,133,,352.418
4655,10.1474,,133,,352.436
4656,10.1494,,133,,352.455
4657,10.1514,,133,,352.473
4658,10.1534,,133,,352.491
4659,10.1554,,133,,352.509
4660,10.1574,,133,,352.527
4661,10.1594,,133,,352.545
4662,10.1614,,133,,352.564
4663,10.1634,,133,,352.582
4664,10.1654,,133,,352.6
4665,10.1675,,133,,352.58
4666,10.1696,,133,,352.56
4667,10.1718,,133,,352.54
4668,10.1739,,133,,352.52
4669,10.176,,133,,352.5
4670,10.1782,,133,,352.48
4671,10.1803,,133,,352.46
4672,10.1824,,133,,352.44
4673,10.1846,,133,,352.42
4674,10.1867,,133,,352.4
4675,10.1888,,133.1,,352.4
4676,10.1909,,133.2,,352.4
4677,10.1931,,133.3,,352.4
4678,10.1952,,133.4,,352.4
4679,10.1973,,133.5,,352.4
4680,10.1994,,133.6,,352.4
4681,10.2015,,133.7,,352.4
4682,10.2037,,133.8,,352.4
4683,10.2058,,133.9,,352.4
4684,10.2079,,134,,352.4
4685,10.21,,134,,352.4
4686,10.2122,,134,,352.4
4687,10.2143,,134,,352.4
4688,10.2164,,134,,352.4
4689,10.2186,,134,,352.4
4690,10.2207,,134,,352.4
4691,10.2229,,134,,352.4
4692,10.225,,134,,352.4
4693,10.2271,,134,,352.4
4694,10.2293,,134,,352.4
4695,10.2315,,133.5,,352.4
4696,10.2338,,133,,352.4
4697,10.236,,132.5,,352.4
4698,10.2382,,132,,352.4
4699,10.2405,,131.5,,352.4
4700,10.2427,,131,,352.4
4701,10.245,,130.571,,352.4
4702,10.2472,,130.143,,352.4
4703,10.2495,,129.714,,352.4
4704,10.2517,,129.286,,352.4
4705,10.254,,128.857,,352.4
4706,10.2563,,128.429,,352.4
4707,10.2585,,128,,352.4
4708,10.2607,,128.3,,352.38
4709,10.2628,,128.6,,352.36
4710,10.265,,128.9,,352.34
4711,10.2671,,129.2,,352.32
4712,10.2693,,129.5,,352.3
4713,10.2715,,129.8,,352.28
4714,10.2736,,130.1,,352.26
4715,10.2758,,130.4,,352.24
4716,10.2779,,130.7,,352.22
4717,10.2801,,131,,352.2
4718,10.2822,,131.429,,352.2
4719,10.2842,,131.857,,352.2
4720,10.2863,,132.286,,352.2
4721,10.2883,,132.714,,352.2
4722,10.2904,,133.143,,352.2
4723,10.2925,,133.571,,352.2
4724,10.2945,,134,,352.2
4725,10.2967,,134.2,,352.18
4726,10.2989,,134.4,,352.16
4727,10.301,,134.6,,352.14
4728,10.3032,,134.8,,352.12
4729,10.3054,,135,,352.1
4730,10.3076,,135.2,,352.08
4731,10.3097,,135.4,,352.06
4732,10.3119,,135.6,,352.04
4733,10.3141,,135.8,,352.02
4734,10.3163,,136,,352
4735,10.3185,,136.1,,352.02
4736,10.3206,,136.2,,352.04
4737,10.3228,,136.3,,352.06
4738,10.325,,136.4,,352.08
4739,10.3271,,136.5,,352.1
4740,10.3293,,136.6,,352.12
4741,10.3315,,136.7,,352.14
4742,10.3336,,136.8,,352.16
4743,10.3358,,136.9,,352.18
4744,10.338,,137,,352.2
4745,10.3401,,137,,352.22
4746,10.3423,,137,,352.24
4747,10.3445,,137,,352.26
4748,10.3466,,137,,352.28
4749,10.3488,,137,,352.3
4750,10.3509,,137,,352.32
4751,10.3531,,137,,352.34
4752,10.3553,,137,,352.36
4753,10.3574,,137,,352.38
4754,10.3596,,137,,352.4
4755,10.3618,,137,,352.4
4756,10.364,,137,,352.4
4757,10.3663,,137,,352.4
4758,10.3685,,137,,352.4
4759,10.3707,,137,,352.4
4760,10.3729,,137,,352.4
4761,10.3752,,137,,352.4
4762,10.3774,,137,,352.4
4763,10.3796,,137,,352.4
4764,10.3818,,136.9,,352.38
4765,10.384,,136.8,,352.36
4766,10.3862,,136.7,,352.34
4767,10.3884,,136.6,,352.32
4768,10.3906,,136.5,,352.3
4769,10.3928,,136.4,,352.28
4770,10.395,,136.3,,352.26
4771,10.3972,,136.2,,352.24
4772,10.3994,,136.1,,352.22
4773,10.4017,,136,,352.2
4774,10.4038,,136,,352.16
4775,10.4059,,136,,352.12
4776,10.408,,136,,352.08
4777,10.4101,,136,,352.04
4778,10.4122,,136,,352
4779,10.4143,,136,,351.96
4780,10.4164,,136,,351.92
4781,10.4185,,136,,351.88
4782,10.4207,,136,,351.84
4783,10.4228,,136,,351.8
4784,10.4248,,136,,351.8
4785,10.4269,,136,,351.8
4786,10.4289,,136,,351.8
4787,10.431,,136,,351.74
4788,10.433,,136,,351.68
4789,10.4351,,136,,351.62
4790,10.4371,,136,,351.56
4791,10.4392,,136,,351.5
4792,10.4413,,136,,351.44
4793,10.4433,,136,,351.38
4794,10.4454,,136,,351.32
4795,10.4474,,136,,351.26
4796,10.4495,,136,,351.2
4797,10.4516,,135.9,,351.16
4798,10.4537,,135.8,,351.12
4799,10.4559,,135.7,,351.08
4800,10.458,,135.6,,351.04
4801,10.4601,,135.5,,351
4802,10.4622,,135.4,,350.96
4803,10.4643,,135.3,,350.92
4804,10.4665,,135.2,,350.88
4805,10.4686,,135.1,,350.84
4806,10.4707,,135,,350.8
4807,10.4729,,135,,350.8
4808,10.4751,,134.9,,350.78
4809,10.4772,,134.8,,350.76
4810,10.4793,,134.7,,350.74
4811,10.4814,,134.6,,350.72
4812,10.4836,,134.5,,350.7
4813,10.4857,,134.4,,350.68
4814,10.4878,,134.3,,350.66
4815,10.49,,134.2,,350.64
4816,10.4921,,134.1,,350.62
4817,10.4942,,134,,350.6
4818,10.4963,,134.2,,350.58
4819,10.4984,,134.4,,350.56
4820,10.5005,,134.6,,350.54
4821,10.5027,,134.8,,350.52
4822,10.5048,,135,,350.5
4823,10.5069,,135.2,,350.48
4824,10.509,,135.4,,350.46
4825,10.5111,,135.6,,350.44
4826,10.5132,,135.8,,350.42
4827,10.5153,,136,,350.4
4828,10.5175,,136,,350.4
4829,10.5198,,136,,350.4
4830,10.522,,136,,350.4
4831,10.5242,,136,,350.4
4832,10.5265,,136,,350.4
4833,10.5287,,136,,350.4
4834,10.5309,,136,,350.4
4835,10.5332,,136,,350.4
4836,10.5354,,136,,350.4
4837,10.5376,,135.9,,350.38
4838,10.5398,,135.8,,350.36
4839,10.542,,135.7,,350.34
4840,10.5442,,135.6,,350.32
4841,10.5463,,135.5,,350.3
4842,10.5485,,135.4,,350.28
4843,10.5507,,135.3,,350.26
4844,10.5529,,135.2,,350.24
4845,10.5551,,135.1,,350.22
4846,10.5573,,135,,350.2
4847,10.5594,,135,,350.22
4848,10.5616,,135,,350.24
4849,10.5637,,135,,350.26
4850,10.5659,,135,,350.28
4851,10.568,,135,,350.3
4852,10.5701,,135,,350.32
4853,10.5723,,135,,350.34
4854,10.5744,,135,,350.36
4855,10.5766,,135,,350.38
4856,10.5787,,135,,350.4
4857,10.5809,,135.2,,350.44
4858,10.5831,,135.4,,350.48
4859,10.5853,,135.6,,350.52
4860,10.5874,,135.8,,350.56
4861,10.5896,,136,,350.6
4862,10.5918,,136.2,,350.64
4863,10.594,,136.4,,350.68
4864,10.5962,,136.6,,350.72
4865,10.5983,,136.8,,350.76
4866,10.6005,,137,,350.8
4867,10.6027,,137.111,,350.844
4868,10.605,,137.222,,350.889
4869,10.6072,,137.333,,350.933
4870,10.6094,,137.444,,350.978
4871,10.6116,,137.556,,351.022
4872,10.6139,,137.667,,351.067
4873,10.6161,,137.778,,351.111
4874,10.6183,,137.889,,351.156
4875,10.6206,,138,,351.2
4876,10.6227,,138,,351.24
4877,10.6248,,138,,351.28
4878,10.6269,,138,,351.32
4879,10.629,,138,,351.36
4880,10.6311,,138,,351.4
4881,10.6332,,138,,351.44
4882,10.6353,,138,,351.48
4883,10.6374,,138,,351.52
4884,10.6395,,138,,351.56
4885,10.6416,,138,,351.6
4886,10.6436,,138,,351.65
4887,10.6457,,138,,351.7
4888,10.6478,,138,,351.75
4889,10.6499,,138,,351.8
4890,10.652,,138.1,,351.82
4891,10.6542,,138.2,,351.84
4892,10.6564,,138.3,,351.86
4893,10.6585,,138.4,,351.88
4894,10.6607,,138.5,,351.9
4895,10.6628,,138.6,,351.92
4896,10.665,,138.7,,351.94
4897,10.6672,,138.8,,351.96
4898,10.6693,,138.9,,351.98
4899,10.6715,,139,,352
4900,10.6736,,138.9,,352.04
4901,10.6758,,138.8,,352.08
4902,10.6779,,138.7,,352.12
4903,10.6801,,138.6,,352.16
4904,10.6822,,138.5,,352.2
4905,10.6844,,138.4,,352.24
4906,10.6865,,138.3,,352.28
4907,10.6887,,138.2,,352.32
4908,10.6908,,138.1,,352.36
4909,10.693,,138,,352.4
4910,10.6951,,137.8,,352.4
4911,10.6972,,137.6,,352.4
4912,10.6993,,137.4,,352.4
4913,10.7015,,137.2,,352.4
4914,10.7036,,137,,352.4
4915,10.7057,,136.8,,352.4
4916,10.7078,,136.6,,352.4
4917,10.71,,136.4,,352.4
4918,10.7121,,136.2,,352.4
4919,10.7142,,136,,352.4
4920,10.7163,,135.8,,352.4
4921,10.7185,,135.6,,352.4
4922,10.7206,,135.4,,352.4
4923,10.7227,,135.2,,352.4
4924,10.7248,,135,,352.4
4925,10.7269,,134.8,,352.4
4926,10.7291,,134.6,,352.4
4927,10.7312,,134.4,,352.4
4928,10.7333,,134.2,,352.4
4929,10.7354,,134,,352.4
4930,10.7376,,134.1,,352.38
4931,10.7398,,134.2,,352.36
4932,10.742,,134.3,,352.34
4933,10.7442,,134.4,,352.32
4934,10.7465,,134.5,,352.3
4935,10.7487,,134.6,,352.28
4936,10.7509,,134.7,,352.26
4937,10.7531,,134.8,,352.24
4938,10.7553,,134.9,,352.22
4939,10.7575,,135,,352.2
4940,10.7596,,135,,352.2
4941,10.7617,,135,,352.2
4942,10.7639,,135,,352.2
4943,10.766,,135,,352.2
4944,10.7681,,135,,352.2
4945,10.7702,,135,,352.2
4946,10.7724,,135,,352.2
4947,10.7745,,135,,352.2
4948,10.7766,,135,,352.2
4949,10.7787,,135,,352.2
4950,10.7808,,134.9,,352.22
4951,10.7829,,134.8,,352.24
4952,10.785,,134.7,,352.26
4953,10.7871,,134.6,,352.28
4954,10.7891,,134.5,,352.3
4955,10.7912,,134.4,,352.32
4956,10.7933,,134.3,,352.34
4957,10.7954,,134.2,,352.36
4958,10.7975,,134.1,,352.38
4959,10.7995,,134,,352.4
4960,10.8017,,134,,352.38
4961,10.8039,,134,,352.36
4962,10.8061,,134,,352.34
4963,10.8083,,134,,352.32
4964,10.8105,,134,,352.3
4965,10.8127,,134,,352.28
4966,10.8149,,134,,352.26
4967,10.8171,,134,,352.24
4968,10.8192,,134,,352.22
4969,10.8214,,134,,352.2
4970,10.8235,,133.9,,352.2
4971,10.8256,,133.8,,352.2
4972,10.8277,,133.7,,352.2
4973,10.8298,,133.6,,352.2
4974,10.8319,,133.5,,352.2
4975,10.834,,133.4,,352.2
4976,10.8361,,133.3,,352.2
4977,10.8382,,133.2,,352.2
4978,10.8402,,133.1,,352.2
4979,10.8423,,133,,352.2
4980,10.8445,,132.667,,352.2
4981,10.8467,,132.333,,352.2
4982,10.849,,132,,352.2
4983,10.8512,,131.667,,352.2
4984,10.8534,,131.333,,352.2
4985,10.8556,,131,,352.2
4986,10.8578,,130.667,,352.2
4987,10.86,,130.333,,352.2
4988,10.8622,,130,,352.2
4989,10.8644,,130.222,,352.178
4990,10.8667,,130.444,,352.156
4991,10.869,,130.667,,352.133
4992,10.8712,,130.889,,352.111
4993,10.8735,,131.111,,352.089
4994,10.8758,,131.333,,352.067
4995,10.878,,131.556,,352.044
4996,10.8803,,131.778,,352.022
4997,10.8826,,132,,352
4998,10.8847,,132.429,,352
4999,10.8869,,132.857,,352
5000,10.889,,133.286,,352
5001,10.8912,,133.714,,352
5002,10.8933,,134.143,,352
5003,10.8955,,134.571,,352
5004,10.8977,,135,,352
5005,10.8997,,135,,352
5006,10.9017,,135,,352
5007,10.9037,,135,,352
5008,10.9058,,135,,352
5009,10.9078,,135,,352
5010,10.9098,,135,,352
5011,10.9118,,135,,352
5012,10.9139,,135,,352
5013,10.9159,,135,,352
5014,10.9179,,135,,352
5015,10.9202,,135,,352
5016,10.9225,,135,,352
5017,10.9248,,135,,352
5018,10.927,,135,,352
5019,10.9293,,135,,352
5020,10.9316,,135,,352
5021,10.9339,,135,,352
5022,10.9362,,135,,352
5023,10.9385,,135,,352
5024,10.9405,,135,,352.02
5025,10.9425,,135,,352.04
5026,10.9445,,135,,352.06
5027,10.9466,,135,,352.08
5028,10.9486,,135,,352.1
5029,10.9506,,135,,352.12
5030,10.9527,,135,,352.14
5031,10.9547,,135,,352.16
5032,10.9567,,135,,352.18
5033,10.9588,,135,,352.2
5034,10.9608,,135,,352.218
5035,10.9628,,135,,352.236
5036,10.9648,,135,,352.255
5037,10.9668,,135,,352.273
5038,10.9688,,135,,352.291
5039,10.9708,,135,,352.309
5040,10.9728,,135,,352.327
5041,10.9748,,135,,352.345
5042,10.9768,,135,,352.364
5043,10.9789,,135,,352.382
5044,10.9809,,135,,352.4
5045,10.983,,135.125,,352.425
5046,10.9852,,135.25,,352.45
5047,10.9873,,135.375,,352.475
5048,10.9895,,135.5,,352.5
5049,10.9916,,135.625,,352.525
5050,10.9938,,135.75,,352.55
5051,10.9959,,135.875,,352.575
5052,10.9981,,136,,352.6
5053,11.0003,,136,,352.6
5054,11.0024,,136,,352.6
5055,11.0046,,136,,352.6
5056,11.0068,,136,,352.6
5057,11.0089,,136,,352.6
5058,11.0111,,136,,352.6
5059,11.0133,,136,,352.6
5060,11.0154,,136,,352.6
5061,11.0176,,136,,352.6
5062,11.0198,,136,,352.6
5063,11.0219,,136,,352.62
5064,11.0241,,136,,352.64
5065,11.0262,,136,,352.66
5066,11.0284,,136,,352.68
5067,11.0305,,136,,352.7
5068,11.0327,,136,,352.72
5069,11.0348,,136,,352.74
5070,11.037,,136,,352.76
5071,11.0391,,136,,352.78
5072,11.0413,,136,,352.8
5073,11.0436,,136,,352.8
5074,11.0459,,136,,352.8
5075,11.0482,,136,,352.8
5076,11.0506,,136,,352.8
5077,11.0529,,136,,352.8
5078,11.0552,,136,,352.8
5079,11.0575,,136,,352.8
5080,11.0599,,136,,352.8
5081,11.0622,,136,,352.8
5082,11.0643,,135.9,,352.8
5083,11.0665,,135.8,,352.8
5084,11.0686,,135.7,,352.8
5085,11.0708,,135.6,,352.8
5086,11.0729,,135.5,,352.8
5087,11.0751,,135.4,,352.8
5088,11.0772,,135.3,,352.8
5089,11.0794,,135.2,,352.8
5090,11.0815,,135.1,,352.8
5091,11.0837,,135,,352.8
5092,11.0859,,135,,352.778
5093,11.0881,,135,,352.756
5094,11.0904,,135,,352.733
5095,11.0926,,135,,352.711
5096,11.0949,,135,,352.689
5097,11.0971,,135,,352.667
5098,11.0994,,135,,352.644
5099,11.1016,,135,,352.622
5100,11.1039,,135,,352.6
5101,11.106,,135,,352.58
5102,11.1081,,135,,352.56
5103,11.1102,,135,,352.54
5104,11.1123,,135,,352.52
5105,11.1144,,135,,352.5
5106,11.1165,,135,,352.48
5107,11.1186,,135,,352.46
5108,11.1207,,135,,352.44
5109,11.1229,,135,,352.42
5110,11.125,,135,,352.4
5111,11.127,,135.1,,352.4
5112,11.1291,,135.2,,352.4
5113,11.1312,,135.3,,352.4
5114,11.1333,,135.4,,352.4
5115,11.1354,,135.5,,352.4
5116,11.1375,,135.6,,352.4
5117,11.1395,,135.7,,352.4
5118,11.1416,,135.8,,352.4
5119,11.1437,,135.9,,352.4
5120,11.1458,,136,,352.4
5121,11.1479,,136,,352.42
5122,11.1501,,136,,352.44
5123,11.1522,,136,,352.46
5124,11.1544,,136,,352.48
5125,11.1565,,136,,352.5
5126,11.1586,,136,,352.52
5127,11.1608,,136,,352.54
5128,11.1629,,136,,352.56
5129,11.1651,,136,,352.58
5130,11.1672,,136,,352.6
5131,11.1694,,136,,352.62
5132,11.1716,,136,,352.64
5133,11.1738,,136,,352.66
5134,11.176,,136,,352.68
5135,11.1782,,136,,352.7
5136,11.1804,,136,,352.72
5137,11.1826,,136,,352.74
5138,11.1848,,136,,352.76
5139,11.187,,136,,352.78
5140,11.1892,,136,,352.8
5141,11.1916,,136,,352.8
5142,11.1938,,136.111,,352.8
5143,11.196,,136.222,,352.8
5144,11.1983,,136.333,,352.8
5145,11.2005,,136.444,,352.8
5146,11.2027,,136.556,,352.8
5147,11.205,,136.667,,352.8
5148,11.2072,,136.778,,352.8
5149,11.2094,,136.889,,352.8
5150,11.2117,,137,,352.8
5151,11.2138,,136.9,,352.84
5152,11.216,,136.8,,352.88
5153,11.2182,,136.7,,352.92
5154,11.2204,,136.6,,352.96
5155,11.2226,,136.5,,353
5156,11.2248,,136.4,,353.04
5157,11.227,,136.3,,353.08
5158,11.2291,,136.2,,353.12
5159,11.2313,,136.1,,353.16
5160,11.2335,,136,,353.2
5161,11.2357,,136.1,,353.22
5162,11.2378,,136.2,,353.24
5163,11.24,,136.3,,353.26
5164,11.2421,,136.4,,353.28
5165,11.2443,,136.5,,353.3
5166,11.2464,,136.6,,353.32
5167,11.2485,,136.7,,353.34
5168,11.2507,,136.8,,353.36
5169,11.2528,,136.9,,353.38
5170,11.255,,137,,353.4
5171,11.2571,,137.1,,353.42
5172,11.2592,,137.2,,353.44
5173,11.2613,,137.3,,353.46
5174,11.2634,,137.4,,353.48
5175,11.2655,,137.5,,353.5
5176,11.2676,,137.6,,353.52
5177,11.2697,,137.7,,353.54
5178,11.2718,,137.8,,353.56
5179,11.2739,,137.9,,353.58
5180,11.276,,138,,353.6
5181,11.2781,,137.9,,353.58
5182,11.2803,,137.8,,353.56
5183,11.2824,,137.7,,353.54
5184,11.2846,,137.6,,353.52
5185,11.2868,,137.5,,353.5
5186,11.2889,,137.4,,353.48
5187,11.2911,,137.3,,353.46
5188,11.2932,,137.2,,353.44
5189,11.2954,,137.1,,353.42
5190,11.2976,,137,,353.4
5191,11.2997,,137,,353.38
5192,11.3017,,137,,353.36
5193,11.3038,,137,,353.34
5194,11.3059,,137,,353.32
5195,11.308,,137,,353.3
5196,11.3101,,137,,353.28
5197,11.3122,,137,,353.26
5198,11.3142,,137,,353.24
5199,11.3163,,137,,353.22
5200,11.3184,,137,,353.2
5201,11.3205,,137.1,,353.2
5202,11.3226,,137.2,,353.2
5203,11.3247,,137.3,,353.2
5204,11.3269,,137.4,,353.2
5205,11.329,,137.5,,353.2
5206,11.3311,,137.6,,353.2
5207,11.3332,,137.7,,353.2
5208,11.3353,,137.8,,353.2
5209,11.3374,,137.9,,353.2
5210,11.3395,,138,,353.2
5211,11.3417,,138,,353.18
5212,11.3439,,138,,353.16
5213,11.3461,,138,,353.14
5214,11.3483,,138,,353.12
5215,11.3505,,138,,353.1
5216,11.3527,,138,,353.08
5217,11.3549,,138,,353.06
5218,11.357,,138,,353.04
5219,11.3592,,138,,353.02
5220,11.3614,,138,,353
5221,11.3637,,137.571,,353.029
5222,11.366,,137.143,,353.057
5223,11.3683,,136.714,,353.086
5224,11.3707,,136.286,,353.114
5225,11.373,,135.857,,353.143
5226,11.3753,,135.429,,353.171
5227,11.3776,,135,,353.2
5228,11.3797,,134.8,,353.18
5229,11.3819,,134.6,,353.16
5230,11.3841,,134.4,,353.14
5231,11.3863,,134.2,,353.12
5232,11.3885,,134,,353.1
5233,11.3906,,133.8,,353.08
5234,11.3928,,133.6,,353.06
5235,11.395,,133.4,,353.04
5236,11.3972,,133.2,,353.02
5237,11.3994,,133,,353
5238,11.4019,,132.875,,352.925
5239,11.4045,,132.75,,352.85
5240,11.4071,,132.625,,352.775
5241,11.4096,,132.5,,352.7
5242,11.4122,,132.375,,352.625
5243,11.4148,,132.25,,352.55
5244,11.4173,,132.125,,352.475
5245,11.4199,,132,,352.4
5246,11.4222,,132.5,,352
5247,11.4244,,133,,351.6
5248,11.4269,,133.25,,351.25
5249,11.4294,,133.5,,350.9
5250,11.4319,,133.75,,350.55
5251,11.4344,,134,,350.2
5252,11.4366,,134,,350
5253,11.4388,,134,,349.8
5254,11.441,,134,,349.6
5255,11.4432,,134,,349.4
5256,11.4454,,134,,349.2
5257,11.4479,,134,,349.029
5258,11.4504,,134,,348.857
5259,11.453,,134,,348.686
5260,11.4555,,134,,348.514
5261,11.458,,134,,348.343
5262,11.4605,,134,,348.171
5263,11.4631,,134,,348
5264,11.4649,,133.833,,347.8
5265,11.4668,,133.667,,347.6
5266,11.4687,,133.5,,347.4
5267,11.4705,,133.333,,347.2
5268,11.4724,,133.167,,347
5269,11.4743,,133,,346.8
5270,11.476,,133,,346.56
5271,11.4778,,133,,346.32
5272,11.4796,,133,,346.08
5273,11.4813,,133,,345.84
5274,11.4831,,133,,345.6
5275,11.4853,,133,,345.1
5276,11.4875,,133,,344.6
5277,11.4896,,133.5,,344.433
5278,11.4918,,134,,344.267
5279,11.4939,,134.5,,344.1
5280,11.4961,,135,,343.933
5281,11.4982,,135.5,,343.767
5282,11.5004,,136,,343.6
5283,11.5023,,136.429,,343.629
5284,11.5043,,136.857,,343.657
5285,11.5063,,137.286,,343.686
5286,11.5082,,137.714,,343.714
5287,11.5102,,138.143,,343.743
5288,11.5121,,138.571,,343.771
5289,11.5141,,139,,343.8
5290,11.5163,,139,,343.98
5291,11.5185,,139,,344.16
5292,11.5206,,139,,344.34
5293,11.5228,,139,,344.52
5294,11.525,,139,,344.7
5295,11.5272,,139,,344.88
5296,11.5293,,139,,345.06
5297,11.5315,,139,,345.24
5298,11.5337,,139,,345.42
5299,11.5359,,139,,345.6
5300,11.538,,138.8,,345.62
5301,11.5401,,138.6,,345.64
5302,11.5422,,138.4,,345.66
5303,11.5443,,138.2,,345.68
5304,11.5465,,138,,345.7
5305,11.5486,,137.8,,345.72
5306,11.5507,,137.6,,345.74
5307,11.5528,,137.4,,345.76
5308,11.5549,,137.2,,345.78
5309,11.5571,,137,,345.8
5310,11.5595,,137,,345.756
5311,11.562,,137,,345.711
5312,11.5644,,137,,345.667
5313,11.5669,,137,,345.622
5314,11.5694,,137,,345.578
5315,11.5718,,137,,345.533
5316,11.5743,,137,,345.489
5317,11.5768,,137,,345.444
5318,11.5792,,137,,345.4
5319,11.5815,,137.111,,345.378
5320,11.5837,,137.222,,345.356
5321,11.5859,,137.333,,345.333
5322,11.5882,,137.444,,345.311
5323,11.5904,,137.556,,345.289
5324,11.5926,,137.667,,345.267
5325,11.5949,,137.778,,345.244
5326,11.5971,,137.889,,345.222
5327,11.5994,,138,,345.2
5328,11.6014,,138,,345.16
5329,11.6034,,138,,345.12
5330,11.6055,,138,,345.08
5331,11.6075,,138,,345.04
5332,11.6096,,138,,345
5333,11.6116,,138,,344.96
5334,11.6136,,138,,344.92
5335,11.6157,,138,,344.88
5336,11.6177,,138,,344.84
5337,11.6197,,138,,344.8
5338,11.622,,137.667,,344.733
5339,11.6242,,137.333,,344.667
5340,11.6264,,137,,344.6
5341,11.6289,,137,,344.25
5342,11.6314,,137,,343.9
5343,11.6338,,137,,343.55
5344,11.6363,,137,,343.2
5345,11.6389,,136.5,,342.95
5346,11.6414,,136,,342.7
5347,11.6439,,135.5,,342.45
5348,11.6464,,135,,342.2
5349,11.6489,,134.714,,342.029
5350,11.6513,,134.429,,341.857
5351,11.6537,,134.143,,341.686
5352,11.6561,,133.857,,341.514
5353,11.6585,,133.571,,341.343
5354,11.6609,,133.286,,341.171
5355,11.6633,,133,,341
5356,11.6656,,132.75,,340.6
5357,11.6679,,132.5,,340.2
5358,11.6702,,132.25,,339.8
5359,11.6725,,132,,339.4
5360,11.6745,,132,,338.8
5361,11.6766,,132,,338.2
5362,11.6787,,132,,337.6
5363,11.6804,,132.5,,337
5364,11.6822,,133,,336.4
5365,11.6843,,133,,335.7
5366,11.6864,,133,,335
5367,11.6886,,133,,334.72
5368,11.6908,,133,,334.44
5369,11.693,,133,,334.16
5370,11.6952,,133,,333.88
5371,11.6974,,133,,333.6
5372,11.6998,,133.111,,333.556
5373,11.7023,,133.222,,333.511
5374,11.7048,,133.333,,333.467
5375,11.7072,,133.444,,333.422
5376,11.7097,,133.556,,333.378
5377,11.7122,,133.667,,333.333
5378,11.7146,,133.778,,333.289
5379,11.7171,,133.889,,333.244
5380,11.7196,,134,,333.2
5381,11.722,,134.222,,333.2
5382,11.7245,,134.444,,333.2
5383,11.727,,134.667,,333.2
5384,11.7294,,134.889,,333.2
5385,11.7319,,135.111,,333.2
5386,11.7343,,135.333,,333.2
5387,11.7368,,135.556,,333.2
5388,11.7392,,135.778,,333.2
5389,11.7417,,136,,333.2
5390,11.7443,,136.125,,333.2
5391,11.7468,,136.25,,333.2
5392,11.7494,,136.375,,333.2
5393,11.752,,136.5,,333.2
5394,11.7546,,136.625,,333.2
5395,11.7571,,136.75,,333.2
5396,11.7597,,136.875,,333.2
5397,11.7623,,137,,333.2
5398,11.7645,,137.1,,333.22
5399,11.7667,,137.2,,333.24
5400,11.7689,,137.3,,333.26
5401,11.7712,,137.4,,333.28
5402,11.7734,,137.5,,333.3
5403,11.7756,,137.6,,333.32
5404,11.7778,,137.7,,333.34
5405,11.78,,137.8,,333.36
5406,11.7822,,137.9,,333.38
5407,11.7845,,138,,333.4
5408,11.7864,,138.182,,333.4
5409,11.7884,,138.364,,333.4
5410,11.7904,,138.545,,333.4
5411,11.7923,,138.727,,333.4
5412,11.7943,,138.909,,333.4
5413,11.7962,,139.091,,333.4
5414,11.7982,,139.273,,333.4
5415,11.8002,,139.455,,333.4
5416,11.8021,,139.636,,333.4
5417,11.8041,,139.818,,333.4
5418,11.8061,,140,,333.4
5419,11.8082,,140,,333.42
5420,11.8104,,140,,333.44
5421,11.8126,,140,,333.46
5422,11.8147,,140,,333.48
5423,11.8169,,140,,333.5
5424,11.8191,,140,,333.52
5425,11.8213,,140,,333.54
5426,11.8234,,140,,333.56
5427,11.8256,,140,,333.58
5428,11.8278,,140,,333.6
5429,11.8298,,140.1,,333.6
5430,11.8318,,140.2,,333.6
5431,11.8339,,140.3,,333.6
5432,11.8359,,140.4,,333.6
5433,11.8379,,140.5,,333.6
5434,11.8399,,140.6,,333.6
5435,11.842,,140.7,,333.6
5436,11.844,,140.8,,333.6
5437,11.846,,140.9,,333.6
5438,11.8481,,141,,333.6
5439,11.85,,141.286,,333.771
5440,11.852,,141.571,,333.943
5441,11.854,,141.857,,334.114
5442,11.856,,142.143,,334.286
5443,11.858,,142.429,,334.457
5444,11.8599,,142.714,,334.629
5445,11.8619,,143,,334.8
5446,11.8639,,143.333,,335.133
5447,11.8659,,143.667,,335.467
5448,11.8679,,144,,335.8
5449,11.8698,,144,,336.1
5450,11.8717,,144,,336.4
5451,11.8736,,144,,336.7
5452,11.8755,,144,,337
5453,11.8774,,144.2,,337.2
5454,11.8793,,144.4,,337.4
5455,11.8813,,144.6,,337.6
5456,11.8832,,144.8,,337.8
5457,11.8851,,145,,338
5458,11.8868,,145,,338.143
5459,11.8885,,145,,338.286
5460,11.8902,,145,,338.429
5461,11.8918,,145,,338.571
5462,11.8935,,145,,338.714
5463,11.8952,,145,,338.857
5464,11.8969,,145,,339
5465,11.8992,,144.889,,339
5466,11.9014,,144.778,,339
5467,11.9037,,144.667,,339
5468,11.906,,144.556,,339
5469,11.9082,,144.444,,339
5470,11.9105,,144.333,,339
5471,11.9128,,144.222,,339
5472,11.9151,,144.111,,339
5473,11.9173,,144,,339
5474,11.9193,,143.625,,338.95
5475,11.9214,,143.25,,338.9
5476,11.9234,,142.875,,338.85
5477,11.9254,,142.5,,338.8
5478,11.9274,,142.125,,338.75
5479,11.9295,,141.75,,338.7
5480,11.9315,,141.375,,338.65
5481,11.9335,,141,,338.6
5482,11.9357,,140.625,,338.575
5483,11.9379,,140.25,,338.55
5484,11.94,,139.875,,338.525
5485,11.9422,,139.5,,338.5
5486,11.9444,,139.125,,338.475
5487,11.9466,,138.75,,338.45
5488,11.9488,,138.375,,338.425
5489,11.9509,,138,,338.4
5490,11.9533,,137.889,,338.356
5491,11.9556,,137.778,,338.311
5492,11.9579,,137.667,,338.267
5493,11.9603,,137.556,,338.222
5494,11.9626,,137.444,,338.178
5495,11.965,,137.333,,338.133
5496,11.9673,,137.222,,338.089
5497,11.9696,,137.111,,338.044
5498,11.972,,137,,338
5499,11.9743,,137,,338
5500,11.9765,,137,,338
5501,11.9786,,137,,338
5502,11.9808,,137,,338
5503,11.9829,,137,,338
5504,11.985,,137,,338
5505,11.9871,,137,,338
5506,11.9892,,137,,338
5507,11.9913,,137,,338
5508,11.9935,,137,,338
5509,11.9956,,137,,338
5510,11.9977,,137,,338
5511,11.9996,,136,,338
5512,12.0014,,136.083,,338.067
5513,12.0032,,136.167,,338.133
5514,12.0049,,136.25,,338.2
5515,12.0067,,136.333,,338.267
5516,12.0085,,136.417,,338.333
5517,12.0103,,136.5,,338.4
5518,12.0121,,136.583,,338.467
5519,12.0138,,136.667,,338.533
5520,12.0156,,136.75,,338.6
5521,12.0174,,136.833,,338.667
5522,12.0192,,136.917,,338.733
5523,12.021,,137,,338.8
5524,12.0237,,136.875,,338.825
5525,12.0263,,136.75,,338.85
5526,12.029,,136.625,,338.875
5527,12.0317,,136.5,,338.9
5528,12.0344,,136.375,,338.925
5529,12.0371,,136.25,,338.95
5530,12.0398,,136.125,,338.975
5531,12.0425,,136,,339
5532,12.0448,,135.889,,338.867
5533,12.0472,,135.778,,338.733
5534,12.0495,,135.667,,338.6
5535,12.0519,,135.556,,338.467
5536,12.0542,,135.444,,338.333
5537,12.0566,,135.333,,338.2
5538,12.0589,,135.222,,338.067
5539,12.0613,,135.111,,337.933
5540,12.0637,,135,,337.8
5541,12.0659,,134.889,,337.689
5542,12.0682,,134.778,,337.578
5543,12.0705,,134.667,,337.467
5544,12.0727,,134.556,,337.356
5545,12.075,,134.444,,337.244
5546,12.0773,,134.333,,337.133
5547,12.0795,,134.222,,337.022
5548,12.0818,,134.111,,336.911
5549,12.0841,,134,,336.8
5550,12.0863,,134,,336.6
5551,12.0886,,134,,336.4
5552,12.0909,,134,,336.2
5553,12.0931,,134,,336
5554,12.0954,,134,,335.8
5555,12.0976,,134,,335.689
5556,12.0998,,134,,335.578
5557,12.1021,,134,,335.467
5558,12.1043,,134,,335.356
5559,12.1065,,134,,335.244
5560,12.1087,,134,,335.133
5561,12.111,,134,,335.022
5562,12.1132,,134,,334.911
5563,12.1154,,134,,334.8
5564,12.1179,,134,,334.7
5565,12.1203,,134,,334.6
5566,12.1226,,133.8,,334.5
5567,12.1248,,133.6,,334.4
5568,12.127,,133.4,,334.3
5569,12.1292,,133.2,,334.2
5570,12.1314,,133,,334.1
5571,12.1336,,132.8,,334
5572,12.1358,,132.6,,333.9
5573,12.138,,132.4,,333.8
5574,12.1402,,132.2,,333.7
5575,12.1425,,132,,333.6
5576,12.1446,,131.9,,333.62
5577,12.1468,,131.8,,333.64
5578,12.149,,131.7,,333.66
5579,12.1512,,131.6,,333.68
5580,12.1534,,131.5,,333.7
5581,12.1556,,131.4,,333.72
5582,12.1578,,131.3,,333.74
5583,12.16,,131.2,,333.76
5584,12.1622,,131.1,,333.78
5585,12.1644,,131,,333.8
5586,12.1666,,131.2,,333.84
5587,12.1688,,131.4,,333.88
5588,12.171,,131.6,,333.92
5589,12.1732,,131.8,,333.96
5590,12.1754,,132,,334
5591,12.1776,,132.2,,334.04
5592,12.1798,,132.4,,334.08
5593,12.182,,132.6,,334.12
5594,12.1841,,132.8,,334.16
5595,12.1863,,133,,334.2
5596,12.1883,,133.182,,334.236
5597,12.1902,,133.364,,334.273
5598,12.1921,,133.545,,334.309
5599,12.194,,133.727,,334.345
5600,12.1959,,133.909,,334.382
5601,12.1979,,134.091,,334.418
5602,12.1998,,134.273,,334.455
5603,12.2017,,134.455,,334.491
5604,12.2036,,134.636,,334.527
5605,12.2055,,134.818,,334.564
5606,12.2075,,135,,334.6
5607,12.2098,,135,,334.8
5608,12.2118,,135,,334.82
5609,12.2138,,135,,334.84
5610,12.2159,,135,,334.86
5611,12.2179,,135,,334.88
5612,12.2199,,135,,334.9
5613,12.2219,,135,,334.92
5614,12.2239,,135,,334.94
5615,12.226,,135,,334.96
5616,12.228,,135,,334.98
5617,12.23,,135,,335
5618,12.2322,,134.778,,334.978
5619,12.2345,,134.556,,334.956
5620,12.2367,,134.333,,334.933
5621,12.2389,,134.111,,334.911
5622,12.2412,,133.889,,334.889
5623,12.2434,,133.667,,334.867
5624,12.2456,,133.444,,334.844
5625,12.2479,,133.222,,334.822
5626,12.2501,,133,,334.8
5627,12.2521,,133.273,,334.836
5628,12.2541,,133.545,,334.873
5629,12.2561,,133.818,,334.909
5630,12.2581,,134.091,,334.945
5631,12.2601,,134.364,,334.982
5632,12.2621,,134.636,,335.018
5633,12.2641,,134.909,,335.055
5634,12.2661,,135.182,,335.091
5635,12.2681,,135.455,,335.127
5636,12.2701,,135.727,,335.164
5637,12.2721,,136,,335.2
5638,12.2744,,136.222,,335.244
5639,12.2767,,136.444,,335.289
5640,12.2789,,136.667,,335.333
5641,12.2812,,136.889,,335.378
5642,12.2835,,137.111,,335.422
5643,12.2857,,137.333,,335.467
5644,12.288,,137.556,,335.511
5645,12.2903,,137.778,,335.556
5646,12.2925,,138,,335.6
5647,12.2948,,138.333,,335.667
5648,12.2971,,138.667,,335.733
5649,12.2994,,139,,335.8
5650,12.3017,,138.889,,335.844
5651,12.3039,,138.778,,335.889
5652,12.3062,,138.667,,335.933
5653,12.3084,,138.556,,335.978
5654,12.3107,,138.444,,336.022
5655,12.313,,138.333,,336.067
5656,12.3152,,138.222,,336.111
5657,12.3175,,138.111,,336.156
5658,12.3197,,138,,336.2
5659,12.3218,,138,,336.24
5660,12.3239,,138,,336.28
5661,12.326,,138,,336.32
5662,12.3281,,138,,336.36
5663,12.3302,,138,,336.4
5664,12.3323,,138,,336.44
5665,12.3344,,138,,336.48
5666,12.3364,,138,,336.52
5667,12.3385,,138,,336.56
5668,12.3406,,138,,336.6
5669,12.3428,,137.9,,336.58
5670,12.3449,,137.8,,336.56
5671,12.3471,,137.7,,336.54
5672,12.3492,,137.6,,336.52
5673,12.3514,,137.5,,336.5
5674,12.3535,,137.4,,336.48
5675,12.3556,,137.3,,336.46
5676,12.3578,,137.2,,336.44
5677,12.3599,,137.1,,336.42
5678,12.3621,,137,,336.4
5679,12.3643,,136.889,,336.356
5680,12.3666,,136.778,,336.311
5681,12.3689,,136.667,,336.267
5682,12.3712,,136.556,,336.222
5683,12.3734,,136.444,,336.178
5684,12.3757,,136.333,,336.133
5685,12.378,,136.222,,336.089
5686,12.3802,,136.111,,336.044
5687,12.3825,,136,,336
5688,12.3845,,135.625,,335.95
5689,12.3865,,135.25,,335.9
5690,12.3885,,134.875,,335.85
5691,12.3905,,134.5,,335.8
5692,12.3924,,134.125,,335.75
5693,12.3944,,133.75,,335.7
5694,12.3964,,133.375,,335.65
5695,12.3984,,133,,335.6
5696,12.4002,,132.917,,335.533
5697,12.402,,132.833,,335.467
5698,12.4038,,132.75,,335.4
5699,12.4055,,132.667,,335.333
5700,12.4073,,132.583,,335.267
5701,12.4091,,132.5,,335.2
5702,12.4109,,132.417,,335.133
5703,12.4127,,132.333,,335.067
5704,12.4144,,132.25,,335
5705,12.4162,,132.167,,334.933
5706,12.418,,132.083,,334.867
5707,12.4198,,132,,334.8
5708,12.4219,,132,,334.733
5709,12.424,,132,,334.667
5710,12.4262,,132,,334.6
5711,12.4281,,131.909,,334.564
5712,12.4301,,131.818,,334.527
5713,12.4321,,131.727,,334.491
5714,12.4341,,131.636,,334.455
5715,12.4361,,131.545,,334.418
5716,12.4381,,131.455,,334.382
5717,12.4401,,131.364,,334.345
5718,12.4421,,131.273,,334.309
5719,12.444,,131.182,,334.273
5720,12.446,,131.091,,334.236
5721,12.448,,131,,334.2
5722,12.4505,,131,,334.156
5723,12.453,,131,,334.111
5724,12.4554,,131,,334.067
5725,12.4579,,131,,334.022
5726,12.4604,,131,,333.978
5727,12.4629,,131,,333.933
5728,12.4653,,131,,333.889
5729,12.4678,,131,,333.844
5730,12.4703,,131,,333.8
5731,12.4726,,131,,333.771
5732,12.475,,131,,333.743
5733,12.4773,,131,,333.714
5734,12.4797,,131,,333.686
5735,12.482,,131,,333.657
5736,12.4844,,131,,333.629
5737,12.4867,,131,,333.6
5738,12.4889,,131.2,,333.62
5739,12.491,,131.4,,333.64
5740,12.4931,,131.6,,333.66
5741,12.4953,,131.8,,333.68
5742,12.4974,,132,,333.7
5743,12.4996,,132.2,,333.72
5744,12.5017,,132.4,,333.74
5745,12.5038,,132.6,,333.76
5746,12.506,,132.8,,333.78
5747,12.5081,,133,,333.8
5748,12.5104,,133.6,,333.84
5749,12.5128,,134.2,,333.88
5750,12.5151,,134.8,,333.92
5751,12.5174,,135.4,,333.96
5752,12.5197,,136,,334
5753,12.5219,,136.5,,334.15
5754,12.5241,,137,,334.3
5755,12.5263,,137.5,,334.45
5756,12.5286,,138,,334.6
5757,12.5305,,138.667,,335
5758,12.5324,,139.333,,335.4
5759,12.5343,,140,,335.8
5760,12.5362,,140.5,,336.05
5761,12.5382,,141,,336.3
5762,12.5401,,141.5,,336.55
5763,12.5421,,142,,336.8
5764,12.5441,,142.6,,337
5765,12.5462,,143.2,,337.2
5766,12.5482,,143.8,,337.4
5767,12.5503,,144.4,,337.6
5768,12.5523,,145,,337.8
5769,12.5543,,145,,338
5770,12.5563,,145.286,,338.143
5771,12.5582,,145.571,,338.286
5772,12.5602,,145.857,,338.429
5773,12.5622,,146.143,,338.571
5774,12.5642,,146.429,,338.714
5775,12.5662,,146.714,,338.857
5776,12.5682,,147,,339
5777,12.5703,,147.1,,339.06
5778,12.5724,,147.2,,339.12
5779,12.5745,,147.3,,339.18
5780,12.5766,,147.4,,339.24
5781,12.5787,,147.5,,339.3
5782,12.5809,,147.6,,339.36
5783,12.583,,147.7,,339.42
5784,12.5851,,147.8,,339.48
5785,12.5872,,147.9,,339.54
5786,12.5893,,148,,339.6
5787,12.5915,,148,,339.7
5788,12.5937,,148,,339.8
5789,12.5959,,148,,339.9
5790,12.5981,,148,,340
5791,12.6003,,148,,340.1
5792,12.6025,,148,,340.2
5793,12.6045,,148,,340.273
5794,12.6065,,148,,340.345
5795,12.6085,,148,,340.418
5796,12.6105,,148,,340.491
5797,12.6124,,148,,340.564
5798,12.6144,,148,,340.636
5799,12.6164,,148,,340.709
5800,12.6184,,148,,340.782
5801,12.6204,,148,,340.855
5802,12.6224,,148,,340.927
5803,12.6243,,148,,341
5804,12.6266,,147.5,,341.2
5805,12.6288,,147,,341.4
5806,12.631,,147,,341.422
5807,12.6333,,147,,341.444
5808,12.6356,,147,,341.467
5809,12.6379,,147,,341.489
5810,12.6402,,147,,341.511
5811,12.6424,,147,,341.533
5812,12.6447,,147,,341.556
5813,12.647,,147,,341.578
5814,12.6493,,147,,341.6
5815,12.6514,,146.5,,341.6
5816,12.6536,,146,,341.6
5817,12.6558,,145.5,,341.6
5818,12.6579,,145,,341.6
5819,12.6601,,144.5,,341.6
5820,12.6623,,144,,341.6
5821,12.6645,,143.571,,341.514
5822,12.6668,,143.143,,341.429
5823,12.669,,142.714,,341.343
5824,12.6713,,142.286,,341.257
5825,12.6736,,141.857,,341.171
5826,12.6758,,141.429,,341.086
5827,12.6781,,141,,341
5828,12.6803,,140.8,,340.94
5829,12.6824,,140.6,,340.88
5830,12.6846,,140.4,,340.82
5831,12.6868,,140.2,,340.76
5832,12.689,,140,,340.7
5833,12.6912,,139.8,,340.64
5834,12.6934,,139.6,,340.58
5835,12.6955,,139.4,,340.52
5836,12.6977,,139.2,,340.46
5837,12.6999,,139,,340.4
5838,12.7021,,139,,340.35
5839,12.7042,,139,,340.3
5840,12.7064,,139,,340.25
5841,12.7086,,139,,340.2
5842,12.7108,,139,,340.18
5843,12.7129,,139,,340.16
5844,12.7151,,139,,340.14
5845,12.7173,,139,,340.12
5846,12.7195,,139,,340.1
5847,12.7216,,139,,340.08
5848,12.7238,,139,,340.06
5849,12.726,,139,,340.04
5850,12.7282,,139,,340.02
5851,12.7304,,139,,340
5852,12.7326,,138.889,,339.911
5853,12.7348,,138.778,,339.822
5854,12.7371,,138.667,,339.733
5855,12.7393,,138.556,,339.644
5856,12.7416,,138.444,,339.556
5857,12.7438,,138.333,,339.467
5858,12.7461,,138.222,,339.378
5859,12.7483,,138.111,,339.289
5860,12.7506,,138,,339.2
5861,12.7528,,137.778,,339.156
5862,12.7551,,137.556,,339.111
5863,12.7574,,137.333,,339.067
5864,12.7596,,137.111,,339.022
5865,12.7619,,136.889,,338.978
5866,12.7642,,136.667,,338.933
5867,12.7664,,136.444,,338.889
5868,12.7687,,136.222,,338.844
5869,12.771,,136,,338.8
5870,12.7731,,136.1,,338.78
5871,12.7753,,136.2,,338.76
5872,12.7774,,136.3,,338.74
5873,12.7796,,136.4,,338.72
5874,12.7817,,136.5,,338.7
5875,12.7839,,136.6,,338.68
5876,12.786,,136.7,,338.66
5877,12.7882,,136.8,,338.64
5878,12.7903,,136.9,,338.62
5879,12.7925,,137,,338.6
5880,12.7945,,137.1,,338.66
5881,12.7965,,137.2,,338.72
5882,12.7985,,137.3,,338.78
5883,12.8006,,137.4,,338.84
5884,12.8026,,137.5,,338.9
5885,12.8046,,137.6,,338.96
5886,12.8066,,137.7,,339.02
5887,12.8087,,137.8,,339.08
5888,12.8107,,137.9,,339.14
5889,12.8127,,138,,339.2
5890,12.8149,,138.111,,339.311
5891,12.817,,138.222,,339.422
5892,12.8191,,138.333,,339.533
5893,12.8213,,138.444,,339.644
5894,12.8234,,138.556,,339.756
5895,12.8255,,138.667,,339.867
5896,12.8277,,138.778,,339.978
5897,12.8298,,138.889,,340.089
5898,12.8319,,139,,340.2
5899,12.834,,138.9,,340.22
5900,12.836,,138.8,,340.24
5901,12.838,,138.7,,340.26
5902,12.84,,138.6,,340.28
5903,12.8421,,138.5,,340.3
5904,12.8441,,138.4,,340.32
5905,12.8461,,138.3,,340.34
5906,12.8482,,138.2,,340.36
5907,12.8502,,138.1,,340.38
5908,12.8522,,138,,340.4
5909,12.8544,,138.1,,340.38
5910,12.8566,,138.2,,340.36
5911,12.8587,,138.3,,340.34
5912,12.8609,,138.4,,340.32
5913,12.8631,,138.5,,340.3
5914,12.8652,,138.6,,340.28
5915,12.8674,,138.7,,340.26
5916,12.8696,,138.8,,340.24
5917,12.8717,,138.9,,340.22
5918,12.8739,,139,,340.2
5919,12.876,,139,,340.24
5920,12.8781,,139,,340.28
5921,12.8802,,139,,340.32
5922,12.8823,,139,,340.36
5923,12.8843,,139,,340.4
5924,12.8864,,139,,340.44
5925,12.8885,,139,,340.48
5926,12.8906,,139,,340.52
5927,12.8927,,139,,340.56
5928,12.8948,,139,,340.6
5929,12.897,,138.889,,340.622
5930,12.8993,,138.778,,340.644
5931,12.9015,,138.667,,340.667
5932,12.9038,,138.556,,340.689
5933,12.906,,138.444,,340.711
5934,12.9082,,138.333,,340.733
5935,12.9105,,138.222,,340.756
5936,12.9127,,138.111,,340.778
5937,12.915,,138,,340.8
5938,12.917,,138,,340.533
5939,12.9191,,138,,340.267
5940,12.9212,,138,,340
5941,12.9233,,138,,339.733
5942,12.9254,,138,,339.467
5943,12.9274,,138,,339.2
5944,12.929,,138,,338.5
5945,12.9305,,138,,337.8
5946,12.9324,,138.091,,337.727
5947,12.9344,,138.182,,337.655
5948,12.9363,,138.273,,337.582
5949,12.9382,,138.364,,337.509
5950,12.9402,,138.455,,337.436
5951,12.9421,,138.545,,337.364
5952,12.944,,138.636,,337.291
5953,12.946,,138.727,,337.218
5954,12.9479,,138.818,,337.145
5955,12.9498,,138.909,,337.073
5956,12.9517,,139,,337
5957,12.954,,139.111,,337.022
5958,12.9563,,139.222,,337.044
5959,12.9585,,139.333,,337.067
5960,12.9608,,139.444,,337.089
5961,12.963,,139.556,,337.111
5962,12.9653,,139.667,,337.133
5963,12.9676,,139.778,,337.156
5964,12.9698,,139.889,,337.178
5965,12.9721,,140,,337.2
5966,12.9745,,139.889,,337.2
5967,12.9769,,139.778,,337.2
5968,12.9793,,139.667,,337.2
5969,12.9817,,139.556,,337.2
5970,12.9841,,139.444,,337.2
5971,12.9865,,139.333,,337.2
5972,12.9889,,139.222,,337.2
5973,12.9913,,139.111,,337.2
5974,12.9937,,139,,337.2
5975,12.9957,,138.667,,337.2
5976,12.9977,,138.333,,337.2
5977,12.9998,,138,,337.2
5978,13.0021,,138,,337.178
5979,13.0044,,138,,337.156
5980,13.0067,,138,,337.133
5981,13.009,,138,,337.111
5982,13.0114,,138,,337.089
5983,13.0137,,138,,337.067
5984,13.016,,138,,337.044
5985,13.0183,,138,,337.022
5986,13.0206,,138,,337
5987,13.0228,,138,,337.04
5988,13.0251,,138,,337.08
5989,13.0273,,138,,337.12
5990,13.0295,,138,,337.16
5991,13.0317,,138,,337.2
5992,13.0339,,138,,337.24
5993,13.0361,,138,,337.28
5994,13.0384,,138,,337.32
5995,13.0406,,138,,337.36
5996,13.0428,,138,,337.4
5997,13.045,,137.9,,337.44
5998,13.0472,,137.8,,337.48
5999,13.0494,,137.7,,337.52
6000,13.0516,,137.6,,337.56
6001,13.0538,,137.5,,337.6
6002,13.056,,137.4,,337.64
6003,13.0582,,137.3,,337.68
6004,13.0604,,137.2,,337.72
6005,13.0626,,137.1,,337.76
6006,13.0648,,137,,337.8
6007,13.067,,136.714,,337.657
6008,13.0692,,136.429,,337.514
6009,13.0715,,136.143,,337.371
6010,13.0737,,135.857,,337.229
6011,13.0759,,135.571,,337.086
6012,13.0781,,135.286,,336.943
6013,13.0804,,135,,336.8
6014,13.0824,,135,,336.7
6015,13.0844,,135,,336.6
6016,13.0864,,135,,336.5
6017,13.0885,,135,,336.4
6018,13.0905,,135,,336.3
6019,13.0925,,135,,336.2
6020,13.0946,,135,,336.1
6021,13.0966,,135,,336
6022,13.0986,,135,,335.9
6023,13.1007,,135,,335.8
6024,13.1027,,135,,335.82
6025,13.1048,,135,,335.84
6026,13.1069,,135,,335.86
6027,13.1089,,135,,335.88
6028,13.111,,135,,335.9
6029,13.1131,,135,,335.92
6030,13.1151,,135,,335.94
6031,13.1172,,135,,335.96
6032,13.1192,,135,,335.98
6033,13.1213,,135,,336
6034,13.1236,,135.111,,336.044
6035,13.1259,,135.222,,336.089
6036,13.1282,,135.333,,336.133
6037,13.1306,,135.444,,336.178
6038,13.1329,,135.556,,336.222
6039,13.1352,,135.667,,336.267
6040,13.1375,,135.778,,336.311
6041,13.1398,,135.889,,336.356
6042,13.1421,,136,,336.4
6043,13.1443,,135.778,,336.333
6044,13.1466,,135.556,,336.267
6045,13.1488,,135.333,,336.2
6046,13.151,,135.111,,336.133
6047,13.1532,,134.889,,336.067
6048,13.1555,,134.667,,336
6049,13.1577,,134.444,,335.933
6050,13.1599,,134.222,,335.867
6051,13.1622,,134,,335.8
6052,13.1643,,133.857,,335.629
6053,13.1665,,133.714,,335.457
6054,13.1686,,133.571,,335.286
6055,13.1708,,133.429,,335.114
6056,13.173,,133.286,,334.943
6057,13.1751,,133.143,,334.771
6058,13.1773,,133,,334.6
6059,13.1793,,132.9,,334.5
6060,13.1814,,132.8,,334.4
6061,13.1834,,132.7,,334.3
6062,13.1854,,132.6,,334.2
6063,13.1875,,132.5,,334.1
6064,13.1895,,132.4,,334
6065,13.1915,,132.3,,333.9
6066,13.1935,,132.2,,333.8
6067,13.1956,,132.1,,333.7
6068,13.1976,,132,,333.6
6069,13.1996,,132,,333.6
6070,13.2016,,132,,333.6
6071,13.2036,,132,,333.6
6072,13.2058,,132.222,,333.622
6073,13.2081,,132.444,,333.644
6074,13.2104,,132.667,,333.667
6075,13.2126,,132.889,,333.689
6076,13.2149,,133.111,,333.711
6077,13.2172,,133.333,,333.733
6078,13.2194,,133.556,,333.756
6079,13.2217,,133.778,,333.778
6080,13.2239,,134,,333.8
6081,13.2259,,134.143,,333.914
6082,13.228,,134.286,,334.029
6083,13.23,,134.429,,334.143
6084,13.232,,134.571,,334.257
6085,13.234,,134.714,,334.371
6086,13.236,,134.857,,334.486
6087,13.238,,135,,334.6
6088,13.2402,,135.2,,334.8
6089,13.2423,,135.4,,335
6090,13.2445,,135.6,,335.2
6091,13.2467,,135.8,,335.4
6092,13.2489,,136,,335.6
6093,13.251,,136.1,,335.66
6094,13.2532,,136.2,,335.72
6095,13.2554,,136.3,,335.78
6096,13.2575,,136.4,,335.84
6097,13.2597,,136.5,,335.9
6098,13.2619,,136.6,,335.96
6099,13.264,,136.7,,336.02
6100,13.2662,,136.8,,336.08
6101,13.2684,,136.9,,336.14
6102,13.2705,,137,,336.2
6103,13.2723,,137.6,,336.24
6104,13.2742,,138.2,,336.28
6105,13.276,,138.8,,336.32
6106,13.2778,,139.4,,336.36
6107,13.2796,,140,,336.4
6108,13.2816,,140.5,,336.5
6109,13.2837,,141,,336.6
6110,13.2857,,141.5,,336.7
6111,13.2877,,142,,336.8
6112,13.2899,,142.1,,336.82
6113,13.2921,,142.2,,336.84
6114,13.2943,,142.3,,336.86
6115,13.2965,,142.4,,336.88
6116,13.2987,,142.5,,336.9
6117,13.3009,,142.6,,336.92
6118,13.3031,,142.7,,336.94
6119,13.3053,,142.8,,336.96
6120,13.3074,,142.9,,336.98
6121,13.3096,,143,,337
6122,13.3118,,143,,336.98
6123,13.3139,,143,,336.96
6124,13.3161,,143,,336.94
6125,13.3182,,143,,336.92
6126,13.3204,,143,,336.9
6127,13.3225,,143,,336.88
6128,13.3246,,143,,336.86
6129,13.3268,,143,,336.84
6130,13.3289,,143,,336.82
6131,13.3311,,143,,336.8
6132,13.3332,,143.2,,337
6133,13.3353,,143.4,,337.2
6134,13.3375,,143.6,,337.4
6135,13.3396,,143.8,,337.6
6136,13.3417,,144,,337.8
6137,13.3436,,144,,338.04
6138,13.3455,,144,,338.28
6139,13.3474,,144,,338.52
6140,13.3493,,144,,338.76
6141,13.3512,,144,,339
6142,13.3533,,144.25,,339.125
6143,13.3555,,144.5,,339.25
6144,13.3577,,144.75,,339.375
6145,13.3599,,145,,339.5
6146,13.362,,145.25,,339.625
6147,13.3642,,145.5,,339.75
6148,13.3664,,145.75,,339.875
6149,13.3685,,146,,340
6150,13.3705,,146.111,,340.133
6151,13.3725,,146.222,,340.267
6152,13.3745,,146.333,,340.4
6153,13.3766,,146.444,,340.533
6154,13.3786,,146.556,,340.667
6155,13.3806,,146.667,,340.8
6156,13.3826,,146.778,,340.933
6157,13.3846,,146.889,,341.067
6158,13.3866,,147,,341.2
6159,13.3886,,147.1,,341.3
6160,13.3906,,147.2,,341.4
6161,13.3926,,147.3,,341.5
6162,13.3947,,147.4,,341.6
6163,13.3967,,147.5,,341.7
6164,13.3987,,147.6,,341.8
6165,13.4007,,147.7,,341.9
6166,13.4027,,147.8,,342
6167,13.4048,,147.9,,342.1
6168,13.4068,,148,,342.2
6169,13.4091,,148,,342.222
6170,13.4113,,148,,342.244
6171,13.4136,,148,,342.267
6172,13.4159,,148,,342.289
6173,13.4181,,148,,342.311
6174,13.4204,,148,,342.333
6175,13.4227,,148,,342.356
6176,13.425,,148,,342.378
6177,13.4272,,148,,342.4
6178,13.4295,,147.778,,342.4
6179,13.4318,,147.556,,342.4
6180,13.4341,,147.333,,342.4
6181,13.4364,,147.111,,342.4
6182,13.4387,,146.889,,342.4
6183,13.441,,146.667,,342.4
6184,13.4433,,146.444,,342.4
6185,13.4456,,146.222,,342.4
6186,13.4479,,146,,342.4
6187,13.4498,,145.909,,342.436
6188,13.4518,,145.818,,342.473
6189,13.4538,,145.727,,342.509
6190,13.4558,,145.636,,342.545
6191,13.4577,,145.545,,342.582
6192,13.4597,,145.455,,342.618
6193,13.4617,,145.364,,342.655
6194,13.4636,,145.273,,342.691
6195,13.4656,,145.182,,342.727
6196,13.4676,,145.091,,342.764
6197,13.4695,,145,,342.8
6198,13.4716,,144.75,,342.9
6199,13.4737,,144.5,,343
6200,13.4758,,144.25,,343.1
6201,13.4779,,144,,343.2
6202,13.48,,143.8,,343.28
6203,13.4821,,143.6,,343.36
6204,13.4842,,143.4,,343.44
6205,13.4862,,143.2,,343.52
6206,13.4883,,143,,343.6
6207,13.4904,,142.8,,343.68
6208,13.4925,,142.6,,343.76
6209,13.4946,,142.4,,343.84
6210,13.4966,,142.2,,343.92
6211,13.4987,,142,,344
6212,13.5008,,141.75,,344.05
6213,13.5028,,141.5,,344.1
6214,13.5049,,141.25,,344.15
6215,13.5069,,141,,344.2
6216,13.5092,,141.111,,344.244
6217,13.5115,,141.222,,344.289
6218,13.5137,,141.333,,344.333
6219,13.516,,141.444,,344.378
6220,13.5182,,141.556,,344.422
6221,13.5205,,141.667,,344.467
6222,13.5227,,141.778,,344.511
6223,13.525,,141.889,,344.556
6224,13.5273,,142,,344.6
6225,13.5294,,142.1,,344.6
6226,13.5316,,142.2,,344.6
6227,13.5338,,142.3,,344.6
6228,13.536,,142.4,,344.6
6229,13.5382,,142.5,,344.6
6230,13.5403,,142.6,,344.6
6231,13.5425,,142.7,,344.6
6232,13.5447,,142.8,,344.6
6233,13.5469,,142.9,,344.6
6234,13.5491,,143,,344.6
6235,13.5512,,142.8,,344.56
6236,13.5533,,142.6,,344.52
6237,13.5555,,142.4,,344.48
6238,13.5576,,142.2,,344.44
6239,13.5597,,142,,344.4
6240,13.5618,,141.8,,344.36
6241,13.564,,141.6,,344.32
6242,13.5661,,141.4,,344.28
6243,13.5682,,141.2,,344.24
6244,13.5703,,141,,344.2
6245,13.5725,,140.8,,344.18
6246,13.5747,,140.6,,344.16
6247,13.5769,,140.4,,344.14
6248,13.579,,140.2,,344.12
6249,13.5812,,140,,344.1
6250,13.5834,,139.8,,344.08
6251,13.5856,,139.6,,344.06
6252,13.5878,,139.4,,344.04
6253,13.5899,,139.2,,344.02
6254,13.5921,,139,,344
6255,13.5944,,139.111,,343.978
6256,13.5968,,139.222,,343.956
6257,13.5991,,139.333,,343.933
6258,13.6015,,139.444,,343.911
6259,13.6038,,139.556,,343.889
6260,13.6061,,139.667,,343.867
6261,13.6085,,139.778,,343.844
6262,13.6108,,139.889,,343.822
6263,13.6132,,140,,343.8
6264,13.6154,,139.75,,343.65
6265,13.6176,,139.5,,343.5
6266,13.6198,,139.25,,343.35
6267,13.622,,139,,343.2
6268,13.6242,,138.9,,343.14
6269,13.6263,,138.8,,343.08
6270,13.6285,,138.7,,343.02
6271,13.6306,,138.6,,342.96
6272,13.6328,,138.5,,342.9
6273,13.6349,,138.4,,342.84
6274,13.637,,138.3,,342.78
6275,13.6392,,138.2,,342.72
6276,13.6413,,138.1,,342.66
6277,13.6435,,138,,342.6
6278,13.6458,,137.8,,342.48
6279,13.6482,,137.6,,342.36
6280,13.6506,,137.4,,342.24
6281,13.653,,137.2,,342.12
6282,13.6553,,137,,342
6283,13.6575,,137,,341.667
6284,13.6597,,137,,341.333
6285,13.6619,,137,,341
6286,13.664,,137,,340.65
6287,13.6661,,137,,340.3
6288,13.6682,,137,,339.95
6289,13.6703,,137,,339.6
6290,13.6725,,136.75,,339.25
6291,13.6747,,136.5,,338.9
6292,13.677,,136.25,,338.55
6293,13.6792,,136,,338.2
6294,13.6811,,136,,338
6295,13.683,,136,,337.8
6296,13.685,,136,,337.6
6297,13.6869,,136,,337.4
6298,13.6888,,136,,337.2
6299,13.6906,,136,,336.967
6300,13.6925,,136,,336.733
6301,13.6943,,136,,336.5
6302,13.6962,,136,,336.267
6303,13.698,,136,,336.033
6304,13.6999,,136,,335.8
6305,13.7019,,136.182,,335.782
6306,13.7038,,136.364,,335.764
6307,13.7058,,136.545,,335.745
6308,13.7078,,136.727,,335.727
6309,13.7098,,136.909,,335.709
6310,13.7118,,137.091,,335.691
6311,13.7137,,137.273,,335.673
6312,13.7157,,137.455,,335.655
6313,13.7177,,137.636,,335.636
6314,13.7197,,137.818,,335.618
6315,13.7216,,138,,335.6
6316,13.7237,,138,,335.64
6317,13.7258,,138,,335.68
6318,13.7279,,138,,335.72
6319,13.73,,138,,335.76
6320,13.7321,,138,,335.8
6321,13.7341,,138,,335.84
6322,13.7362,,138,,335.88
6323,13.7383,,138,,335.92
6324,13.7404,,138,,335.96
6325,13.7425,,138,,336
6326,13.7446,,138.1,,335.98
6327,13.7467,,138.2,,335.96
6328,13.7489,,138.3,,335.94
6329,13.751,,138.4,,335.92
6330,13.7531,,138.5,,335.9
6331,13.7553,,138.6,,335.88
6332,13.7574,,138.7,,335.86
6333,13.7595,,138.8,,335.84
6334,13.7617,,138.9,,335.82
6335,13.7638,,139,,335.8
6336,13.7663,,139.111,,335.844
6337,13.7688,,139.222,,335.889
6338,13.7714,,139.333,,335.933
6339,13.7739,,139.444,,335.978
6340,13.7764,,139.556,,336.022
6341,13.7789,,139.667,,336.067
6342,13.7814,,139.778,,336.111
6343,13.784,,139.889,,336.156
6344,13.7865,,140,,336.2
6345,13.789,,140,,336.2
6346,13.7915,,140,,336.2
6347,13.794,,140,,336.2
6348,13.7965,,140,,336.2
6349,13.7991,,140,,336.2
6350,13.8016,,140,,336.2
6351,13.8041,,140,,336.2
6352,13.8066,,140,,336.2
6353,13.8086,,140,,336.16
6354,13.8107,,140,,336.12
6355,13.8127,,140,,336.08
6356,13.8147,,140,,336.04
6357,13.8167,,140,,336
6358,13.8187,,140,,335.96
6359,13.8208,,140,,335.92
6360,13.8228,,140,,335.88
6361,13.8248,,140,,335.84
6362,13.8268,,140,,335.8
6363,13.8288,,140,,335.733
6364,13.8307,,140,,335.667
6365,13.8326,,140,,335.6
6366,13.8344,,139.889,,335.511
6367,13.8362,,139.778,,335.422
6368,13.8379,,139.667,,335.333
6369,13.8397,,139.556,,335.244
6370,13.8414,,139.444,,335.156
6371,13.8432,,139.333,,335.067
6372,13.845,,139.222,,334.978
6373,13.8467,,139.111,,334.889
6374,13.8485,,139,,334.8
6375,13.8503,,138.833,,334.767
6376,13.8521,,138.667,,334.733
6377,13.8539,,138.5,,334.7
6378,13.8557,,138.333,,334.667
6379,13.8576,,138.167,,334.633
6380,13.8594,,138,,334.6
6381,13.8612,,137.833,,334.567
6382,13.863,,137.667,,334.533
6383,13.8648,,137.5,,334.5
6384,13.8666,,137.333,,334.467
6385,13.8684,,137.167,,334.433
6386,13.8702,,137,,334.4
6387,13.8723,,137.2,,334.42
6388,13.8744,,137.4,,334.44
6389,13.8764,,137.6,,334.46
6390,13.8785,,137.8,,334.48
6391,13.8806,,138,,334.5
6392,13.8826,,138.2,,334.52
6393,13.8847,,138.4,,334.54
6394,13.8868,,138.6,,334.56
6395,13.8888,,138.8,,334.58
6396,13.8909,,139,,334.6
6397,13.8928,,138.909,,334.709
6398,13.8947,,138.818,,334.818
6399,13.8966,,138.727,,334.927
6400,13.8985,,138.636,,335.036
6401,13.9004,,138.545,,335.145
6402,13.9023,,138.455,,335.255
6403,13.9043,,138.364,,335.364
6404,13.9062,,138.273,,335.473
6405,13.9081,,138.182,,335.582
6406,13.91,,138.091,,335.691
6407,13.9119,,138,,335.8
6408,13.9137,,137,,336
6409,13.9157,,137.375,,336.1
6410,13.9178,,137.75,,336.2
6411,13.9198,,138.125,,336.3
6412,13.9219,,138.5,,336.4
6413,13.9239,,138.875,,336.5
6414,13.9259,,139.25,,336.6
6415,13.928,,139.625,,336.7
6416,13.93,,140,,336.8
6417,13.9323,,140.333,,336.867
6418,13.9346,,140.667,,336.933
6419,13.9369,,141,,337
6420,13.9395,,141.5,,337
6421,13.9422,,142,,337
6422,13.9449,,142.5,,337
6423,13.9476,,143,,337
6424,13.9503,,143.5,,337
6425,13.953,,144,,337
6426,13.9554,,144.222,,337.022
6427,13.9578,,144.444,,337.044
6428,13.9602,,144.667,,337.067
6429,13.9627,,144.889,,337.089
6430,13.9651,,145.111,,337.111
6431,13.9675,,145.333,,337.133
6432,13.97,,145.556,,337.156
6433,13.9724,,145.778,,337.178
6434,13.9748,,146,,337.2
6435,13.977,,146,,337.36
6436,13.9792,,146,,337.52
6437,13.9814,,146,,337.68
6438,13.9835,,146,,337.84
6439,13.9857,,146,,338
6440,13.988,,146.167,,338.133
6441,13.9903,,146.333,,338.267
6442,13.9926,,146.5,,338.4
6443,13.9948,,146.667,,338.533
6444,13.9971,,146.833,,338.667
6445,13.9994,,147,,338.8
6446,14.002,,147,,338.9
6447,14.0045,,147,,339
6448,14.0068,,146.889,,339.044
6449,14.0091,,146.778,,339.089
6450,14.0114,,146.667,,339.133
6451,14.0137,,146.556,,339.178
6452,14.016,,146.444,,339.222
6453,14.0183,,146.333,,339.267
6454,14.0206,,146.222,,339.311
6455,14.0229,,146.111,,339.356
6456,14.0252,,146,,339.4
6457,14.0273,,145.9,,339.4
6458,14.0294,,145.8,,339.4
6459,14.0315,,145.7,,339.4
6460,14.0336,,145.6,,339.4
6461,14.0357,,145.5,,339.4
6462,14.0378,,145.4,,339.4
6463,14.0399,,145.3,,339.4
6464,14.042,,145.2,,339.4
6465,14.0441,,145.1,,339.4
6466,14.0463,,145,,339.4
6467,14.0485,,144.889,,339.356
6468,14.0507,,144.778,,339.311
6469,14.0529,,144.667,,339.267
6470,14.0551,,144.556,,339.222
6471,14.0574,,144.444,,339.178
6472,14.0596,,144.333,,339.133
6473,14.0618,,144.222,,339.089
6474,14.064,,144.111,,339.044
6475,14.0663,,144,,339
6476,14.0684,,143.714,,338.857
6477,14.0704,,143.429,,338.714
6478,14.0725,,143.143,,338.571
6479,14.0746,,142.857,,338.429
6480,14.0767,,142.571,,338.286
6481,14.0788,,142.286,,338.143
6482,14.0809,,142,,338
6483,14.0828,,141.75,,337.85
6484,14.0847,,141.5,,337.7
6485,14.0866,,141.25,,337.55
6486,14.0885,,141,,337.4
6487,14.0904,,140.75,,337.25
6488,14.0923,,140.5,,337.1
6489,14.0942,,140.25,,336.95
6490,14.0961,,140,,336.8
6491,14.0982,,140.1,,336.76
6492,14.1003,,140.2,,336.72
6493,14.1025,,140.3,,336.68
6494,14.1046,,140.4,,336.64
6495,14.1067,,140.5,,336.6
6496,14.1088,,140.6,,336.56
6497,14.111,,140.7,,336.52
6498,14.1131,,140.8,,336.48
6499,14.1152,,140.9,,336.44
6500,14.1174,,141,,336.4
6501,14.1198,,140.889,,336.511
6502,14.1223,,140.778,,336.622
6503,14.1248,,140.667,,336.733
6504,14.1272,,140.556,,336.844
6505,14.1297,,140.444,,336.956
6506,14.1322,,140.333,,337.067
6507,14.1347,,140.222,,337.178
6508,14.1371,,140.111,,337.289
6509,14.1396,,140,,337.4
6510,14.1423,,139.875,,337.4
6511,14.145,,139.75,,337.4
6512,14.1477,,139.625,,337.4
6513,14.1503,,139.5,,337.4
6514,14.153,,139.375,,337.4
6515,14.1557,,139.25,,337.4
6516,14.1584,,139.125,,337.4
6517,14.1611,,139,,337.4
6518,14.1628,,139,,337.143
6519,14.1645,,139,,336.886
6520,14.1662,,139,,336.629
6521,14.1679,,139,,336.371
6522,14.1696,,139,,336.114
6523,14.1713,,139,,335.857
6524,14.173,,139,,335.6
6525,14.1751,,138.9,,335.52
6526,14.1771,,138.8,,335.44
6527,14.1792,,138.7,,335.36
6528,14.1812,,138.6,,335.28
6529,14.1833,,138.5,,335.2
6530,14.1853,,138.4,,335.12
6531,14.1874,,138.3,,335.04
6532,14.1894,,138.2,,334.96
6533,14.1914,,138.1,,334.88
6534,14.1935,,138,,334.8
6535,14.1954,,137.909,,334.782
6536,14.1973,,137.818,,334.764
6537,14.1993,,137.727,,334.745
6538,14.2012,,137.636,,334.727
6539,14.2031,,137.545,,334.709
6540,14.205,,137.455,,334.691
6541,14.2069,,137.364,,334.673
6542,14.2089,,137.273,,334.655
6543,14.2108,,137.182,,334.636
6544,14.2127,,137.091,,334.618
6545,14.2146,,137,,334.6
6546,14.2165,,137,,334.6
6547,14.2192,,137.125,,334.575
6548,14.2219,,137.25,,334.55
6549,14.2246,,137.375,,334.525
6550,14.2273,,137.5,,334.5
6551,14.2299,,137.625,,334.475
6552,14.2326,,137.75,,334.45
6553,14.2353,,137.875,,334.425
6554,14.238,,138,,334.4
6555,14.2405,,138.125,,334.425
6556,14.2431,,138.25,,334.45
6557,14.2457,,138.375,,334.475
6558,14.2482,,138.5,,334.5
6559,14.2508,,138.625,,334.525
6560,14.2533,,138.75,,334.55
6561,14.2559,,138.875,,334.575
6562,14.2585,,139,,334.6
6563,14.2608,,139,,334.622
6564,14.2632,,139,,334.644
6565,14.2655,,139,,334.667
6566,14.2678,,139,,334.689
6567,14.2702,,139,,334.711
6568,14.2725,,139,,334.733
6569,14.2749,,139,,334.756
6570,14.2772,,139,,334.778
6571,14.2796,,139,,334.8
6572,14.2817,,139.1,,334.8
6573,14.2838,,139.2,,334.8
6574,14.2859,,139.3,,334.8
6575,14.288,,139.4,,334.8
6576,14.2901,,139.5,,334.8
6577,14.2922,,139.6,,334.8
6578,14.2943,,139.7,,334.8
6579,14.2964,,139.8,,334.8
6580,14.2985,,139.9,,334.8
6581,14.3006,,140,,334.8
6582,14.3026,,140.091,,334.782
6583,14.3046,,140.182,,334.764
6584,14.3066,,140.273,,334.745
6585,14.3086,,140.364,,334.727
6586,14.3106,,140.455,,334.709
6587,14.3125,,140.545,,334.691
6588,14.3145,,140.636,,334.673
6589,14.3165,,140.727,,334.655
6590,14.3185,,140.818,,334.636
6591,14.3205,,140.909,,334.618
6592,14.3225,,141,,334.6
6593,14.3246,,141,,334.6
6594,14.3266,,141,,334.6
6595,14.3287,,141,,334.6
6596,14.3308,,141,,334.6
6597,14.3329,,141,,334.6
6598,14.335,,141,,334.6
6599,14.3371,,141,,334.6
6600,14.3392,,141,,334.6
6601,14.3413,,141,,334.6
6602,14.3434,,141,,334.6
6603,14.3455,,140.9,,334.62
6604,14.3476,,140.8,,334.64
6605,14.3498,,140.7,,334.66
6606,14.3519,,140.6,,334.68
6607,14.3541,,140.5,,334.7
6608,14.3562,,140.4,,334.72
6609,14.3584,,140.3,,334.74
6610,14.3605,,140.2,,334.76
6611,14.3627,,140.1,,334.78
6612,14.3648,,140,,334.8
6613,14.3672,,140,,334.8
6614,14.3696,,140,,334.8
6615,14.372,,140,,334.8
6616,14.3744,,140,,334.8
6617,14.3769,,140,,334.8
6618,14.3793,,140,,334.8
6619,14.3817,,140,,334.8
6620,14.3841,,140,,334.8
6621,14.3865,,140,,334.8
6622,14.389,,140,,334.8
6623,14.3915,,140,,334.8
6624,14.394,,140,,334.8
6625,14.3965,,140,,334.8
6626,14.399,,140,,334.8
6627,14.4015,,140,,334.8
6628,14.404,,140,,334.8
6629,14.4065,,140,,334.8
6630,14.4088,,139.889,,334.8
6631,14.4112,,139.778,,334.8
6632,14.4135,,139.667,,334.8
6633,14.4158,,139.556,,334.8
6634,14.4181,,139.444,,334.8
6635,14.4204,,139.333,,334.8
6636,14.4227,,139.222,,334.8
6637,14.425,,139.111,,334.8
6638,14.4273,,139,,334.8
6639,14.4295,,139.1,,334.8
6640,14.4316,,139.2,,334.8
6641,14.4337,,139.3,,334.8
6642,14.4359,,139.4,,334.8
6643,14.438,,139.5,,334.8
6644,14.4402,,139.6,,334.8
6645,14.4423,,139.7,,334.8
6646,14.4445,,139.8,,334.8
6647,14.4466,,139.9,,334.8
6648,14.4488,,140,,334.8
6649,14.4511,,139.889,,334.8
6650,14.4535,,139.778,,334.8
6651,14.4559,,139.667,,334.8
6652,14.4583,,139.556,,334.8
6653,14.4607,,139.444,,334.8
6654,14.4631,,139.333,,334.8
6655,14.4655,,139.222,,334.8
6656,14.4679,,139.111,,334.8
6657,14.4703,,139,,334.8
6658,14.4723,,139,,334.82
6659,14.4743,,139,,334.84
6660,14.4763,,139,,334.86
6661,14.4783,,139,,334.88
6662,14.4803,,139,,334.9
6663,14.4824,,139,,334.92
6664,14.4844,,139,,334.94
6665,14.4864,,139,,334.96
6666,14.4884,,139,,334.98
6667,14.4904,,139,,335
6668,14.4928,,139.222,,335.022
6669,14.4951,,139.444,,335.044
6670,14.4975,,139.667,,335.067
6671,14.4998,,139.889,,335.089
6672,14.5022,,140.111,,335.111
6673,14.5045,,140.333,,335.133
6674,14.5069,,140.556,,335.156
6675,14.5092,,140.778,,335.178
6676,14.5116,,141,,335.2
6677,14.5138,,141,,335.16
6678,14.516,,141,,335.12
6679,14.5182,,141,,335.08
6680,14.5205,,141,,335.04
6681,14.5227,,141,,335
6682,14.5249,,141,,334.96
6683,14.5271,,141,,334.92
6684,14.5293,,141,,334.88
6685,14.5316,,141,,334.84
6686,14.5338,,141,,334.8
6687,14.5359,,140.9,,334.8
6688,14.5381,,140.8,,334.8
6689,14.5402,,140.7,,334.8
6690,14.5424,,140.6,,334.8
6691,14.5445,,140.5,,334.8
6692,14.5466,,140.4,,334.8
6693,14.5488,,140.3,,334.8
6694,14.5509,,140.2,,334.8
6695,14.5531,,140.1,,334.8
6696,14.5552,,140,,334.8
6697,14.5572,,140.091,,334.8
6698,14.5592,,140.182,,334.8
6699,14.5612,,140.273,,334.8
6700,14.5632,,140.364,,334.8
6701,14.5652,,140.455,,334.8
6702,14.5672,,140.545,,334.8
6703,14.5692,,140.636,,334.8
6704,14.5712,,140.727,,334.8
6705,14.5732,,140.818,,334.8
6706,14.5752,,140.909,,334.8
6707,14.5772,,141,,334.8
6708,14.5796,,141,,334.778
6709,14.5819,,141,,334.756
6710,14.5842,,141,,334.733
6711,14.5866,,141,,334.711
6712,14.5889,,141,,334.689
6713,14.5913,,141,,334.667
6714,14.5936,,141,,334.644
6715,14.5959,,141,,334.622
6716,14.5983,,141,,334.6
6717,14.6007,,141.111,,334.622
6718,14.6031,,141.222,,334.644
6719,14.6055,,141.333,,334.667
6720,14.6078,,141.444,,334.689
6721,14.6102,,141.556,,334.711
6722,14.6126,,141.667,,334.733
6723,14.615,,141.778,,334.756
6724,14.6174,,141.889,,334.778
6725,14.6198,,142,,334.8
6726,14.622,,141.8,,334.8
6727,14.6242,,141.6,,334.8
6728,14.6263,,141.4,,334.8
6729,14.6285,,141.2,,334.8
6730,14.6307,,141,,334.8
6731,14.6328,,140.8,,334.8
6732,14.635,,140.6,,334.8
6733,14.6372,,140.4,,334.8
6734,14.6394,,140.2,,334.8
6735,14.6415,,140,,334.8
6736,14.6438,,140.111,,334.8
6737,14.646,,140.222,,334.8
6738,14.6482,,140.333,,334.8
6739,14.6504,,140.444,,334.8
6740,14.6526,,140.556,,334.8
6741,14.6549,,140.667,,334.8
6742,14.6571,,140.778,,334.8
6743,14.6593,,140.889,,334.8
6744,14.6615,,141,,334.8
6745,14.6636,,140.8,,334.8
6746,14.6657,,140.6,,334.8
6747,14.6678,,140.4,,334.8
6748,14.6698,,140.2,,334.8
6749,14.6719,,140,,334.8
6750,14.674,,139.8,,334.8
6751,14.676,,139.6,,334.8
6752,14.6781,,139.4,,334.8
6753,14.6802,,139.2,,334.8
6754,14.6822,,139,,334.8
6755,14.6842,,139,,334.782
6756,14.6862,,139,,334.764
6757,14.6881,,139,,334.745
6758,14.6901,,139,,334.727
6759,14.692,,139,,334.709
6760,14.694,,139,,334.691
6761,14.6959,,139,,334.673
6762,14.6979,,139,,334.655
6763,14.6998,,139,,334.636
6764,14.7018,,139,,334.618
6765,14.7037,,139,,334.6
6766,14.7058,,139,,334.575
6767,14.7078,,139,,334.55
6768,14.7098,,139,,334.525
6769,14.7119,,139,,334.5
6770,14.7139,,139,,334.475
6771,14.716,,139,,334.45
6772,14.718,,139,,334.425
6773,14.72,,139,,334.4
6774,14.7224,,138.889,,334.4
6775,14.7247,,138.778,,334.4
6776,14.7271,,138.667,,334.4
6777,14.7294,,138.556,,334.4
6778,14.7317,,138.444,,334.4
6779,14.7341,,138.333,,334.4
6780,14.7364,,138.222,,334.4
6781,14.7388,,138.111,,334.4
6782,14.7411,,138,,334.4
6783,14.7434,,137.889,,334.4
6784,14.7456,,137.778,,334.4
6785,14.7478,,137.667,,334.4
6786,14.7501,,137.556,,334.4
6787,14.7523,,137.444,,334.4
6788,14.7545,,137.333,,334.4
6789,14.7568,,137.222,,334.4
6790,14.759,,137.111,,334.4
6791,14.7613,,137,,334.4
6792,14.7631,,137,,334.4
6793,14.765,,137,,334.4
6794,14.7669,,137,,334.4
6795,14.7688,,137,,334.4
6796,14.7706,,137,,334.4
6797,14.7725,,137,,334.4
6798,14.7744,,137,,334.4
6799,14.7763,,137,,334.4
6800,14.7781,,137,,334.4
6801,14.78,,137,,334.4
6802,14.7819,,137,,334.4
6803,14.7843,,136.889,,334.378
6804,14.7867,,136.778,,334.356
6805,14.7892,,136.667,,334.333
6806,14.7916,,136.556,,334.311
6807,14.794,,136.444,,334.289
6808,14.7965,,136.333,,334.267
6809,14.7989,,136.222,,334.244
6810,14.8013,,136.111,,334.222
6811,14.8037,,136,,334.2
6812,14.8058,,136,,334.2
6813,14.8079,,136,,334.2
6814,14.81,,136,,334.2
6815,14.8121,,136,,334.2
6816,14.8141,,136,,334.2
6817,14.8162,,136,,334.2
6818,14.8183,,136,,334.2
6819,14.8204,,136,,334.2
6820,14.8225,,136,,334.2
6821,14.8246,,136,,334.2
6822,14.8267,,135.8,,334.22
6823,14.8288,,135.6,,334.24
6824,14.8309,,135.4,,334.26
6825,14.833,,135.2,,334.28
6826,14.8351,,135,,334.3
6827,14.8372,,134.8,,334.32
6828,14.8393,,134.6,,334.34
6829,14.8414,,134.4,,334.36
6830,14.8435,,134.2,,334.38
6831,14.8456,,134,,334.4
6832,14.8475,,133.818,,334.418
6833,14.8495,,133.636,,334.436
6834,14.8514,,133.455,,334.455
6835,14.8534,,133.273,,334.473
6836,14.8553,,133.091,,334.491
6837,14.8573,,132.909,,334.509
6838,14.8592,,132.727,,334.527
6839,14.8612,,132.545,,334.545
6840,14.8631,,132.364,,334.564
6841,14.8651,,132.182,,334.582
6842,14.867,,132,,334.6
6843,14.869,,132,,334.6
6844,14.8711,,132,,334.6
6845,14.8731,,132,,334.6
6846,14.8751,,132,,334.6
6847,14.8771,,132,,334.6
6848,14.8792,,132,,334.6
6849,14.8812,,132,,334.6
6850,14.8832,,132,,334.6
6851,14.8852,,132,,334.6
6852,14.8872,,132,,334.6
6853,14.8897,,132,,334.6
6854,14.8921,,132,,334.6
6855,14.8945,,132,,334.6
6856,14.8969,,132,,334.6
6857,14.8993,,132,,334.6
6858,14.9017,,132,,334.6
6859,14.9041,,132,,334.6
6860,14.9065,,132,,334.6
6861,14.9089,,132,,334.6
6862,14.9108,,132.273,,334.6
6863,14.9127,,132.545,,334.6
6864,14.9146,,132.818,,334.6
6865,14.9165,,133.091,,334.6
6866,14.9184,,133.364,,334.6
6867,14.9203,,133.636,,334.6
6868,14.9222,,133.909,,334.6
6869,14.9241,,134.182,,334.6
6870,14.9259,,134.455,,334.6
6871,14.9278,,134.727,,334.6
6872,14.9297,,135,,334.6
6873,14.9319,,135.1,,334.58
6874,14.9341,,135.2,,334.56
6875,14.9362,,135.3,,334.54
6876,14.9384,,135.4,,334.52
6877,14.9406,,135.5,,334.5
6878,14.9427,,135.6,,334.48
6879,14.9449,,135.7,,334.46
6880,14.9471,,135.8,,334.44
6881,14.9492,,135.9,,334.42
6882,14.9514,,136,,334.4
6883,14.9536,,136.222,,334.422
6884,14.9559,,136.444,,334.444
6885,14.9581,,136.667,,334.467
6886,14.9603,,136.889,,334.489
6887,14.9626,,137.111,,334.511
6888,14.9648,,137.333,,334.533
6889,14.9671,,137.556,,334.556
6890,14.9693,,137.778,,334.578
6891,14.9715,,138,,334.6
6892,14.9739,,138.111,,334.6
6893,14.9763,,138.222,,334.6
6894,14.9787,,138.333,,334.6
6895,14.9811,,138.444,,334.6
6896,14.9835,,138.556,,334.6
6897,14.9859,,138.667,,334.6
6898,14.9882,,138.778,,334.6
6899,14.9906,,138.889,,334.6
6900,14.993,,139,,334.6
6901,14.9949,,139,,334.6
6902,14.9967,,139,,334.6
6903,14.9986,,139,,334.6
6904,15.001,,139,,334.622
6905,15.0033,,139,,334.644
6906,15.0057,,139,,334.667
6907,15.008,,139,,334.689
6908,15.0104,,139,,334.711
6909,15.0127,,139,,334.733
6910,15.0151,,139,,334.756
6911,15.0174,,139,,334.778
6912,15.0198,,139,,334.8
6913,15.0221,,138.889,,334.8
6914,15.0244,,138.778,,334.8
6915,15.0267,,138.667,,334.8
6916,15.029,,138.556,,334.8
6917,15.0313,,138.444,,334.8
6918,15.0336,,138.333,,334.8
6919,15.0359,,138.222,,334.8
6920,15.0382,,138.111,,334.8
6921,15.0405,,138,,334.8
6922,15.0426,,138,,334.8
6923,15.0447,,138,,334.8
6924,15.0468,,138,,334.8
6925,15.0488,,138,,334.8
6926,15.0509,,138,,334.8
6927,15.053,,138,,334.8
6928,15.0551,,138,,334.8
6929,15.0571,,138,,334.8
6930,15.0592,,138,,334.8
6931,15.0613,,138,,334.8
6932,15.0635,,137.9,,334.8
6933,15.0658,,137.8,,334.8
6934,15.068,,137.7,,334.8
6935,15.0703,,137.6,,334.8
6936,15.0725,,137.5,,334.8
6937,15.0748,,137.4,,334.8
6938,15.077,,137.3,,334.8
6939,15.0793,,137.2,,334.8
6940,15.0815,,137.1,,334.8
6941,15.0837,,137,,334.8
6942,15.0861,,136.889,,334.8
6943,15.0884,,136.778,,334.8
6944,15.0907,,136.667,,334.8
6945,15.093,,136.556,,334.8
6946,15.0954,,136.444,,334.8
6947,15.0977,,136.333,,334.8
6948,15.1,,136.222,,334.8
6949,15.1023,,136.111,,334.8
6950,15.1047,,136,,334.8
6951,15.107,,136.111,,334.8
6952,15.1094,,136.222,,334.8
6953,15.1118,,136.333,,334.8
6954,15.1142,,136.444,,334.8
6955,15.1166,,136.556,,334.8
6956,15.119,,136.667,,334.8
6957,15.1214,,136.778,,334.8
6958,15.1238,,136.889,,334.8
6959,15.1262,,137,,334.8
6960,15.1284,,136.889,,334.778
6961,15.1307,,136.778,,334.756
6962,15.1329,,136.667,,334.733
6963,15.1352,,136.556,,334.711
6964,15.1374,,136.444,,334.689
6965,15.1397,,136.333,,334.667
6966,15.1419,,136.222,,334.644
6967,15.1442,,136.111,,334.622
6968,15.1464,,136,,334.6
6969,15.1487,,136,,334.6
6970,15.151,,136,,334.6
6971,15.1532,,136,,334.6
6972,15.1555,,136,,334.6
6973,15.1578,,136,,334.6
6974,15.16,,136,,334.6
6975,15.1623,,136,,334.6
6976,15.1646,,136,,334.6
6977,15.1668,,136,,334.6
6978,15.169,,136.1,,334.6
6979,15.1711,,136.2,,334.6
6980,15.1733,,136.3,,334.6
6981,15.1754,,136.4,,334.6
6982,15.1776,,136.5,,334.6
6983,15.1797,,136.6,,334.6
6984,15.1819,,136.7,,334.6
6985,15.184,,136.8,,334.6
6986,15.1862,,136.9,,334.6
6987,15.1883,,137,,334.6
6988,15.1906,,137,,334.6
6989,15.193,,137,,334.6
6990,15.1953,,137,,334.6
6991,15.1976,,137,,334.6
6992,15.1999,,137,,334.6
6993,15.2023,,137,,334.6
6994,15.2046,,137,,334.6
6995,15.2069,,137,,334.6
6996,15.2092,,137,,334.6
6997,15.2114,,137.1,,334.6
6998,15.2136,,137.2,,334.6
6999,15.2158,,137.3,,334.6
7000,15.218,,137.4,,334.6
7001,15.2202,,137.5,,334.6
7002,15.2224,,137.6,,334.6
7003,15.2246,,137.7,,334.6
7004,15.2268,,137.8,,334.6
7005,15.229,,137.9,,334.6
7006,15.2312,,138,,334.6
7007,15.233,,137.917,,334.583
7008,15.2347,,137.833,,334.567
7009,15.2365,,137.75,,334.55
7010,15.2383,,137.667,,334.533
7011,15.24,,137.583,,334.517
7012,15.2418,,137.5,,334.5
7013,15.2435,,137.417,,334.483
7014,15.2453,,137.333,,334.467
7015,15.2471,,137.25,,334.45
7016,15.2488,,137.167,,334.433
7017,15.2506,,137.083,,334.417
7018,15.2523,,137,,334.4
7019,15.2544,,137,,334.44
7020,15.2564,,137,,334.48
7021,15.2584,,137,,334.52
7022,15.2604,,137,,334.56
7023,15.2624,,137,,334.6
7024,15.2645,,137,,334.64
7025,15.2665,,137,,334.68
7026,15.2685,,137,,334.72
7027,15.2705,,137,,334.76
7028,15.2725,,137,,334.8
7029,15.2746,,137,,334.8
7030,15.2766,,137,,334.8
7031,15.2786,,137,,334.8
7032,15.2806,,137,,334.8
7033,15.2827,,137,,334.8
7034,15.2847,,137,,334.8
7035,15.2867,,137,,334.8
7036,15.2887,,137,,334.8
7037,15.2907,,137,,334.8
7038,15.2928,,137,,334.8
7039,15.2948,,137,,334.8
7040,15.2969,,137,,334.8
7041,15.2989,,137,,334.8
7042,15.3009,,137,,334.8
7043,15.303,,137,,334.8
7044,15.305,,137,,334.8
7045,15.3071,,137,,334.8
7046,15.3091,,137,,334.8
7047,15.3111,,137,,334.8
7048,15.3132,,137,,334.8
7049,15.3152,,137.1,,334.8
7050,15.3173,,137.2,,334.8
7051,15.3194,,137.3,,334.8
7052,15.3214,,137.4,,334.8
7053,15.3235,,137.5,,334.8
7054,15.3255,,137.6,,334.8
7055,15.3276,,137.7,,334.8
7056,15.3296,,137.8,,334.8
7057,15.3317,,137.9,,334.8
7058,15.3338,,138,,334.8
7059,15.3358,,138,,334.8
7060,15.3379,,138,,334.8
7061,15.3399,,138,,334.8
7062,15.342,,138,,334.8
7063,15.3441,,138,,334.8
7064,15.3461,,138,,334.8
7065,15.3482,,138,,334.8
7066,15.3503,,138,,334.8
7067,15.3523,,138,,334.8
7068,15.3544,,138,,334.8
7069,15.3564,,138,,334.8
7070,15.3584,,138,,334.8
7071,15.3604,,138,,334.8
7072,15.3624,,138,,334.8
7073,15.3644,,138,,334.8
7074,15.3665,,138,,334.8
7075,15.3685,,138,,334.8
7076,15.3705,,138,,334.8
7077,15.3725,,138,,334.8
7078,15.3745,,138,,334.8
7079,15.3764,,137.818,,334.8
7080,15.3783,,137.636,,334.8
7081,15.3802,,137.455,,334.8
7082,15.3821,,137.273,,334.8
7083,15.384,,137.091,,334.8
7084,15.3858,,136.909,,334.8
7085,15.3877,,136.727,,334.8
7086,15.3896,,136.545,,334.8
7087,15.3915,,136.364,,334.8
7088,15.3934,,136.182,,334.8
7089,15.3953,,136,,334.8
7090,15.3977,,135.889,,334.8
7091,15.4001,,135.778,,334.8
7092,15.4026,,135.667,,334.8
7093,15.405,,135.556,,334.8
7094,15.4074,,135.444,,334.8
7095,15.4098,,135.333,,334.8
7096,15.4122,,135.222,,334.8
7097,15.4147,,135.111,,334.8
7098,15.4171,,135,,334.8
7099,15.4193,,135.111,,334.8
7100,15.4216,,135.222,,334.8
7101,15.4238,,135.333,,334.8
7102,15.4261,,135.444,,334.8
7103,15.4283,,135.556,,334.8
7104,15.4306,,135.667,,334.8
7105,15.4328,,135.778,,334.8
7106,15.4351,,135.889,,334.8
7107,15.4373,,136,,334.8
7108,15.4397,,135.667,,334.8
7109,15.442,,135.333,,334.8
7110,15.4444,,135,,334.8
7111,15.4467,,134.667,,334.8
7112,15.4491,,134.333,,334.8
7113,15.4514,,134,,334.8
7114,15.4538,,133.667,,334.8
7115,15.4561,,133.333,,334.8
7116,15.4585,,133,,334.8
7117,15.4605,,132.9,,334.8
7118,15.4626,,132.8,,334.8
7119,15.4646,,132.7,,334.8
7120,15.4667,,132.6,,334.8
7121,15.4687,,132.5,,334.8
7122,15.4708,,132.4,,334.8
7123,15.4728,,132.3,,334.8
7124,15.4749,,132.2,,334.8
7125,15.4769,,132.1,,334.8
7126,15.479,,132,,334.8
7127,15.4813,,131.889,,334.8
7128,15.4837,,131.778,,334.8
7129,15.4861,,131.667,,334.8
7130,15.4884,,131.556,,334.8
7131,15.4908,,131.444,,334.8
7132,15.4932,,131.333,,334.8
7133,15.4955,,131.222,,334.8
7134,15.4979,,131.111,,334.8
7135,15.5003,,131,,334.8
7136,15.5026,,131.111,,334.778
7137,15.5049,,131.222,,334.756
7138,15.5072,,131.333,,334.733
7139,15.5095,,131.444,,334.711
7140,15.5119,,131.556,,334.689
7141,15.5142,,131.667,,334.667
7142,15.5165,,131.778,,334.644
7143,15.5188,,131.889,,334.622
7144,15.5211,,132,,334.6
7145,15.5234,,132,,334.578
7146,15.5257,,132,,334.556
7147,15.528,,132,,334.533
7148,15.5302,,132,,334.511
7149,15.5325,,132,,334.489
7150,15.5348,,132,,334.467
7151,15.5371,,132,,334.444
7152,15.5393,,132,,334.422
7153,15.5416,,132,,334.4
7154,15.5438,,132.1,,334.42
7155,15.5461,,132.2,,334.44
7156,15.5483,,132.3,,334.46
7157,15.5505,,132.4,,334.48
7158,15.5527,,132.5,,334.5
7159,15.555,,132.6,,334.52
7160,15.5572,,132.7,,334.54
7161,15.5594,,132.8,,334.56
7162,15.5616,,132.9,,334.58
7163,15.5639,,133,,334.6
7164,15.5661,,133,,334.6
7165,15.5683,,133,,334.6
7166,15.5706,,133,,334.6
7167,15.5728,,133,,334.6
7168,15.575,,133,,334.6
7169,15.5773,,133,,334.6
7170,15.5795,,133,,334.6
7171,15.5817,,133,,334.6
7172,15.584,,133,,334.6
7173,15.5861,,132.8,,334.6
7174,15.5882,,132.6,,334.6
7175,15.5902,,132.4,,334.6
7176,15.5923,,132.2,,334.6
7177,15.5944,,132,,334.6
7178,15.5965,,131.8,,334.6
7179,15.5986,,131.6,,334.6
7180,15.6007,,131.4,,334.6
7181,15.6028,,131.2,,334.6
7182,15.6049,,131,,334.6
7183,15.6071,,131,,334.6
7184,15.6093,,131,,334.6
7185,15.6116,,131,,334.6
7186,15.6138,,131,,334.6
7187,15.616,,131,,334.6
7188,15.6183,,131,,334.6
7189,15.6205,,131,,334.6
7190,15.6227,,131,,334.6
7191,15.625,,131,,334.6
7192,15.6272,,131,,334.6
7193,15.6293,,131,,334.6
7194,15.6314,,131,,334.6
7195,15.6335,,131,,334.6
7196,15.6356,,131,,334.6
7197,15.6377,,131,,334.6
7198,15.6397,,131,,334.6
7199,15.6418,,131,,334.6
7200,15.6439,,131,,334.6
7201,15.646,,131,,334.6
7202,15.6481,,131,,334.6
7203,15.6502,,130.8,,334.6
7204,15.6523,,130.6,,334.6
7205,15.6543,,130.4,,334.6
7206,15.6564,,130.2,,334.6
7207,15.6585,,130,,334.6
7208,15.6606,,129.8,,334.6
7209,15.6626,,129.6,,334.6
7210,15.6647,,129.4,,334.6
7211,15.6668,,129.2,,334.6
7212,15.6689,,129,,334.6
7213,15.6709,,128.909,,334.618
7214,15.6728,,128.818,,334.636
7215,15.6748,,128.727,,334.655
7216,15.6768,,128.636,,334.673
7217,15.6788,,128.545,,334.691
7218,15.6808,,128.455,,334.709
7219,15.6827,,128.364,,334.727
7220,15.6847,,128.273,,334.745
7221,15.6867,,128.182,,334.764
7222,15.6887,,128.091,,334.782
7223,15.6907,,128,,334.8
7224,15.6925,,128.3,,334.8
7225,15.6944,,128.6,,334.8
7226,15.6963,,128.9,,334.8
7227,15.6982,,129.2,,334.8
7228,15.7001,,129.5,,334.8
7229,15.702,,129.8,,334.8
7230,15.7039,,130.1,,334.8
7231,15.7058,,130.4,,334.8
7232,15.7076,,130.7,,334.8
7233,15.7095,,131,,334.8
7234,15.7114,,131.75,,334.85
7235,15.7132,,132.5,,334.9
7236,15.715,,133.25,,334.95
7237,15.7168,,134,,335
7238,15.7184,,134.5,,335.033
7239,15.72,,135,,335.067
7240,15.7216,,135.5,,335.1
7241,15.7232,,136,,335.133
7242,15.7247,,136.5,,335.167
7243,15.7263,,137,,335.2
7244,15.7281,,137,,335.6
7245,15.7301,,137.5,,335.85
7246,15.732,,138,,336.1
7247,15.7339,,138.5,,336.35
7248,15.7359,,139,,336.6
7249,15.7377,,139.4,,336.84
7250,15.7396,,139.8,,337.08
7251,15.7414,,140.2,,337.32
7252,15.7432,,140.6,,337.56
7253,15.7451,,141,,337.8
7254,15.7471,,141.375,,337.95
7255,15.7491,,141.75,,338.1
7256,15.7511,,142.125,,338.25
7257,15.7531,,142.5,,338.4
7258,15.755,,142.875,,338.55
7259,15.757,,143.25,,338.7
7260,15.759,,143.625,,338.85
7261,15.761,,144,,339
7262,15.7627,,144.25,,339.3
7263,15.7644,,144.5,,339.6
7264,15.766,,144.75,,339.9
7265,15.7677,,145,,340.2
7266,15.7694,,145.286,,340.343
7267,15.7712,,145.571,,340.486
7268,15.773,,145.857,,340.629
7269,15.7747,,146.143,,340.771
7270,15.7765,,146.429,,340.914
7271,15.7783,,146.714,,341.057
7272,15.78,,147,,341.2
7273,15.7821,,147.5,,341.5
7274,15.7841,,148,,341.8
7275,15.7862,,148.5,,342.1
7276,15.7882,,149,,342.4
7277,15.79,,149.333,,342.8
7278,15.7917,,149.667,,343.2
7279,15.7935,,150,,343.6
7280,15.7952,,150.5,,343.85
7281,15.7969,,151,,344.1
7282,15.7986,,151.5,,344.35
7283,15.8003,,152,,344.6
7284,15.802,,152.2,,344.84
7285,15.8037,,152.4,,345.08
7286,15.8054,,152.6,,345.32
7287,15.8071,,152.8,,345.56
7288,15.8088,,153,,345.8
7289,15.8107,,153,,346.133
7290,15.8126,,153,,346.467
7291,15.8145,,153,,346.8
7292,15.8164,,153,,347.1
7293,15.8184,,153,,347.4
7294,15.8204,,153,,347.7
7295,15.8224,,153,,348
7296,15.8242,,153.2,,348.2
7297,15.826,,153.4,,348.4
7298,15.8278,,153.6,,348.6
7299,15.8296,,153.8,,348.8
7300,15.8314,,154,,349
7301,15.8334,,154,,349.24
7302,15.8353,,154,,349.48
7303,15.8372,,154,,349.72
7304,15.8391,,154,,349.96
7305,15.8411,,154,,350.2
7306,15.8429,,154,,350.45
7307,15.8447,,154,,350.7
7308,15.8466,,154,,350.95
7309,15.8484,,154,,351.2
7310,15.8504,,154.167,,351.4
7311,15.8525,,154.333,,351.6
7312,15.8545,,154.5,,351.8
7313,15.8566,,154.667,,352
7314,15.8586,,154.833,,352.2
7315,15.8607,,155,,352.4
7316,15.8624,,155,,352.6
7317,15.8642,,155,,352.8
7318,15.8659,,155,,353
7319,15.8676,,155,,353.2
7320,15.8694,,155,,353.4
7321,15.8711,,155,,353.6
7322,15.8732,,154.875,,353.725
7323,15.8753,,154.75,,353.85
7324,15.8775,,154.625,,353.975
7325,15.8796,,154.5,,354.1
7326,15.8817,,154.375,,354.225
7327,15.8838,,154.25,,354.35
7328,15.8859,,154.125,,354.475
7329,15.888,,154,,354.6
7330,15.89,,153.909,,354.709
7331,15.892,,153.818,,354.818
7332,15.8941,,153.727,,354.927
7333,15.8961,,153.636,,355.036
7334,15.8981,,153.545,,355.145
7335,15.9001,,153.455,,355.255
7336,15.9021,,153.364,,355.364
7337,15.9042,,153.273,,355.473
7338,15.9062,,153.182,,355.582
7339,15.9082,,153.091,,355.691
7340,15.9102,,153,,355.8
7341,15.9123,,152.8,,355.84
7342,15.9143,,152.6,,355.88
7343,15.9164,,152.4,,355.92
7344,15.9185,,152.2,,355.96
7345,15.9205,,152,,356
7346,15.9226,,151.8,,356.04
7347,15.9247,,151.6,,356.08
7348,15.9267,,151.4,,356.12
7349,15.9288,,151.2,,356.16
7350,15.9309,,151,,356.2
7351,15.9329,,150.778,,356.267
7352,15.935,,150.556,,356.333
7353,15.937,,150.333,,356.4
7354,15.9391,,150.111,,356.467
7355,15.9411,,149.889,,356.533
7356,15.9432,,149.667,,356.6
7357,15.9452,,149.444,,356.667
7358,15.9473,,149.222,,356.733
7359,15.9494,,149,,356.8
7360,15.9515,,148.8,,356.86
7361,15.9536,,148.6,,356.92
7362,15.9557,,148.4,,356.98
7363,15.9578,,148.2,,357.04
7364,15.9599,,148,,357.1
7365,15.962,,147.8,,357.16
7366,15.9641,,147.6,,357.22
7367,15.9662,,147.4,,357.28
7368,15.9683,,147.2,,357.34
7369,15.9705,,147,,357.4
7370,15.9726,,147,,357.5
7371,15.9747,,147,,357.6
7372,15.9768,,147,,357.7
7373,15.9789,,147,,357.8
7374,15.9807,,147,,357.911
7375,15.9825,,147,,358.022
7376,15.9843,,147,,358.133
7377,15.9861,,147,,358.244
7378,15.9879,,147,,358.356
7379,15.9897,,147,,358.467
7380,15.9916,,147,,358.578
7381,15.9934,,147,,358.689
7382,15.9952,,147,,358.8
7383,15.9975,,147,,358.9
7384,15.9997,,147,,359
7385,16.002,,147,,359.2
7386,16.0043,,147,,359.4
7387,16.0066,,147,,359.6
7388,16.0089,,147,,359.8
7389,16.0112,,146.889,,359.844
7390,16.0134,,146.778,,359.889
7391,16.0157,,146.667,,359.933
7392,16.018,,146.556,,359.978
7393,16.0202,,146.444,,360.022
7394,16.0225,,146.333,,360.067
7395,16.0247,,146.222,,360.111
7396,16.027,,146.111,,360.156
7397,16.0292,,146,,360.2
7398,16.0315,,145.778,,360.089
7399,16.0337,,145.556,,359.978
7400,16.0359,,145.333,,359.867
7401,16.0382,,145.111,,359.756
7402,16.0404,,144.889,,359.644
7403,16.0426,,144.667,,359.533
7404,16.0449,,144.444,,359.422
7405,16.0471,,144.222,,359.311
7406,16.0493,,144,,359.2
7407,16.0514,,143.5,,359.05
7408,16.0535,,143,,358.9
7409,16.0555,,142.5,,358.75
7410,16.0576,,142,,358.6
7411,16.0598,,141.571,,358.514
7412,16.062,,141.143,,358.429
7413,16.0642,,140.714,,358.343
7414,16.0665,,140.286,,358.257
7415,16.0687,,139.857,,358.171
7416,16.0709,,139.429,,358.086
7417,16.0731,,139,,358
7418,16.0753,,139,,357.867
7419,16.0776,,139,,357.733
7420,16.0798,,139,,357.6
7421,16.0819,,138.8,,357.54
7422,16.0841,,138.6,,357.48
7423,16.0862,,138.4,,357.42
7424,16.0883,,138.2,,357.36
7425,16.0904,,138,,357.3
7426,16.0925,,137.8,,357.24
7427,16.0947,,137.6,,357.18
7428,16.0968,,137.4,,357.12
7429,16.0989,,137.2,,357.06
7430,16.101,,137,,357
7431,16.1033,,136.889,,356.978
7432,16.1055,,136.778,,356.956
7433,16.1077,,136.667,,356.933
7434,16.1099,,136.556,,356.911
7435,16.1122,,136.444,,356.889
7436,16.1144,,136.333,,356.867
7437,16.1166,,136.222,,356.844
7438,16.1188,,136.111,,356.822
7439,16.1211,,136,,356.8
7440,16.1231,,136.1,,356.82
7441,16.1252,,136.2,,356.84
7442,16.1272,,136.3,,356.86
7443,16.1293,,136.4,,356.88
7444,16.1313,,136.5,,356.9
7445,16.1334,,136.6,,356.92
7446,16.1355,,136.7,,356.94
7447,16.1375,,136.8,,356.96
7448,16.1396,,136.9,,356.98
7449,16.1416,,137,,357
7450,16.1438,,137.1,,357.04
7451,16.1459,,137.2,,357.08
7452,16.148,,137.3,,357.12
7453,16.1502,,137.4,,357.16
7454,16.1523,,137.5,,357.2
7455,16.1544,,137.6,,357.24
7456,16.1566,,137.7,,357.28
7457,16.1587,,137.8,,357.32
7458,16.1608,,137.9,,357.36
7459,16.163,,138,,357.4
7460,16.165,,138,,357.42
7461,16.1671,,138,,357.44
7462,16.1691,,138,,357.46
7463,16.1712,,138,,357.48
7464,16.1732,,138,,357.5
7465,16.1752,,138,,357.52
7466,16.1773,,138,,357.54
7467,16.1793,,138,,357.56
7468,16.1814,,138,,357.58
7469,16.1834,,138,,357.6
7470,16.1856,,138,,357.622
7471,16.1879,,138,,357.644
7472,16.1901,,138,,357.667
7473,16.1924,,138,,357.689
7474,16.1946,,138,,357.711
7475,16.1968,,138,,357.733
7476,16.1991,,138,,357.756
7477,16.2013,,138,,357.778
7478,16.2035,,138,,357.8
7479,16.2055,,138.091,,357.8
7480,16.2075,,138.182,,357.8
7481,16.2095,,138.273,,357.8
7482,16.2115,,138.364,,357.8
7483,16.2135,,138.455,,357.8
7484,16.2155,,138.545,,357.8
7485,16.2175,,138.636,,357.8
7486,16.2195,,138.727,,357.8
7487,16.2215,,138.818,,357.8
7488,16.2235,,138.909,,357.8
7489,16.2255,,139,,357.8
7490,16.2277,,139,,357.76
7491,16.23,,139,,357.72
7492,16.2322,,139,,357.68
7493,16.2344,,139,,357.64
7494,16.2367,,139,,357.6
7495,16.2389,,139,,357.56
7496,16.2411,,139,,357.52
7497,16.2434,,139,,357.48
7498,16.2456,,139,,357.44
7499,16.2478,,139,,357.4
7500,16.25,,139,,357.4
7501,16.2522,,139,,357.4
7502,16.2545,,139,,357.4
7503,16.2567,,139,,357.4
7504,16.2589,,139,,357.4
7505,16.2611,,139,,357.4
7506,16.2633,,139,,357.4
7507,16.2655,,139,,357.4
7508,16.2677,,139,,357.4
7509,16.2699,,139,,357.4
7510,16.2722,,139,,357.378
7511,16.2744,,139,,357.356
7512,16.2766,,139,,357.333
7513,16.2789,,139,,357.311
7514,16.2811,,139,,357.289
7515,16.2834,,139,,357.267
7516,16.2856,,139,,357.244
7517,16.2879,,139,,357.222
7518,16.2901,,139,,357.2
7519,16.2923,,139.1,,357.22
7520,16.2945,,139.2,,357.24
7521,16.2967,,139.3,,357.26
7522,16.2989,,139.4,,357.28
7523,16.3011,,139.5,,357.3
7524,16.3033,,139.6,,357.32
7525,16.3055,,139.7,,357.34
7526,16.3076,,139.8,,357.36
7527,16.3098,,139.9,,357.38
7528,16.312,,140,,357.4
7529,16.3141,,140.2,,357.42
7530,16.3163,,140.4,,357.44
7531,16.3184,,140.6,,357.46
7532,16.3205,,140.8,,357.48
7533,16.3226,,141,,357.5
7534,16.3247,,141.2,,357.52
7535,16.3269,,141.4,,357.54
7536,16.329,,141.6,,357.56
7537,16.3311,,141.8,,357.58
7538,16.3332,,142,,357.6
7539,16.3353,,141.9,,357.6
7540,16.3374,,141.8,,357.6
7541,16.3394,,141.7,,357.6
7542,16.3415,,141.6,,357.6
7543,16.3436,,141.5,,357.6
7544,16.3456,,141.4,,357.6
7545,16.3477,,141.3,,357.6
7546,16.3498,,141.2,,357.6
7547,16.3518,,141.1,,357.6
7548,16.3539,,141,,357.6
7549,16.3561,,141.2,,357.66
7550,16.3583,,141.4,,357.72
7551,16.3605,,141.6,,357.78
7552,16.3627,,141.8,,357.84
7553,16.3648,,142,,357.9
7554,16.367,,142.2,,357.96
7555,16.3692,,142.4,,358.02
7556,16.3714,,142.6,,358.08
7557,16.3736,,142.8,,358.14
7558,16.3758,,143,,358.2
7559,16.3778,,142.875,,358.275
7560,16.3799,,142.75,,358.35
7561,16.3819,,142.625,,358.425
7562,16.3839,,142.5,,358.5
7563,16.386,,142.375,,358.575
7564,16.388,,142.25,,358.65
7565,16.39,,142.125,,358.725
7566,16.3921,,142,,358.8
7567,16.3938,,142.333,,359
7568,16.3956,,142.667,,359.2
7569,16.3974,,143,,359.4
7570,16.3992,,143.333,,359.6
7571,16.401,,143.667,,359.8
7572,16.4027,,144,,360
7573,16.4048,,144.333,,360.167
7574,16.4068,,144.667,,360.333
7575,16.4088,,145,,360.5
7576,16.4109,,145.333,,360.667
7577,16.4129,,145.667,,360.833
7578,16.4149,,146,,361
7579,16.4168,,146.286,,361.143
7580,16.4188,,146.571,,361.286
7581,16.4207,,146.857,,361.429
7582,16.4226,,147.143,,361.571
7583,16.4245,,147.429,,361.714
7584,16.4264,,147.714,,361.857
7585,16.4284,,148,,362
7586,16.4306,,148.4,,362.2
7587,16.4328,,148.8,,362.4
7588,16.4351,,149.2,,362.6
7589,16.4373,,149.6,,362.8
7590,16.4396,,150,,363
7591,16.4416,,150.2,,363.2
7592,16.4437,,150.4,,363.4
7593,16.4457,,150.6,,363.6
7594,16.4478,,150.8,,363.8
7595,16.4498,,151,,364
7596,16.4521,,151,,364.089
7597,16.4544,,151,,364.178
7598,16.4567,,151,,364.267
7599,16.4589,,151,,364.356
7600,16.4612,,151,,364.444
7601,16.4635,,151,,364.533
7602,16.4658,,151,,364.622
7603,16.4681,,151,,364.711
7604,16.4703,,151,,364.8
7605,16.4724,,150.8,,364.78
7606,16.4745,,150.6,,364.76
7607,16.4766,,150.4,,364.74
7608,16.4787,,150.2,,364.72
7609,16.4808,,150,,364.7
7610,16.4829,,149.8,,364.68
7611,16.4849,,149.6,,364.66
7612,16.487,,149.4,,364.64
7613,16.4891,,149.2,,364.62
7614,16.4912,,149,,364.6
7615,16.4934,,148.8,,364.6
7616,16.4956,,148.6,,364.6
7617,16.4978,,148.4,,364.6
7618,16.5,,148.2,,364.6
7619,16.5022,,148,,364.6
7620,16.5044,,147.8,,364.6
7621,16.5066,,147.6,,364.6
7622,16.5088,,147.4,,364.6
7623,16.5109,,147.2,,364.6
7624,16.5131,,147,,364.6
7625,16.5154,,146.8,,364.56
7626,16.5176,,146.6,,364.52
7627,16.5198,,146.4,,364.48
7628,16.522,,146.2,,364.44
7629,16.5242,,146,,364.4
7630,16.5264,,145.8,,364.36
7631,16.5287,,145.6,,364.32
7632,16.5309,,145.4,,364.28
7633,16.5331,,145.2,,364.24
7634,16.5353,,145,,364.2
7635,16.5374,,144.571,,364.086
7636,16.5394,,144.143,,363.971
7637,16.5415,,143.714,,363.857
7638,16.5436,,143.286,,363.743
7639,16.5456,,142.857,,363.629
7640,16.5477,,142.429,,363.514
7641,16.5498,,142,,363.4
7642,16.5521,,142,,363.1
7643,16.5545,,142,,362.8
7644,16.5566,,141.4,,362.64
7645,16.5587,,140.8,,362.48
7646,16.5608,,140.2,,362.32
7647,16.563,,139.6,,362.16
7648,16.5651,,139,,362
7649,16.5678,,139,,361.8
7650,16.5705,,139,,361.6
7651,16.5728,,138.889,,361.511
7652,16.5752,,138.778,,361.422
7653,16.5776,,138.667,,361.333
7654,16.5799,,138.556,,361.244
7655,16.5823,,138.444,,361.156
7656,16.5847,,138.333,,361.067
7657,16.587,,138.222,,360.978
7658,16.5894,,138.111,,360.889
7659,16.5918,,138,,360.8
7660,16.5941,,139,,360.6
7661,16.5963,,138.9,,360.54
7662,16.5984,,138.8,,360.48
7663,16.6006,,138.7,,360.42
7664,16.6028,,138.6,,360.36
7665,16.6049,,138.5,,360.3
7666,16.6071,,138.4,,360.24
7667,16.6093,,138.3,,360.18
7668,16.6114,,138.2,,360.12
7669,16.6136,,138.1,,360.06
7670,16.6158,,138,,360
7671,16.618,,138,,360
7672,16.6202,,138,,360
7673,16.6224,,138,,360
7674,16.6246,,138,,360
7675,16.6267,,138,,360
7676,16.6289,,138,,360
7677,16.6311,,138,,360
7678,16.6333,,138,,360
7679,16.6355,,138,,360
7680,16.6377,,138,,360
7681,16.6399,,138.1,,360.04
7682,16.6421,,138.2,,360.08
7683,16.6443,,138.3,,360.12
7684,16.6465,,138.4,,360.16
7685,16.6487,,138.5,,360.2
7686,16.6509,,138.6,,360.24
7687,16.6531,,138.7,,360.28
7688,16.6553,,138.8,,360.32
7689,16.6575,,138.9,,360.36
7690,16.6597,,139,,360.4
7691,16.6618,,138.8,,360.4
7692,16.664,,138.6,,360.4
7693,16.6661,,138.4,,360.4
7694,16.6682,,138.2,,360.4
7695,16.6703,,138,,360.4
7696,16.6724,,137.8,,360.4
7697,16.6745,,137.6,,360.4
7698,16.6766,,137.4,,360.4
7699,16.6787,,137.2,,360.4
7700,16.6808,,137,,360.4
7701,16.683,,136.778,,360.311
7702,16.6852,,136.556,,360.222
7703,16.6874,,136.333,,360.133
7704,16.6895,,136.111,,360.044
7705,16.6917,,135.889,,359.956
7706,16.6939,,135.667,,359.867
7707,16.6961,,135.444,,359.778
7708,16.6983,,135.222,,359.689
7709,16.7005,,135,,359.6
7710,16.7026,,135,,359.54
7711,16.7048,,135,,359.48
7712,16.7069,,135,,359.42
7713,16.7091,,135,,359.36
7714,16.7112,,135,,359.3
7715,16.7134,,135,,359.24
7716,16.7156,,135,,359.18
7717,16.7177,,135,,359.12
7718,16.7199,,135,,359.06
7719,16.722,,135,,359
7720,16.7242,,135.1,,358.96
7721,16.7263,,135.2,,358.92
7722,16.7285,,135.3,,358.88
7723,16.7306,,135.4,,358.84
7724,16.7328,,135.5,,358.8
7725,16.7349,,135.6,,358.76
7726,16.7371,,135.7,,358.72
7727,16.7393,,135.8,,358.68
7728,16.7414,,135.9,,358.64
7729,16.7436,,136,,358.6
7730,16.7456,,136,,358.6
7731,16.7478,,136,,358.58
7732,16.7499,,136,,358.56
7733,16.752,,136,,358.54
7734,16.7541,,136,,358.52
7735,16.7562,,136,,358.5
7736,16.7584,,136,,358.48
7737,16.7605,,136,,358.46
7738,16.7626,,136,,358.44
7739,16.7647,,136,,358.42
7740,16.7668,,136,,358.4
7741,16.769,,136.2,,358.42
7742,16.7712,,136.4,,358.44
7743,16.7734,,136.6,,358.46
7744,16.7755,,136.8,,358.48
7745,16.7777,,137,,358.5
7746,16.7799,,137.2,,358.52
7747,16.7821,,137.4,,358.54
7748,16.7843,,137.6,,358.56
7749,16.7864,,137.8,,358.58
7750,16.7886,,138,,358.6
7751,16.7907,,137.9,,358.62
7752,16.7927,,137.8,,358.64
7753,16.7948,,137.7,,358.66
7754,16.7969,,137.6,,358.68
7755,16.799,,137.5,,358.7
7756,16.801,,137.4,,358.72
7757,16.8031,,137.3,,358.74
7758,16.8052,,137.2,,358.76
7759,16.8073,,137.1,,358.78
7760,16.8093,,137,,358.8
7761,16.8115,,136.9,,358.8
7762,16.8137,,136.8,,358.8
7763,16.8158,,136.7,,358.8
7764,16.818,,136.6,,358.8
7765,16.8202,,136.5,,358.8
7766,16.8223,,136.4,,358.8
7767,16.8245,,136.3,,358.8
7768,16.8267,,136.2,,358.8
7769,16.8288,,136.1,,358.8
7770,16.831,,136,,358.8
7771,16.8333,,136,,358.778
7772,16.8355,,136,,358.756
7773,16.8378,,136,,358.733
7774,16.84,,136,,358.711
7775,16.8423,,136,,358.689
7776,16.8446,,136,,358.667
7777,16.8468,,136,,358.644
7778,16.8491,,136,,358.622
7779,16.8514,,136,,358.6
7780,16.8536,,136,,358.56
7781,16.8558,,136,,358.52
7782,16.858,,136,,358.48
7783,16.8602,,136,,358.44
7784,16.8625,,136,,358.4
7785,16.8647,,136,,358.36
7786,16.8669,,136,,358.32
7787,16.8691,,136,,358.28
7788,16.8714,,136,,358.24
7789,16.8736,,136,,358.2
7790,16.8757,,135.8,,358.14
7791,16.8778,,135.6,,358.08
7792,16.88,,135.4,,358.02
7793,16.8821,,135.2,,357.96
7794,16.8842,,135,,357.9
7795,16.8864,,134.8,,357.84
7796,16.8885,,134.6,,357.78
7797,16.8906,,134.4,,357.72
7798,16.8927,,134.2,,357.66
7799,16.8949,,134,,357.6
7800,16.8969,,134,,357.6
7801,16.899,,133.9,,357.5
7802,16.9012,,133.8,,357.4
7803,16.9033,,133.7,,357.3
7804,16.9054,,133.6,,357.2
7805,16.9076,,133.5,,357.1
7806,16.9097,,133.4,,357
7807,16.9118,,133.3,,356.9
7808,16.914,,133.2,,356.8
7809,16.9161,,133.1,,356.7
7810,16.9182,,133,,356.6
7811,16.9202,,133,,356.6
7812,16.9223,,133,,356.6
7813,16.9243,,133,,356.6
7814,16.9265,,132.8,,356.54
7815,16.9287,,132.6,,356.48
7816,16.9308,,132.4,,356.42
7817,16.933,,132.2,,356.36
7818,16.9352,,132,,356.3
7819,16.9374,,131.8,,356.24
7820,16.9396,,131.6,,356.18
7821,16.9418,,131.4,,356.12
7822,16.944,,131.2,,356.06
7823,16.9462,,131,,356
7824,16.9484,,131.111,,355.956
7825,16.9507,,131.222,,355.911
7826,16.9529,,131.333,,355.867
7827,16.9552,,131.444,,355.822
7828,16.9574,,131.556,,355.778
7829,16.9597,,131.667,,355.733
7830,16.9619,,131.778,,355.689
7831,16.9641,,131.889,,355.644
7832,16.9664,,132,,355.6
7833,16.9688,,132,,355.4
7834,16.9709,,132.1,,355.36
7835,16.9731,,132.2,,355.32
7836,16.9752,,132.3,,355.28
7837,16.9774,,132.4,,355.24
7838,16.9795,,132.5,,355.2
7839,16.9817,,132.6,,355.16
7840,16.9838,,132.7,,355.12
7841,16.986,,132.8,,355.08
7842,16.9881,,132.9,,355.04
7843,16.9903,,133,,355
7844,16.9924,,133,,355
7845,16.9944,,133,,355
7846,16.9965,,133,,355
7847,16.9986,,133,,355
7848,17.0006,,133.091,,354.945
7849,17.0026,,133.182,,354.891
7850,17.0046,,133.273,,354.836
7851,17.0067,,133.364,,354.782
7852,17.0087,,133.455,,354.727
7853,17.0107,,133.545,,354.673
7854,17.0127,,133.636,,354.618
7855,17.0148,,133.727,,354.564
7856,17.0168,,133.818,,354.509
7857,17.0188,,133.909,,354.455
7858,17.0208,,134,,354.4
7859,17.0231,,134.111,,354.356
7860,17.0253,,134.222,,354.311
7861,17.0275,,134.333,,354.267
7862,17.0297,,134.444,,354.222
7863,17.032,,134.556,,354.178
7864,17.0342,,134.667,,354.133
7865,17.0364,,134.778,,354.089
7866,17.0386,,134.889,,354.044
7867,17.0409,,135,,354
7868,17.043,,135,,353.9
7869,17.0451,,135,,353.8
7870,17.0472,,135,,353.7
7871,17.0493,,135,,353.6
7872,17.0515,,135,,353.5
7873,17.0536,,135,,353.4
7874,17.0557,,135.2,,353.38
7875,17.0578,,135.4,,353.36
7876,17.0599,,135.6,,353.34
7877,17.0619,,135.8,,353.32
7878,17.064,,136,,353.3
7879,17.0661,,136.2,,353.28
7880,17.0682,,136.4,,353.26
7881,17.0703,,136.6,,353.24
7882,17.0724,,136.8,,353.22
7883,17.0745,,137,,353.2
7884,17.0766,,137.2,,353.32
7885,17.0787,,137.4,,353.44
7886,17.0809,,137.6,,353.56
7887,17.083,,137.8,,353.68
7888,17.0851,,138,,353.8
7889,17.0872,,138.2,,353.92
7890,17.0894,,138.4,,354.04
7891,17.0915,,138.6,,354.16
7892,17.0936,,138.8,,354.28
7893,17.0957,,139,,354.4
7894,17.0978,,139,,354.4
7895,17.0999,,139,,354.44
7896,17.1021,,139,,354.48
7897,17.1042,,139,,354.52
7898,17.1063,,139,,354.56
7899,17.1085,,139,,354.6
7900,17.1106,,139,,354.64
7901,17.1127,,139,,354.68
7902,17.1149,,139,,354.72
7903,17.117,,139,,354.76
7904,17.1191,,139,,354.8
7905,17.1213,,139.333,,354.822
7906,17.1235,,139.667,,354.844
7907,17.1257,,140,,354.867
7908,17.1279,,140.333,,354.889
7909,17.1302,,140.667,,354.911
7910,17.1324,,141,,354.933
7911,17.1346,,141.333,,354.956
7912,17.1368,,141.667,,354.978
7913,17.139,,142,,355
7914,17.1412,,141.9,,354.98
7915,17.1433,,141.8,,354.96
7916,17.1455,,141.7,,354.94
7917,17.1477,,141.6,,354.92
7918,17.1499,,141.5,,354.9
7919,17.1521,,141.4,,354.88
7920,17.1543,,141.3,,354.86
7921,17.1564,,141.2,,354.84
7922,17.1586,,141.1,,354.82
7923,17.1608,,141,,354.8
7924,17.1629,,140.8,,354.82
7925,17.1651,,140.6,,354.84
7926,17.1672,,140.4,,354.86
7927,17.1693,,140.2,,354.88
7928,17.1715,,140,,354.9
7929,17.1736,,139.8,,354.92
7930,17.1757,,139.6,,354.94
7931,17.1778,,139.4,,354.96
7932,17.18,,139.2,,354.98
7933,17.1821,,139,,355
7934,17.1842,,138.9,,355.02
7935,17.1863,,138.8,,355.04
7936,17.1884,,138.7,,355.06
7937,17.1905,,138.6,,355.08
7938,17.1926,,138.5,,355.1
7939,17.1947,,138.4,,355.12
7940,17.1968,,138.3,,355.14
7941,17.1988,,138.2,,355.16
7942,17.2009,,138.1,,355.18
7943,17.203,,138,,355.2
7944,17.2051,,138.125,,355.225
7945,17.2071,,138.25,,355.25
7946,17.2092,,138.375,,355.275
7947,17.2112,,138.5,,355.3
7948,17.2133,,138.625,,355.325
7949,17.2153,,138.75,,355.35
7950,17.2174,,138.875,,355.375
7951,17.2194,,139,,355.4
7952,17.2216,,138.9,,355.4
7953,17.2237,,138.8,,355.4
7954,17.2258,,138.7,,355.4
7955,17.2279,,138.6,,355.4
7956,17.2301,,138.5,,355.4
7957,17.2322,,138.4,,355.4
7958,17.2343,,138.3,,355.4
7959,17.2365,,138.2,,355.4
7960,17.2386,,138.1,,355.4
7961,17.2407,,138,,355.4
7962,17.243,,138,,355.4
7963,17.2453,,138,,355.4
7964,17.2476,,138,,355.4
7965,17.2498,,138,,355.4
7966,17.2521,,138,,355.4
7967,17.2544,,138,,355.4
7968,17.2567,,138,,355.4
7969,17.259,,138,,355.4
7970,17.2612,,138,,355.4
7971,17.2633,,137.9,,355.32
7972,17.2654,,137.8,,355.24
7973,17.2675,,137.7,,355.16
7974,17.2696,,137.6,,355.08
7975,17.2717,,137.5,,355
7976,17.2739,,137.4,,354.92
7977,17.276,,137.3,,354.84
7978,17.2781,,137.2,,354.76
7979,17.2802,,137.1,,354.68
7980,17.2823,,137,,354.6
7981,17.2844,,137,,354.58
7982,17.2865,,137,,354.56
7983,17.2886,,137,,354.54
7984,17.2907,,137,,354.52
7985,17.2928,,137,,354.5
7986,17.295,,137,,354.48
7987,17.2971,,137,,354.46
7988,17.2992,,137,,354.44
7989,17.3013,,137,,354.42
7990,17.3034,,137,,354.4
7991,17.3055,,137.2,,354.42
7992,17.3076,,137.4,,354.44
7993,17.3096,,137.6,,354.46
7994,17.3117,,137.8,,354.48
7995,17.3137,,138,,354.5
7996,17.3158,,138.2,,354.52
7997,17.3178,,138.4,,354.54
7998,17.3199,,138.6,,354.56
7999,17.3219,,138.8,,354.58
8000,17.324,,139,,354.6
8001,17.3258,,139.273,,354.709
8002,17.3277,,139.545,,354.818
8003,17.3295,,139.818,,354.927
8004,17.3313,,140.091,,355.036
8005,17.3331,,140.364,,355.145
8006,17.335,,140.636,,355.255
8007,17.3368,,140.909,,355.364
8008,17.3386,,141.182,,355.473
8009,17.3405,,141.455,,355.582
8010,17.3423,,141.727,,355.691
8011,17.3441,,142,,355.8
8012,17.3459,,142.333,,356.067
8013,17.3476,,142.667,,356.333
8014,17.3494,,143,,356.6
8015,17.3514,,143.143,,356.771
8016,17.3534,,143.286,,356.943
8017,17.3555,,143.429,,357.114
8018,17.3575,,143.571,,357.286
8019,17.3596,,143.714,,357.457
8020,17.3616,,143.857,,357.629
8021,17.3636,,144,,357.8
8022,17.3659,,144.111,,357.889
8023,17.3681,,144.222,,357.978
8024,17.3704,,144.333,,358.067
8025,17.3726,,144.444,,358.156
8026,17.3748,,144.556,,358.244
8027,17.3771,,144.667,,358.333
8028,17.3793,,144.778,,358.422
8029,17.3815,,144.889,,358.511
8030,17.3838,,145,,358.6
8031,17.3859,,144.8,,358.64
8032,17.388,,144.6,,358.68
8033,17.3901,,144.4,,358.72
8034,17.3922,,144.2,,358.76
8035,17.3943,,144,,358.8
8036,17.3964,,143.9,,358.82
8037,17.3984,,143.8,,358.84
8038,17.4005,,143.7,,358.86
8039,17.4025,,143.6,,358.88
8040,17.4046,,143.5,,358.9
8041,17.4066,,143.4,,358.92
8042,17.4087,,143.3,,358.94
8043,17.4107,,143.2,,358.96
8044,17.4128,,143.1,,358.98
8045,17.4148,,143,,359
8046,17.4166,,143.3,,359.08
8047,17.4184,,143.6,,359.16
8048,17.4203,,143.9,,359.24
8049,17.4221,,144.2,,359.32
8050,17.4239,,144.5,,359.4
8051,17.4257,,144.8,,359.48
8052,17.4275,,145.1,,359.56
8053,17.4293,,145.4,,359.64
8054,17.4312,,145.7,,359.72
8055,17.433,,146,,359.8
8056,17.4349,,145.5,,359.9
8057,17.4369,,145,,360
8058,17.4389,,145,,360.125
8059,17.4409,,145,,360.25
8060,17.4429,,145,,360.375
8061,17.4449,,145,,360.5
8062,17.4469,,145,,360.625
8063,17.4489,,145,,360.75
8064,17.4509,,145,,360.875
8065,17.4529,,145,,361
8066,17.455,,144.9,,361.1
8067,17.457,,144.8,,361.2
8068,17.4591,,144.7,,361.3
8069,17.4611,,144.6,,361.4
8070,17.4632,,144.5,,361.5
8071,17.4652,,144.4,,361.6
8072,17.4673,,144.3,,361.7
8073,17.4693,,144.2,,361.8
8074,17.4714,,144.1,,361.9
8075,17.4734,,144,,362
8076,17.4754,,144,,362
8077,17.4774,,144,,362.04
8078,17.4795,,144,,362.08
8079,17.4815,,144,,362.12
8080,17.4836,,144,,362.16
8081,17.4856,,144,,362.2
8082,17.4876,,144,,362.24
8083,17.4897,,144,,362.28
8084,17.4917,,144,,362.32
8085,17.4938,,144,,362.36
8086,17.4958,,144,,362.4
8087,17.4977,,144.125,,362.525
8088,17.4996,,144.25,,362.65
8089,17.5015,,144.375,,362.775
8090,17.5035,,144.5,,362.9
8091,17.5054,,144.625,,363.025
8092,17.5073,,144.75,,363.15
8093,17.5092,,144.875,,363.275
8094,17.5111,,145,,363.4
8095,17.513,,144.75,,363.7
8096,17.5149,,144.5,,364
8097,17.5167,,144.25,,364.3
8098,17.5186,,144,,364.6
8099,17.5207,,144,,364.8
8100,17.5227,,144,,365
8101,17.5248,,144,,365.2
8102,17.5268,,144,,365.4
8103,17.5289,,144,,365.6
8104,17.531,,144,,365.8
8105,17.5331,,144.2,,366
8106,17.5352,,144.4,,366.2
8107,17.5373,,144.6,,366.4
8108,17.5394,,144.8,,366.6
8109,17.5415,,145,,366.8
8110,17.5437,,145.111,,366.889
8111,17.546,,145.222,,366.978
8112,17.5482,,145.333,,367.067
8113,17.5504,,145.444,,367.156
8114,17.5527,,145.556,,367.244
8115,17.5549,,145.667,,367.333
8116,17.5572,,145.778,,367.422
8117,17.5594,,145.889,,367.511
8118,17.5617,,146,,367.6
8119,17.5641,,146,,367.556
8120,17.5665,,146,,367.511
8121,17.5689,,146,,367.467
8122,17.5713,,146,,367.422
8123,17.5737,,146,,367.378
8124,17.5761,,146,,367.333
8125,17.5785,,146,,367.289
8126,17.5809,,146,,367.244
8127,17.5833,,146,,367.2
8128,17.5855,,145.625,,367.025
8129,17.5877,,145.25,,366.85
8130,17.5899,,144.875,,366.675
8131,17.5921,,144.5,,366.5
8132,17.5944,,144.125,,366.325
8133,17.5966,,143.75,,366.15
8134,17.5988,,143.375,,365.975
8135,17.601,,143,,365.8
8136,17.6031,,143,,365.8
8137,17.6052,,142.875,,365.65
8138,17.6074,,142.75,,365.5
8139,17.6095,,142.625,,365.35
8140,17.6116,,142.5,,365.2
8141,17.6138,,142.375,,365.05
8142,17.6159,,142.25,,364.9
8143,17.618,,142.125,,364.75
8144,17.6202,,142,,364.6
8145,17.6222,,141.667,,364.511
8146,17.6242,,141.333,,364.422
8147,17.6262,,141,,364.333
8148,17.6282,,140.667,,364.244
8149,17.6302,,140.333,,364.156
8150,17.6322,,140,,364.067
8151,17.6342,,139.667,,363.978
8152,17.6362,,139.333,,363.889
8153,17.6382,,139,,363.8
8154,17.6404,,139,,363.7
8155,17.6425,,139,,363.6
8156,17.6448,,138.889,,363.489
8157,17.647,,138.778,,363.378
8158,17.6492,,138.667,,363.267
8159,17.6515,,138.556,,363.156
8160,17.6537,,138.444,,363.044
8161,17.6559,,138.333,,362.933
8162,17.6582,,138.222,,362.822
8163,17.6604,,138.111,,362.711
8164,17.6626,,138,,362.6
8165,17.6648,,138,,362.6
8166,17.6669,,138,,362.489
8167,17.669,,138,,362.378
8168,17.671,,138,,362.267
8169,17.6731,,138,,362.156
8170,17.6752,,138,,362.044
8171,17.6773,,138,,361.933
8172,17.6793,,138,,361.822
8173,17.6814,,138,,361.711
8174,17.6835,,138,,361.6
8175,17.6858,,137.875,,361.475
8176,17.6881,,137.75,,361.35
8177,17.6904,,137.625,,361.225
8178,17.6927,,137.5,,361.1
8179,17.695,,137.375,,360.975
8180,17.6973,,137.25,,360.85
8181,17.6996,,137.125,,360.725
8182,17.7019,,137,,360.6
8183,17.7042,,137.125,,360.45
8184,17.7065,,137.25,,360.3
8185,17.7088,,137.375,,360.15
8186,17.7111,,137.5,,360
8187,17.7134,,137.625,,359.85
8188,17.7158,,137.75,,359.7
8189,17.7181,,137.875,,359.55
8190,17.7204,,138,,359.4
8191,17.7226,,138,,359.257
8192,17.7248,,138,,359.114
8193,17.7271,,138,,358.971
8194,17.7293,,138,,358.829
8195,17.7315,,138,,358.686
8196,17.7337,,138,,358.543
8197,17.736,,138,,358.4
8198,17.7381,,137.75,,358.275
8199,17.7403,,137.5,,358.15
8200,17.7425,,137.25,,358.025
8201,17.7446,,137,,357.9
8202,17.7468,,136.75,,357.775
8203,17.7489,,136.5,,357.65
8204,17.7511,,136.25,,357.525
8205,17.7533,,136,,357.4
8206,17.7555,,136,,357.257
8207,17.7576,,136,,357.114
8208,17.7598,,136,,356.971
8209,17.762,,136,,356.829
8210,17.7642,,136,,356.686
8211,17.7664,,136,,356.543
8212,17.7686,,136,,356.4
8213,17.7709,,136.125,,356.25
8214,17.7732,,136.25,,356.1
8215,17.7755,,136.375,,355.95
8216,17.7778,,136.5,,355.8
8217,17.7801,,136.625,,355.65
8218,17.7824,,136.75,,355.5
8219,17.7847,,136.875,,355.35
8220,17.787,,137,,355.2
8221,17.7893,,137,,355.033
8222,17.7917,,137,,354.867
8223,17.7941,,137,,354.7
8224,17.7965,,137,,354.533
8225,17.7988,,137,,354.367
8226,17.8012,,137,,354.2
8227,17.8033,,137,,353.967
8228,17.8055,,137,,353.733
8229,17.8076,,137,,353.5
8230,17.8097,,137,,353.267
8231,17.8118,,137,,353.033
8232,17.814,,137,,352.8
8233,17.8163,,137,,352.633
8234,17.8186,,137,,352.467
8235,17.821,,137,,352.3
8236,17.8233,,137,,352.133
8237,17.8257,,137,,351.967
8238,17.828,,137,,351.8
8239,17.8301,,137,,351.65
8240,17.8322,,137,,351.5
8241,17.8343,,137,,351.35
8242,17.8364,,137,,351.2
8243,17.8385,,137,,351.05
8244,17.8406,,137,,350.9
8245,17.8427,,137,,350.75
8246,17.8448,,137,,350.6
8247,17.8471,,136.875,,350.475
8248,17.8495,,136.75,,350.35
8249,17.8518,,136.625,,350.225
8250,17.8542,,136.5,,350.1
8251,17.8565,,136.375,,349.975
8252,17.8588,,136.25,,349.85
8253,17.8612,,136.125,,349.725
8254,17.8635,,136,,349.6
8255,17.8657,,135.857,,349.457
8256,17.8678,,135.714,,349.314
8257,17.87,,135.571,,349.171
8258,17.8721,,135.429,,349.029
8259,17.8743,,135.286,,348.886
8260,17.8764,,135.143,,348.743
8261,17.8786,,135,,348.6
8262,17.8808,,135.167,,348.4
8263,17.8829,,135.333,,348.2
8264,17.8851,,135.5,,348
8265,17.8873,,135.667,,347.8
8266,17.8894,,135.833,,347.6
8267,17.8916,,136,,347.4
8268,17.8937,,136,,347.32
8269,17.8958,,136,,347.24
8270,17.898,,136,,347.16
8271,17.9001,,136,,347.08
8272,17.9022,,136,,347
8273,17.9043,,136,,346.92
8274,17.9064,,136,,346.84
8275,17.9086,,136,,346.76
8276,17.9107,,136,,346.68
8277,17.9128,,136,,346.6
8278,17.915,,135.714,,346.571
8279,17.9171,,135.429,,346.543
8280,17.9193,,135.143,,346.514
8281,17.9214,,134.857,,346.486
8282,17.9236,,134.571,,346.457
8283,17.9257,,134.286,,346.429
8284,17.9279,,134,,346.4
8285,17.9301,,134,,346.36
8286,17.9323,,134,,346.32
8287,17.9345,,134,,346.28
8288,17.9367,,134,,346.24
8289,17.9389,,134,,346.2
8290,17.9411,,134,,346.16
8291,17.9433,,134,,346.12
8292,17.9455,,134,,346.08
8293,17.9477,,134,,346.04
8294,17.9499,,134,,346
8295,17.9521,,134,,345.9
8296,17.9542,,134,,345.8
8297,17.9564,,134,,345.7
8298,17.9585,,134,,345.6
8299,17.9607,,134,,345.5
8300,17.9628,,134,,345.4
8301,17.965,,134,,345.3
8302,17.9671,,134,,345.2
8303,17.9693,,134.167,,345.033
8304,17.9716,,134.333,,344.867
8305,17.9738,,134.5,,344.7
8306,17.976,,134.667,,344.533
8307,17.9782,,134.833,,344.367
8308,17.9804,,135,,344.2
8309,17.9831,,134.857,,344.057
8310,17.9858,,134.714,,343.914
8311,17.9884,,134.571,,343.771
8312,17.9911,,134.429,,343.629
8313,17.9937,,134.286,,343.486
8314,17.9964,,134.143,,343.343
8315,17.9991,,134,,343.2
8316,18.0014,,133.75,,342.95
8317,18.0037,,133.5,,342.7
8318,18.006,,133.25,,342.45
8319,18.0083,,133,,342.2
8320,18.0108,,132.667,,341.733
8321,18.0134,,132.333,,341.267
8322,18.016,,132,,340.8
8323,18.0178,,132.5,,340.2
8324,18.0197,,133,,339.6
8325,18.0213,,133,,339.2
8326,18.0233,,133,,338.8
8327,18.0253,,133,,338.4
8328,18.0277,,133.667,,338
8329,18.0301,,134.333,,337.6
8330,18.0325,,135,,337.2
8331,18.035,,135,,337.15
8332,18.0375,,135,,337.1
8333,18.0401,,135,,337.05
8334,18.0426,,135,,337
8335,18.0451,,135,,336.95
8336,18.0476,,135,,336.9
8337,18.0501,,135,,336.85
8338,18.0526,,135,,336.8
8339,18.0549,,135.111,,336.778
8340,18.0572,,135.222,,336.756
8341,18.0596,,135.333,,336.733
8342,18.0619,,135.444,,336.711
8343,18.0642,,135.556,,336.689
8344,18.0665,,135.667,,336.667
8345,18.0688,,135.778,,336.644
8346,18.0711,,135.889,,336.622
8347,18.0734,,136,,336.6
8348,18.0756,,136.1,,336.6
8349,18.0778,,136.2,,336.6
8350,18.08,,136.3,,336.6
8351,18.0821,,136.4,,336.6
8352,18.0843,,136.5,,336.6
8353,18.0865,,136.6,,336.6
8354,18.0886,,136.7,,336.6
8355,18.0908,,136.8,,336.6
8356,18.093,,136.9,,336.6
8357,18.0951,,137,,336.6
8358,18.0972,,137.2,,336.62
8359,18.0992,,137.4,,336.64
8360,18.1012,,137.6,,336.66
8361,18.1033,,137.8,,336.68
8362,18.1053,,138,,336.7
8363,18.1074,,138.2,,336.72
8364,18.1094,,138.4,,336.74
8365,18.1114,,138.6,,336.76
8366,18.1135,,138.8,,336.78
8367,18.1155,,139,,336.8
8368,18.1176,,139,,336.9
8369,18.1196,,139,,337
8370,18.1216,,139,,337.1
8371,18.1237,,139,,337.2
8372,18.1257,,139,,337.3
8373,18.1277,,139,,337.4
8374,18.1298,,139,,337.5
8375,18.1318,,139,,337.6
8376,18.1339,,139,,337.7
8377,18.1359,,139,,337.8
8378,18.138,,139.2,,337.88
8379,18.1401,,139.4,,337.96
8380,18.1423,,139.6,,338.04
8381,18.1444,,139.8,,338.12
8382,18.1465,,140,,338.2
8383,18.1481,,140.167,,338.4
8384,18.1498,,140.333,,338.6
8385,18.1514,,140.5,,338.8
8386,18.1531,,140.667,,339
8387,18.1547,,140.833,,339.2
8388,18.1563,,141,,339.4
8389,18.1583,,141.6,,339.56
8390,18.1603,,142.2,,339.72
8391,18.1623,,142.8,,339.88
8392,18.1642,,143.4,,340.04
8393,18.1662,,144,,340.2
8394,18.1683,,143,,340.4
8395,18.1702,,143.6,,340.6
8396,18.1721,,144.2,,340.8
8397,18.174,,144.8,,341
8398,18.1759,,145.4,,341.2
8399,18.1778,,146,,341.4
8400,18.1795,,146.5,,341.75
8401,18.1811,,147,,342.1
8402,18.1828,,147.5,,342.45
8403,18.1844,,148,,342.8
8404,18.1859,,148.5,,343.1
8405,18.1873,,149,,343.4
8406,18.1888,,149.5,,343.7
8407,18.1902,,150,,344
8408,18.1914,,150.333,,344.333
8409,18.1927,,150.667,,344.667
8410,18.1939,,151,,345
8411,18.1951,,151.333,,345.333
8412,18.1964,,151.667,,345.667
8413,18.1976,,152,,346
8414,18.1993,,152,,346.35
8415,18.201,,152,,346.7
8416,18.2026,,152,,347.05
8417,18.2043,,152,,347.4
8418,18.206,,152.333,,347.8
8419,18.2076,,152.667,,348.2
8420,18.2093,,153,,348.6
8421,18.211,,153.333,,348.933
8422,18.2127,,153.667,,349.267
8423,18.2144,,154,,349.6
8424,18.2163,,154.25,,349.85
8425,18.2181,,154.5,,350.1
8426,18.22,,154.75,,350.35
8427,18.2218,,155,,350.6
8428,18.2237,,155,,351
8429,18.2255,,155,,351.4
8430,18.2274,,155,,351.8
8431,18.2293,,155.167,,351.967
8432,18.2312,,155.333,,352.133
8433,18.233,,155.5,,352.3
8434,18.2349,,155.667,,352.467
8435,18.2368,,155.833,,352.633
8436,18.2387,,156,,352.8
8437,18.2409,,155.8,,353.04
8438,18.243,,155.6,,353.28
8439,18.2452,,155.4,,353.52
8440,18.2474,,155.2,,353.76
8441,18.2496,,155,,354
8442,18.2515,,154.909,,354.073
8443,18.2534,,154.818,,354.145
8444,18.2553,,154.727,,354.218
8445,18.2572,,154.636,,354.291
8446,18.2591,,154.545,,354.364
8447,18.261,,154.455,,354.436
8448,18.2629,,154.364,,354.509
8449,18.2649,,154.273,,354.582
8450,18.2668,,154.182,,354.655
8451,18.2687,,154.091,,354.727
8452,18.2706,,154,,354.8
8453,18.2723,,154,,355
8454,18.2744,,153.667,,355.089
8455,18.2765,,153.333,,355.178
8456,18.2786,,153,,355.267
8457,18.2807,,152.667,,355.356
8458,18.2827,,152.333,,355.444
8459,18.2848,,152,,355.533
8460,18.2869,,151.667,,355.622
8461,18.289,,151.333,,355.711
8462,18.291,,151,,355.8
8463,18.2924,,151,,355.9
8464,18.2937,,151,,356
8465,18.2955,,150.778,,356.111
8466,18.2974,,150.556,,356.222
8467,18.2992,,150.333,,356.333
8468,18.3011,,150.111,,356.444
8469,18.303,,149.889,,356.556
8470,18.3048,,149.667,,356.667
8471,18.3067,,149.444,,356.778
8472,18.3085,,149.222,,356.889
8473,18.3104,,149,,357
8474,18.3124,,148.8,,357.08
8475,18.3144,,148.6,,357.16
8476,18.3164,,148.4,,357.24
8477,18.3184,,148.2,,357.32
8478,18.3204,,148,,357.4
8479,18.3224,,147.8,,357.48
8480,18.3244,,147.6,,357.56
8481,18.3264,,147.4,,357.64
8482,18.3284,,147.2,,357.72
8483,18.3304,,147,,357.8
8484,18.3327,,146.889,,357.822
8485,18.3349,,146.778,,357.844
8486,18.3372,,146.667,,357.867
8487,18.3394,,146.556,,357.889
8488,18.3417,,146.444,,357.911
8489,18.3439,,146.333,,357.933
8490,18.3462,,146.222,,357.956
8491,18.3484,,146.111,,357.978
8492,18.3507,,146,,358
8493,18.3528,,145.571,,358.086
8494,18.355,,145.143,,358.171
8495,18.3571,,144.714,,358.257
8496,18.3592,,144.286,,358.343
8497,18.3614,,143.857,,358.429
8498,18.3635,,143.429,,358.514
8499,18.3656,,143,,358.6
8500,18.3677,,142.9,,358.62
8501,18.3697,,142.8,,358.64
8502,18.3717,,142.7,,358.66
8503,18.3737,,142.6,,358.68
8504,18.3758,,142.5,,358.7
8505,18.3778,,142.4,,358.72
8506,18.3798,,142.3,,358.74
8507,18.3818,,142.2,,358.76
8508,18.3839,,142.1,,358.78
8509,18.3859,,142,,358.8
8510,18.388,,141.667,,358.8
8511,18.3902,,141.333,,358.8
8512,18.3924,,141,,358.8
8513,18.3945,,140.667,,358.8
8514,18.3967,,140.333,,358.8
8515,18.3988,,140,,358.8
8516,18.401,,139.667,,358.8
8517,18.4032,,139.333,,358.8
8518,18.4053,,139,,358.8
8519,18.4076,,139.25,,358.825
8520,18.4098,,139.5,,358.85
8521,18.412,,139.75,,358.875
8522,18.4143,,140,,358.9
8523,18.4165,,140.25,,358.925
8524,18.4188,,140.5,,358.95
8525,18.421,,140.75,,358.975
8526,18.4233,,141,,359
8527,18.4254,,141,,359.06
8528,18.4276,,141,,359.12
8529,18.4298,,141,,359.18
8530,18.4319,,141,,359.24
8531,18.4341,,141,,359.3
8532,18.4363,,141,,359.36
8533,18.4384,,141,,359.42
8534,18.4406,,141,,359.48
8535,18.4428,,141,,359.54
8536,18.4449,,141,,359.6
8537,18.4475,,141,,359.72
8538,18.4501,,141,,359.84
8539,18.4526,,141,,359.96
8540,18.4552,,141,,360.08
8541,18.4578,,141,,360.2
8542,18.4599,,141.2,,360.3
8543,18.462,,141.4,,360.4
8544,18.4641,,141.6,,360.5
8545,18.4662,,141.8,,360.6
8546,18.4683,,142,,360.7
8547,18.4704,,142.2,,360.8
8548,18.4726,,142.4,,360.9
8549,18.4747,,142.6,,361
8550,18.4768,,142.8,,361.1
8551,18.4789,,143,,361.2
8552,18.4807,,143,,361.4
8553,18.4828,,143.2,,361.5
8554,18.4849,,143.4,,361.6
8555,18.487,,143.6,,361.7
8556,18.4891,,143.8,,361.8
8557,18.4912,,144,,361.9
8558,18.4933,,144.2,,362
8559,18.4954,,144.4,,362.1
8560,18.4976,,144.6,,362.2
8561,18.4997,,144.8,,362.3
8562,18.5018,,145,,362.4
8563,18.5039,,145.1,,362.48
8564,18.506,,145.2,,362.56
8565,18.5082,,145.3,,362.64
8566,18.5103,,145.4,,362.72
8567,18.5124,,145.5,,362.8
8568,18.5146,,145.6,,362.88
8569,18.5167,,145.7,,362.96
8570,18.5188,,145.8,,363.04
8571,18.5209,,145.9,,363.12
8572,18.5231,,146,,363.2
8573,18.5251,,146,,363.3
8574,18.5272,,146,,363.4
8575,18.5292,,146.1,,363.52
8576,18.5312,,146.2,,363.64
8577,18.5333,,146.3,,363.76
8578,18.5353,,146.4,,363.88
8579,18.5373,,146.5,,364
8580,18.5394,,146.6,,364.12
8581,18.5414,,146.7,,364.24
8582,18.5435,,146.8,,364.36
8583,18.5455,,146.9,,364.48
8584,18.5475,,147,,364.6
8585,18.5492,,147,,364.709
8586,18.551,,147,,364.818
8587,18.5527,,147,,364.927
8588,18.5544,,147,,365.036
8589,18.5561,,147,,365.145
8590,18.5579,,147,,365.255
8591,18.5596,,147,,365.364
8592,18.5613,,147,,365.473
8593,18.563,,147,,365.582
8594,18.5648,,147,,365.691
8595,18.5665,,147,,365.8
8596,18.5686,,147.286,,365.971
8597,18.5707,,147.571,,366.143
8598,18.5727,,147.857,,366.314
8599,18.5748,,148.143,,366.486
8600,18.5769,,148.429,,366.657
8601,18.579,,148.714,,366.829
8602,18.5811,,149,,367
8603,18.5829,,149,,367.2
8604,18.5847,,149,,367.4
8605,18.5865,,149,,367.6
8606,18.5883,,149,,367.8
8607,18.5901,,149,,368
8608,18.5923,,149.167,,368.167
8609,18.5945,,149.333,,368.333
8610,18.5967,,149.5,,368.5
8611,18.5989,,149.667,,368.667
8612,18.6011,,149.833,,368.833
8613,18.6033,,150,,369
8614,18.6051,,150.125,,369.175
8615,18.607,,150.25,,369.35
8616,18.6089,,150.375,,369.525
8617,18.6107,,150.5,,369.7
8618,18.6126,,150.625,,369.875
8619,18.6144,,150.75,,370.05
8620,18.6163,,150.875,,370.225
8621,18.6181,,151,,370.4
8622,18.6202,,150.8,,370.46
8623,18.6224,,150.6,,370.52
8624,18.6244,,150.4,,370.58
8625,18.6265,,150.2,,370.64
8626,18.6287,,150,,370.7
8627,18.6307,,149.8,,370.76
8628,18.6328,,149.6,,370.82
8629,18.6349,,149.4,,370.88
8630,18.637,,149.2,,370.94
8631,18.6391,,149,,371
8632,18.6414,,148.667,,370.956
8633,18.6436,,148.333,,370.911
8634,18.6459,,148,,370.867
8635,18.6481,,147.667,,370.822
8636,18.6503,,147.333,,370.778
8637,18.6526,,147,,370.733
8638,18.6548,,146.667,,370.689
8639,18.657,,146.333,,370.644
8640,18.6593,,146,,370.6
8641,18.6616,,145.8,,370.28
8642,18.6639,,145.6,,369.96
8643,18.6662,,145.4,,369.64
8644,18.6684,,145.2,,369.32
8645,18.6707,,145,,369
8646,18.6729,,144.667,,368.8
8647,18.6751,,144.333,,368.6
8648,18.6773,,144,,368.4
8649,18.6794,,143.667,,368.2
8650,18.6816,,143.333,,368
8651,18.6838,,143,,367.8
8652,18.686,,142.8,,367.56
8653,18.6882,,142.6,,367.32
8654,18.6905,,142.4,,367.08
8655,18.6927,,142.2,,366.84
8656,18.6949,,142,,366.6
8657,18.6971,,141.571,,366.457
8658,18.6992,,141.143,,366.314
8659,18.7014,,140.714,,366.171
8660,18.7036,,140.286,,366.029
8661,18.7057,,139.857,,365.886
8662,18.7079,,139.429,,365.743
8663,18.7101,,139,,365.6
8664,18.7123,,139,,365.6
8665,18.7145,,139,,365.6
8666,18.7168,,139,,365.6
8667,18.719,,139,,365.6
8668,18.7211,,138.9,,365.6
8669,18.7232,,138.8,,365.6
8670,18.7252,,138.7,,365.6
8671,18.7273,,138.6,,365.6
8672,18.7293,,138.5,,365.6
8673,18.7314,,138.4,,365.6
8674,18.7335,,138.3,,365.6
8675,18.7355,,138.2,,365.6
8676,18.7376,,138.1,,365.6
8677,18.7396,,138,,365.6
8678,18.7418,,137.9,,365.66
8679,18.744,,137.8,,365.72
8680,18.7462,,137.7,,365.78
8681,18.7483,,137.6,,365.84
8682,18.7505,,137.5,,365.9
8683,18.7527,,137.4,,365.96
8684,18.7549,,137.3,,366.02
8685,18.7571,,137.2,,366.08
8686,18.7592,,137.1,,366.14
8687,18.7614,,137,,366.2
8688,18.7637,,136.889,,366.2
8689,18.766,,136.778,,366.2
8690,18.7683,,136.667,,366.2
8691,18.7706,,136.556,,366.2
8692,18.7729,,136.444,,366.2
8693,18.7752,,136.333,,366.2
8694,18.7776,,136.222,,366.2
8695,18.7799,,136.111,,366.2
8696,18.7822,,136,,366.2
8697,18.7845,,136.111,,366.067
8698,18.7869,,136.222,,365.933
8699,18.7893,,136.333,,365.8
8700,18.7917,,136.444,,365.667
8701,18.7941,,136.556,,365.533
8702,18.7964,,136.667,,365.4
8703,18.7988,,136.778,,365.267
8704,18.8012,,136.889,,365.133
8705,18.8036,,137,,365
8706,18.8054,,137,,364.8
8707,18.8073,,137,,364.6
8708,18.8091,,137,,364.4
8709,18.8112,,137.333,,364.378
8710,18.8133,,137.667,,364.356
8711,18.8154,,138,,364.333
8712,18.8175,,138.333,,364.311
8713,18.8196,,138.667,,364.289
8714,18.8217,,139,,364.267
8715,18.8238,,139.333,,364.244
8716,18.8258,,139.667,,364.222
8717,18.8279,,140,,364.2
8718,18.8301,,140.25,,364.375
8719,18.8323,,140.5,,364.55
8720,18.8344,,140.75,,364.725
8721,18.8366,,141,,364.9
8722,18.8387,,141.25,,365.075
8723,18.8409,,141.5,,365.25
8724,18.8431,,141.75,,365.425
8725,18.8452,,142,,365.6
8726,18.8471,,142.25,,365.85
8727,18.8491,,142.5,,366.1
8728,18.851,,142.75,,366.35
8729,18.8529,,143,,366.6
8730,18.8552,,142.889,,366.689
8731,18.8575,,142.778,,366.778
8732,18.8598,,142.667,,366.867
8733,18.862,,142.556,,366.956
8734,18.8643,,142.444,,367.044
8735,18.8666,,142.333,,367.133
8736,18.8689,,142.222,,367.222
8737,18.8712,,142.111,,367.311
8738,18.8734,,142,,367.4
8739,18.8756,,142,,367.34
8740,18.8777,,142,,367.28
8741,18.8798,,142,,367.22
8742,18.8819,,142,,367.16
8743,18.884,,142,,367.1
8744,18.8861,,142,,367.04
8745,18.8883,,142,,366.98
8746,18.8904,,142,,366.92
8747,18.8925,,142,,366.86
8748,18.8946,,142,,366.8
8749,18.8968,,142.2,,366.76
8750,18.899,,142.4,,366.72
8751,18.9011,,142.6,,366.68
8752,18.9033,,142.8,,366.64
8753,18.9055,,143,,366.6
8754,18.9077,,143.2,,366.56
8755,18.9098,,143.4,,366.52
8756,18.912,,143.6,,366.48
8757,18.9142,,143.8,,366.44
8758,18.9164,,144,,366.4
8759,18.9187,,144,,366.4
8760,18.921,,144,,366.4
8761,18.9233,,144,,366.4
8762,18.9256,,144,,366.4
8763,18.9279,,144,,366.4
8764,18.9302,,144,,366.4
8765,18.9325,,144,,366.4
8766,18.9348,,144,,366.4
8767,18.9371,,144,,366.4
8768,18.9393,,143.9,,366.42
8769,18.9415,,143.8,,366.44
8770,18.9436,,143.7,,366.46
8771,18.9458,,143.6,,366.48
8772,18.9479,,143.5,,366.5
8773,18.9501,,143.4,,366.52
8774,18.9522,,143.3,,366.54
8775,18.9544,,143.2,,366.56
8776,18.9565,,143.1,,366.58
8777,18.9587,,143,,366.6
8778,18.9609,,143.1,,366.68
8779,18.9631,,143.2,,366.76
8780,18.9653,,143.3,,366.84
8781,18.9675,,143.4,,366.92
8782,18.9697,,143.5,,367
8783,18.9719,,143.6,,367.08
8784,18.9741,,143.7,,367.16
8785,18.9763,,143.8,,367.24
8786,18.9785,,143.9,,367.32
8787,18.9806,,144,,367.4
8788,18.9832,,144.333,,367.533
8789,18.9857,,144.667,,367.667
8790,18.9882,,145,,367.8
8791,18.9902,,145,,367.88
8792,18.9921,,145,,367.96
8793,18.9941,,145,,368.04
8794,18.9961,,145,,368.12
8795,18.998,,145,,368.2
8796,19.0002,,145.111,,368.267
8797,19.0024,,145.222,,368.333
8798,19.0046,,145.333,,368.4
8799,19.0068,,145.444,,368.467
8800,19.009,,145.556,,368.533
8801,19.0112,,145.667,,368.6
8802,19.0134,,145.778,,368.667
8803,19.0156,,145.889,,368.733
8804,19.0178,,146,,368.8
8805,19.02,,146,,368.82
8806,19.0222,,146,,368.84
8807,19.0243,,146,,368.86
8808,19.0265,,146,,368.88
8809,19.0287,,146,,368.9
8810,19.0308,,146,,368.92
8811,19.033,,146,,368.94
8812,19.0352,,146,,368.96
8813,19.0373,,146,,368.98
8814,19.0395,,146,,369
8815,19.0417,,145.889,,368.978
8816,19.044,,145.778,,368.956
8817,19.0462,,145.667,,368.933
8818,19.0485,,145.556,,368.911
8819,19.0507,,145.444,,368.889
8820,19.0529,,145.333,,368.867
8821,19.0552,,145.222,,368.844
8822,19.0574,,145.111,,368.822
8823,19.0597,,145,,368.8
8824,19.0619,,144.889,,368.8
8825,19.0642,,144.778,,368.8
8826,19.0665,,144.667,,368.8
8827,19.0687,,144.556,,368.8
8828,19.071,,144.444,,368.8
8829,19.0733,,144.333,,368.8
8830,19.0755,,144.222,,368.8
8831,19.0778,,144.111,,368.8
8832,19.0801,,144,,368.8
8833,19.0823,,143.9,,368.8
8834,19.0846,,143.8,,368.8
8835,19.0868,,143.7,,368.8
8836,19.089,,143.6,,368.8
8837,19.0913,,143.5,,368.8
8838,19.0935,,143.4,,368.8
8839,19.0958,,143.3,,368.8
8840,19.098,,143.2,,368.8
8841,19.1003,,143.1,,368.8
8842,19.1025,,143,,368.8
8843,19.1047,,142.8,,368.76
8844,19.1069,,142.6,,368.72
8845,19.1091,,142.4,,368.68
8846,19.1113,,142.2,,368.64
8847,19.1135,,142,,368.6
8848,19.1157,,141.8,,368.56
8849,19.1179,,141.6,,368.52
8850,19.1201,,141.4,,368.48
8851,19.1223,,141.2,,368.44
8852,19.1245,,141,,368.4
8853,19.1262,,140.917,,368.4
8854,19.1279,,140.833,,368.4
8855,19.1296,,140.75,,368.4
8856,19.1313,,140.667,,368.4
8857,19.133,,140.583,,368.4
8858,19.1348,,140.5,,368.4
8859,19.1365,,140.417,,368.4
8860,19.1382,,140.333,,368.4
8861,19.1399,,140.25,,368.4
8862,19.1416,,140.167,,368.4
8863,19.1434,,140.083,,368.4
8864,19.1451,,140,,368.4
8865,19.1473,,140,,368.4
8866,19.1496,,140,,368.4
8867,19.1519,,140,,368.4
8868,19.1541,,140,,368.4
8869,19.1564,,140,,368.4
8870,19.1587,,140,,368.4
8871,19.1609,,140,,368.4
8872,19.1632,,140,,368.4
8873,19.1655,,140,,368.4
8874,19.1677,,139.889,,368.422
8875,19.1699,,139.778,,368.444
8876,19.1722,,139.667,,368.467
8877,19.1744,,139.556,,368.489
8878,19.1766,,139.444,,368.511
8879,19.1789,,139.333,,368.533
8880,19.1811,,139.222,,368.556
8881,19.1834,,139.111,,368.578
8882,19.1856,,139,,368.6
8883,19.1877,,139,,368.58
8884,19.1898,,139,,368.56
8885,19.192,,139,,368.54
8886,19.1941,,139,,368.52
8887,19.1962,,139,,368.5
8888,19.1983,,139,,368.48
8889,19.2004,,139,,368.46
8890,19.2026,,139,,368.44
8891,19.2047,,139,,368.42
8892,19.2068,,139,,368.4
8893,19.209,,139.1,,368.44
8894,19.2112,,139.2,,368.48
8895,19.2133,,139.3,,368.52
8896,19.2155,,139.4,,368.56
8897,19.2177,,139.5,,368.6
8898,19.2199,,139.6,,368.64
8899,19.2221,,139.7,,368.68
8900,19.2242,,139.8,,368.72
8901,19.2264,,139.9,,368.76
8902,19.2286,,140,,368.8
8903,19.2308,,140.1,,368.8
8904,19.2329,,140.2,,368.8
8905,19.2351,,140.3,,368.8
8906,19.2373,,140.4,,368.8
8907,19.2394,,140.5,,368.8
8908,19.2416,,140.6,,368.8
8909,19.2437,,140.7,,368.8
8910,19.2459,,140.8,,368.8
8911,19.2481,,140.9,,368.8
8912,19.2502,,141,,368.8
8913,19.2524,,141.2,,368.82
8914,19.2545,,141.4,,368.84
8915,19.2567,,141.6,,368.86
8916,19.2588,,141.8,,368.88
8917,19.261,,142,,368.9
8918,19.2632,,142.2,,368.92
8919,19.2653,,142.4,,368.94
8920,19.2675,,142.6,,368.96
8921,19.2696,,142.8,,368.98
8922,19.2718,,143,,369
8923,19.274,,142.889,,369.044
8924,19.2762,,142.778,,369.089
8925,19.2785,,142.667,,369.133
8926,19.2807,,142.556,,369.178
8927,19.283,,142.444,,369.222
8928,19.2852,,142.333,,369.267
8929,19.2874,,142.222,,369.311
8930,19.2897,,142.111,,369.356
8931,19.2919,,142,,369.4
8932,19.2941,,141.9,,369.4
8933,19.2963,,141.8,,369.4
8934,19.2984,,141.7,,369.4
8935,19.3006,,141.6,,369.4
8936,19.3027,,141.5,,369.4
8937,19.3049,,141.4,,369.4
8938,19.3071,,141.3,,369.4
8939,19.3092,,141.2,,369.4
8940,19.3114,,141.1,,369.4
8941,19.3136,,141,,369.4
8942,19.3157,,141,,369.42
8943,19.3179,,141,,369.44
8944,19.32,,141,,369.46
8945,19.3222,,141,,369.48
8946,19.3243,,141,,369.5
8947,19.3265,,141,,369.52
8948,19.3286,,141,,369.54
8949,19.3308,,141,,369.56
8950,19.3329,,141,,369.58
8951,19.3351,,141,,369.6
8952,19.3372,,141,,369.62
8953,19.3393,,141,,369.64
8954,19.3415,,141,,369.66
8955,19.3436,,141,,369.68
8956,19.3457,,141,,369.7
8957,19.3478,,141,,369.72
8958,19.35,,141,,369.74
8959,19.3521,,141,,369.76
8960,19.3542,,141,,369.78
8961,19.3564,,141,,369.8
8962,19.3585,,141,,369.8
8963,19.3606,,141,,369.8
8964,19.3628,,141,,369.8
8965,19.3649,,141,,369.8
8966,19.3671,,141.1,,369.82
8967,19.3692,,141.2,,369.84
8968,19.3714,,141.3,,369.86
8969,19.3736,,141.4,,369.88
8970,19.3758,,141.5,,369.9
8971,19.3779,,141.6,,369.92
8972,19.3801,,141.7,,369.94
8973,19.3823,,141.8,,369.96
8974,19.3844,,141.9,,369.98
8975,19.3866,,142,,370
8976,19.3888,,142,,370
8977,19.391,,142,,370
8978,19.3931,,142,,370
8979,19.3953,,142,,370
8980,19.3975,,142,,370
8981,19.3997,,142,,370
8982,19.4019,,142,,370
8983,19.404,,142,,370
8984,19.4062,,142,,370
8985,19.4084,,142,,370
8986,19.4106,,142,,370.02
8987,19.4128,,142,,370.04
8988,19.4149,,142,,370.06
8989,19.4171,,142,,370.08
8990,19.4193,,142,,370.1
8991,19.4215,,142,,370.12
8992,19.4237,,142,,370.14
8993,19.4258,,142,,370.16
8994,19.428,,142,,370.18
8995,19.4302,,142,,370.2
8996,19.4324,,141.9,,370.22
8997,19.4345,,141.8,,370.24
8998,19.4366,,141.7,,370.26
8999,19.4388,,141.6,,370.28
9000,19.4409,,141.5,,370.3
9001,19.4431,,141.4,,370.32
9002,19.4452,,141.3,,370.34
9003,19.4474,,141.2,,370.36
9004,19.4495,,141.1,,370.38
9005,19.4517,,141,,370.4
9006,19.4539,,141.333,,370.4
9007,19.4562,,141.667,,370.4
9008,19.4585,,142,,370.4
9009,19.4606,,142.1,,370.4
9010,19.4628,,142.2,,370.4
9011,19.4649,,142.3,,370.4
9012,19.467,,142.4,,370.4
9013,19.4692,,142.5,,370.4
9014,19.4713,,142.6,,370.4
9015,19.4735,,142.7,,370.4
9016,19.4756,,142.8,,370.4
9017,19.4777,,142.9,,370.4
9018,19.4799,,143,,370.4
9019,19.482,,142.9,,370.4
9020,19.4841,,142.8,,370.4
9021,19.4862,,142.7,,370.4
9022,19.4883,,142.6,,370.4
9023,19.4905,,142.5,,370.4
9024,19.4926,,142.4,,370.4
9025,19.4947,,142.3,,370.4
9026,19.4968,,142.2,,370.4
9027,19.499,,142.1,,370.4
9028,19.5011,,142,,370.4
9029,19.5032,,142,,370.4
9030,19.5054,,142,,370.4
9031,19.5075,,142,,370.4
9032,19.5097,,142,,370.4
9033,19.5118,,142,,370.4
9034,19.514,,142,,370.4
9035,19.5161,,142,,370.4
9036,19.5183,,142,,370.4
9037,19.5204,,142,,370.4
9038,19.5226,,142,,370.4
9039,19.5248,,142,,370.44
9040,19.5269,,142,,370.48
9041,19.5291,,142,,370.52
9042,19.5312,,142,,370.56
9043,19.5334,,142,,370.6
9044,19.5356,,142,,370.64
9045,19.5377,,142,,370.68
9046,19.5399,,142,,370.72
9047,19.542,,142,,370.76
9048,19.5442,,142,,370.8
9049,19.5462,,141.667,,370.8
9050,19.5482,,141.333,,370.8
9051,19.5502,,141,,370.8
9052,19.5524,,141.1,,370.84
9053,19.5545,,141.2,,370.88
9054,19.5567,,141.3,,370.92
9055,19.5589,,141.4,,370.96
9056,19.5611,,141.5,,371
9057,19.5633,,141.6,,371.04
9058,19.5655,,141.7,,371.08
9059,19.5677,,141.8,,371.12
9060,19.5699,,141.9,,371.16
9061,19.5721,,142,,371.2
9062,19.5742,,141.9,,371.2
9063,19.5764,,141.8,,371.2
9064,19.5786,,141.7,,371.2
9065,19.5807,,141.6,,371.2
9066,19.5829,,141.5,,371.2
9067,19.585,,141.4,,371.2
9068,19.5872,,141.3,,371.2
9069,19.5894,,141.2,,371.2
9070,19.5915,,141.1,,371.2
9071,19.5937,,141,,371.2
9072,19.5959,,140.8,,371.22
9073,19.5981,,140.6,,371.24
9074,19.6003,,140.4,,371.26
9075,19.6025,,140.2,,371.28
9076,19.6046,,140,,371.3
9077,19.6068,,139.8,,371.32
9078,19.609,,139.6,,371.34
9079,19.6112,,139.4,,371.36
9080,19.6134,,139.2,,371.38
9081,19.6156,,139,,371.4
9082,19.6178,,139.1,,371.42
9083,19.62,,139.2,,371.44
9084,19.6221,,139.3,,371.46
9085,19.6243,,139.4,,371.48
9086,19.6265,,139.5,,371.5
9087,19.6287,,139.6,,371.52
9088,19.6309,,139.7,,371.54
9089,19.6331,,139.8,,371.56
9090,19.6353,,139.9,,371.58
9091,19.6375,,140,,371.6
9092,19.6396,,140,,371.62
9093,19.6418,,140,,371.64
9094,19.6439,,140,,371.66
9095,19.6461,,140,,371.68
9096,19.6482,,140,,371.7
9097,19.6503,,140,,371.72
9098,19.6525,,140,,371.74
9099,19.6546,,140,,371.76
9100,19.6568,,140,,371.78
9101,19.6589,,140,,371.8
9102,19.6611,,140.1,,371.8
9103,19.6632,,140.2,,371.8
9104,19.6653,,140.3,,371.8
9105,19.6675,,140.4,,371.8
9106,19.6696,,140.5,,371.8
9107,19.6717,,140.6,,371.8
9108,19.6739,,140.7,,371.8
9109,19.676,,140.8,,371.8
9110,19.6781,,140.9,,371.8
9111,19.6803,,141,,371.8
9112,19.6824,,141,,371.8
9113,19.6845,,140.9,,371.82
9114,19.6866,,140.8,,371.84
9115,19.6888,,140.7,,371.86
9116,19.6909,,140.6,,371.88
9117,19.693,,140.5,,371.9
9118,19.6952,,140.4,,371.92
9119,19.6973,,140.3,,371.94
9120,19.6994,,140.2,,371.96
9121,19.7016,,140.1,,371.98
9122,19.7037,,140,,372
9123,19.7059,,140,,372.02
9124,19.708,,140,,372.04
9125,19.7102,,140,,372.06
9126,19.7124,,140,,372.08
9127,19.7146,,140,,372.1
9128,19.7167,,140,,372.12
9129,19.7189,,140,,372.14
9130,19.7211,,140,,372.16
9131,19.7233,,140,,372.18
9132,19.7254,,140,,372.2
9133,19.7276,,140.1,,372.22
9134,19.7297,,140.2,,372.24
9135,19.7319,,140.3,,372.26
9136,19.734,,140.4,,372.28
9137,19.7361,,140.5,,372.3
9138,19.7383,,140.6,,372.32
9139,19.7404,,140.7,,372.34
9140,19.7426,,140.8,,372.36
9141,19.7447,,140.9,,372.38
9142,19.7468,,141,,372.4
9143,19.749,,140.9,,372.42
9144,19.7512,,140.8,,372.44
9145,19.7533,,140.7,,372.46
9146,19.7555,,140.6,,372.48
9147,19.7576,,140.5,,372.5
9148,19.7598,,140.4,,372.52
9149,19.762,,140.3,,372.54
9150,19.7641,,140.2,,372.56
9151,19.7663,,140.1,,372.58
9152,19.7684,,140,,372.6
9153,19.7706,,140.2,,372.62
9154,19.7728,,140.4,,372.64
9155,19.775,,140.6,,372.66
9156,19.7772,,140.8,,372.68
9157,19.7794,,141,,372.7
9158,19.7815,,141.2,,372.72
9159,19.7837,,141.4,,372.74
9160,19.7859,,141.6,,372.76
9161,19.7881,,141.8,,372.78
9162,19.7903,,142,,372.8
9163,19.7923,,142,,372.8
9164,19.7943,,142,,372.8
9165,19.7964,,142,,372.8
9166,19.7984,,142,,372.8
9167,19.8005,,142,,372.8
9168,19.8025,,142,,372.8
9169,19.8047,,142,,372.822
9170,19.8069,,142,,372.844
9171,19.8092,,142,,372.867
9172,19.8114,,142,,372.889
9173,19.8136,,142,,372.911
9174,19.8159,,142,,372.933
9175,19.8181,,142,,372.956
9176,19.8203,,142,,372.978
9177,19.8225,,142,,373
9178,19.8247,,142.2,,373
9179,19.8269,,142.4,,373
9180,19.829,,142.6,,373
9181,19.8312,,142.8,,373
9182,19.8334,,143,,373
9183,19.8356,,143.2,,373
9184,19.8377,,143.4,,373
9185,19.8399,,143.6,,373
9186,19.8421,,143.8,,373
9187,19.8442,,144,,373
9188,19.8464,,144,,373.04
9189,19.8486,,144,,373.08
9190,19.8507,,144,,373.12
9191,19.8529,,144,,373.16
9192,19.855,,144,,373.2
9193,19.8572,,144,,373.24
9194,19.8594,,144,,373.28
9195,19.8615,,144,,373.32
9196,19.8637,,144,,373.36
9197,19.8658,,144,,373.4
9198,19.868,,143.9,,373.42
9199,19.8702,,143.8,,373.44
9200,19.8724,,143.7,,373.46
9201,19.8746,,143.6,,373.48
9202,19.8767,,143.5,,373.5
9203,19.8789,,143.4,,373.52
9204,19.8811,,143.3,,373.54
9205,19.8833,,143.2,,373.56
9206,19.8854,,143.1,,373.58
9207,19.8876,,143,,373.6
9208,19.8898,,143,,373.64
9209,19.892,,143,,373.68
9210,19.8942,,143,,373.72
9211,19.8963,,143,,373.76
9212,19.8985,,143,,373.8
9213,19.9007,,143,,373.84
9214,19.9029,,143,,373.88
9215,19.9051,,143,,373.92
9216,19.9072,,143,,373.96
9217,19.9094,,143,,374
9218,19.9115,,143,,374.02
9219,19.9137,,143,,374.04
9220,19.9158,,143,,374.06
9221,19.9179,,143,,374.08
9222,19.9201,,143,,374.1
9223,19.9222,,143,,374.12
9224,19.9243,,143,,374.14
9225,19.9264,,143,,374.16
9226,19.9286,,143,,374.18
9227,19.9307,,143,,374.2
9228,19.9328,,143,,374.24
9229,19.935,,143,,374.28
9230,19.9371,,143,,374.32
9231,19.9392,,143,,374.36
9232,19.9414,,143,,374.4
9233,19.9435,,143,,374.44
9234,19.9456,,143,,374.48
9235,19.9478,,143,,374.52
9236,19.9499,,143,,374.56
9237,19.952,,143,,374.6
9238,19.9543,,143.25,,374.7
9239,19.9566,,143.5,,374.8
9240,19.9589,,143.75,,374.9
9241,19.9612,,144,,375
9242,19.9633,,144.1,,375.06
9243,19.9654,,144.2,,375.12
9244,19.9675,,144.3,,375.18
9245,19.9697,,144.4,,375.24
9246,19.9718,,144.5,,375.3
9247,19.9739,,144.6,,375.36
9248,19.976,,144.7,,375.42
9249,19.9781,,144.8,,375.48
9250,19.9802,,144.9,,375.54
9251,19.9824,,145,,375.6
9252,19.9843,,145.2,,375.68
9253,19.9863,,145.4,,375.76
9254,19.9883,,145.6,,375.84
9255,19.9903,,145.8,,375.92
9256,19.9923,,146,,376
9257,19.9943,,146,,376.067
9258,19.9963,,146,,376.133
9259,19.9983,,146,,376.2
9260,20.0003,,146,,376.26
9261,20.0023,,146,,376.32
9262,20.0043,,146,,376.38
9263,20.0064,,146,,376.44
9264,20.0084,,146,,376.5
9265,20.0104,,146,,376.56
9266,20.0124,,146,,376.62
9267,20.0144,,146,,376.68
9268,20.0165,,146,,376.74
9269,20.0185,,146,,376.8
9270,20.0205,,146,,376.833
9271,20.0226,,146,,376.867
9272,20.0247,,146,,376.9
9273,20.0267,,146,,376.933
9274,20.0288,,146,,376.967
9275,20.0309,,146,,377
9276,20.033,,145.9,,377.02
9277,20.0351,,145.8,,377.04
9278,20.0373,,145.7,,377.06
9279,20.0394,,145.6,,377.08
9280,20.0415,,145.5,,377.1
9281,20.0436,,145.4,,377.12
9282,20.0458,,145.3,,377.14
9283,20.0479,,145.2,,377.16
9284,20.05,,145.1,,377.18
9285,20.0522,,145,,377.2
9286,20.0543,,144.9,,377.2
9287,20.0565,,144.8,,377.2
9288,20.0587,,144.7,,377.2
9289,20.0609,,144.6,,377.2
9290,20.0631,,144.5,,377.2
9291,20.0653,,144.4,,377.2
9292,20.0675,,144.3,,377.2
9293,20.0696,,144.2,,377.2
9294,20.0718,,144.1,,377.2
9295,20.074,,144,,377.2
9296,20.0762,,143.9,,377.22
9297,20.0783,,143.8,,377.24
9298,20.0804,,143.7,,377.26
9299,20.0826,,143.6,,377.28
9300,20.0847,,143.5,,377.3
9301,20.0868,,143.4,,377.32
9302,20.089,,143.3,,377.34
9303,20.0911,,143.2,,377.36
9304,20.0932,,143.1,,377.38
9305,20.0954,,143,,377.4
9306,20.0975,,143,,377.42
9307,20.0997,,143,,377.44
9308,20.1019,,143,,377.46
9309,20.104,,143,,377.48
9310,20.1062,,143,,377.5
9311,20.1084,,143,,377.52
9312,20.1105,,143,,377.54
9313,20.1127,,143,,377.56
9314,20.1149,,143,,377.58
9315,20.117,,143,,377.6
9316,20.1192,,142.889,,377.6
9317,20.1213,,142.778,,377.6
9318,20.1234,,142.667,,377.6
9319,20.1255,,142.556,,377.6
9320,20.1276,,142.444,,377.6
9321,20.1297,,142.333,,377.6
9322,20.1318,,142.222,,377.6
9323,20.1339,,142.111,,377.6
9324,20.136,,142,,377.6
9325,20.1382,,142,,377.64
9326,20.1403,,142,,377.68
9327,20.1424,,142,,377.72
9328,20.1446,,142,,377.76
9329,20.1467,,142,,377.8
9330,20.1488,,142,,377.84
9331,20.1509,,142,,377.88
9332,20.1531,,142,,377.92
9333,20.1552,,142,,377.96
9334,20.1573,,142,,378
9335,20.1595,,142,,378
9336,20.1616,,142,,378
9337,20.1638,,142.1,,378.04
9338,20.166,,142.2,,378.08
9339,20.1681,,142.3,,378.12
9340,20.1703,,142.4,,378.16
9341,20.1725,,142.5,,378.2
9342,20.1746,,142.6,,378.24
9343,20.1768,,142.7,,378.28
9344,20.179,,142.8,,378.32
9345,20.1812,,142.9,,378.36
9346,20.1833,,143,,378.4
9347,20.1855,,143,,378.46
9348,20.1878,,143,,378.52
9349,20.19,,143,,378.58
9350,20.1922,,143,,378.64
9351,20.1944,,143,,378.7
9352,20.1966,,143,,378.76
9353,20.1989,,143,,378.82
9354,20.2011,,143,,378.88
9355,20.2033,,143,,378.94
9356,20.2055,,143,,379
9357,20.2075,,143.25,,379
9358,20.2095,,143.5,,379
9359,20.2115,,143.75,,379
9360,20.2135,,144,,379
9361,20.2157,,144,,379.04
9362,20.2178,,144,,379.08
9363,20.2199,,144,,379.12
9364,20.222,,144,,379.16
9365,20.2242,,144,,379.2
9366,20.2263,,144,,379.24
9367,20.2284,,144,,379.28
9368,20.2305,,144,,379.32
9369,20.2327,,144,,379.36
9370,20.2348,,144,,379.4
9371,20.2369,,144,,379.44
9372,20.2391,,144,,379.48
9373,20.2412,,144,,379.52
9374,20.2434,,144,,379.56
9375,20.2455,,144,,379.6
9376,20.2477,,144,,379.64
9377,20.2498,,144,,379.68
9378,20.252,,144,,379.72
9379,20.2541,,144,,379.76
9380,20.2563,,144,,379.8
9381,20.2584,,144,,379.82
9382,20.2606,,144,,379.84
9383,20.2627,,144,,379.86
9384,20.2649,,144,,379.88
9385,20.2671,,144,,379.9
9386,20.2692,,144,,379.92
9387,20.2714,,144,,379.94
9388,20.2735,,144,,379.96
9389,20.2757,,144,,379.98
9390,20.2778,,144,,380
9391,20.28,,143.9,,379.98
9392,20.2822,,143.8,,379.96
9393,20.2843,,143.7,,379.94
9394,20.2865,,143.6,,379.92
9395,20.2887,,143.5,,379.9
9396,20.2908,,143.4,,379.88
9397,20.293,,143.3,,379.86
9398,20.2951,,143.2,,379.84
9399,20.2973,,143.1,,379.82
9400,20.2995,,143,,379.8
9401,20.3017,,142.889,,379.8
9402,20.304,,142.778,,379.8
9403,20.3062,,142.667,,379.8
9404,20.3085,,142.556,,379.8
9405,20.3108,,142.444,,379.8
9406,20.313,,142.333,,379.8
9407,20.3153,,142.222,,379.8
9408,20.3176,,142.111,,379.8
9409,20.3198,,142,,379.8
9410,20.322,,141.9,,379.74
9411,20.3242,,141.8,,379.68
9412,20.3264,,141.7,,379.62
9413,20.3286,,141.6,,379.56
9414,20.3308,,141.5,,379.5
9415,20.333,,141.4,,379.44
9416,20.3352,,141.3,,379.38
9417,20.3374,,141.2,,379.32
9418,20.3396,,141.1,,379.26
9419,20.3418,,141,,379.2
9420,20.344,,140.9,,379.18
9421,20.3461,,140.8,,379.16
9422,20.3483,,140.7,,379.14
9423,20.3504,,140.6,,379.12
9424,20.3526,,140.5,,379.1
9425,20.3547,,140.4,,379.08
9426,20.3569,,140.3,,379.06
9427,20.359,,140.2,,379.04
9428,20.3612,,140.1,,379.02
9429,20.3633,,140,,379
9430,20.3655,,140,,378.98
9431,20.3677,,140,,378.96
9432,20.3699,,140,,378.94
9433,20.3722,,140,,378.92
9434,20.3744,,140,,378.9
9435,20.3766,,140,,378.88
9436,20.3788,,140,,378.86
9437,20.381,,140,,378.84
9438,20.3832,,140,,378.82
9439,20.3854,,140,,378.8
9440,20.3876,,140.2,,378.82
9441,20.3898,,140.4,,378.84
9442,20.3919,,140.6,,378.86
9443,20.3941,,140.8,,378.88
9444,20.3963,,141,,378.9
9445,20.3984,,141.2,,378.92
9446,20.4006,,141.4,,378.94
9447,20.4028,,141.6,,378.96
9448,20.4049,,141.8,,378.98
9449,20.4071,,142,,379
9450,20.4093,,142,,379.02
9451,20.4114,,142,,379.04
9452,20.4136,,142,,379.06
9453,20.4157,,142,,379.08
9454,20.4179,,142,,379.1
9455,20.42,,142,,379.12
9456,20.4222,,142,,379.14
9457,20.4244,,142,,379.16
9458,20.4265,,142,,379.18
9459,20.4287,,142,,379.2
9460,20.4309,,141.8,,379.2
9461,20.4331,,141.6,,379.2
9462,20.4352,,141.4,,379.2
9463,20.4374,,141.2,,379.2
9464,20.4396,,141,,379.2
9465,20.4418,,140.8,,379.2
9466,20.444,,140.6,,379.2
9467,20.4462,,140.4,,379.2
9468,20.4484,,140.2,,379.2
9469,20.4506,,140,,379.2
9470,20.4527,,140,,379.22
9471,20.4549,,140,,379.24
9472,20.457,,140,,379.26
9473,20.4592,,140,,379.28
9474,20.4613,,140,,379.3
9475,20.4635,,140,,379.32
9476,20.4656,,140,,379.34
9477,20.4678,,140,,379.36
9478,20.47,,140,,379.38
9479,20.4721,,140,,379.4
9480,20.4742,,140.2,,379.4
9481,20.4764,,140.4,,379.4
9482,20.4785,,140.6,,379.4
9483,20.4807,,140.8,,379.4
9484,20.4828,,141,,379.4
9485,20.4849,,141.2,,379.4
9486,20.4871,,141.4,,379.4
9487,20.4892,,141.6,,379.4
9488,20.4914,,141.8,,379.4
9489,20.4935,,142,,379.4
9490,20.4956,,142,,379.4
9491,20.4978,,142,,379.4
9492,20.4999,,142,,379.4
9493,20.5021,,142,,379.4
9494,20.5042,,142,,379.4
9495,20.5064,,142,,379.4
9496,20.5085,,142,,379.4
9497,20.5106,,142,,379.4
9498,20.5128,,142,,379.4
9499,20.5149,,142,,379.4
9500,20.5171,,141.9,,379.4
9501,20.5193,,141.8,,379.4
9502,20.5214,,141.7,,379.4
9503,20.5236,,141.6,,379.4
9504,20.5258,,141.5,,379.4
9505,20.528,,141.4,,379.4
9506,20.5301,,141.3,,379.4
9507,20.5323,,141.2,,379.4
9508,20.5345,,141.1,,379.4
9509,20.5366,,141,,379.4
9510,20.5389,,141,,379.4
9511,20.5411,,141,,379.4
9512,20.5434,,141,,379.4
9513,20.5456,,141,,379.4
9514,20.5479,,141,,379.4
9515,20.5501,,141,,379.4
9516,20.5524,,141,,379.4
9517,20.5546,,141,,379.4
9518,20.5569,,141,,379.4
9519,20.559,,141.1,,379.4
9520,20.5612,,141.2,,379.4
9521,20.5633,,141.3,,379.4
9522,20.5655,,141.4,,379.4
9523,20.5676,,141.5,,379.4
9524,20.5698,,141.6,,379.4
9525,20.5719,,141.7,,379.4
9526,20.574,,141.8,,379.4
9527,20.5762,,141.9,,379.4
9528,20.5783,,142,,379.4
9529,20.5805,,142,,379.44
9530,20.5826,,142,,379.48
9531,20.5848,,142,,379.52
9532,20.5869,,142,,379.56
9533,20.589,,142,,379.6
9534,20.5912,,142,,379.64
9535,20.5933,,142,,379.68
9536,20.5954,,142,,379.72
9537,20.5976,,142,,379.76
9538,20.5997,,142,,379.8
9539,20.6018,,141.9,,379.84
9540,20.604,,141.8,,379.88
9541,20.6061,,141.7,,379.92
9542,20.6082,,141.6,,379.96
9543,20.6104,,141.5,,380
9544,20.6125,,141.4,,380.04
9545,20.6146,,141.3,,380.08
9546,20.6167,,141.2,,380.12
9547,20.6189,,141.1,,380.16
9548,20.621,,141,,380.2
9549,20.6231,,141,,380.22
9550,20.6252,,141,,380.24
9551,20.6273,,141,,380.26
9552,20.6294,,141,,380.28
9553,20.6316,,141,,380.3
9554,20.6337,,141,,380.32
9555,20.6358,,141,,380.34
9556,20.6379,,141,,380.36
9557,20.64,,141,,380.38
9558,20.6421,,141,,380.4
9559,20.6442,,141,,380.46
9560,20.6463,,141,,380.52
9561,20.6485,,141,,380.58
9562,20.6506,,141,,380.64
9563,20.6527,,141,,380.7
9564,20.6548,,141,,380.76
9565,20.6569,,141,,380.82
9566,20.6591,,141,,380.88
9567,20.6612,,141,,380.94
9568,20.6633,,141,,381
9569,20.6654,,141.167,,381.033
9570,20.6675,,141.333,,381.067
9571,20.6697,,141.5,,381.1
9572,20.6718,,141.667,,381.133
9573,20.6739,,141.833,,381.167
9574,20.676,,142,,381.2
9575,20.6782,,142.1,,381.24
9576,20.6804,,142.2,,381.28
9577,20.6826,,142.3,,381.32
9578,20.6848,,142.4,,381.36
9579,20.687,,142.5,,381.4
9580,20.6892,,142.6,,381.44
9581,20.6914,,142.7,,381.48
9582,20.6936,,142.8,,381.52
9583,20.6958,,142.9,,381.56
9584,20.698,,143,,381.6
9585,20.7001,,143.1,,381.64
9586,20.7023,,143.2,,381.68
9587,20.7044,,143.3,,381.72
9588,20.7065,,143.4,,381.76
9589,20.7086,,143.5,,381.8
9590,20.7107,,143.6,,381.84
9591,20.7128,,143.7,,381.88
9592,20.7149,,143.8,,381.92
9593,20.717,,143.9,,381.96
9594,20.7191,,144,,382
9595,20.7212,,143.875,,382.025
9596,20.7232,,143.75,,382.05
9597,20.7253,,143.625,,382.075
9598,20.7273,,143.5,,382.1
9599,20.7294,,143.375,,382.125
9600,20.7314,,143.25,,382.15
9601,20.7335,,143.125,,382.175
9602,20.7355,,143,,382.2
9603,20.7377,,143,,382.24
9604,20.7399,,143,,382.28
9605,20.742,,143,,382.32
9606,20.7442,,143,,382.36
9607,20.7464,,143,,382.4
9608,20.7485,,143,,382.44
9609,20.7507,,143,,382.48
9610,20.7529,,143,,382.52
9611,20.755,,143,,382.56
9612,20.7572,,143,,382.6
9613,20.7593,,143,,382.64
9614,20.7615,,143,,382.68
9615,20.7636,,143,,382.72
9616,20.7657,,143,,382.76
9617,20.7678,,143,,382.8
9618,20.7699,,143,,382.84
9619,20.7721,,143,,382.88
9620,20.7742,,143,,382.92
9621,20.7763,,143,,382.96
9622,20.7784,,143,,383
9623,20.7804,,142.875,,383.025
9624,20.7824,,142.75,,383.05
9625,20.7844,,142.625,,383.075
9626,20.7864,,142.5,,383.1
9627,20.7884,,142.375,,383.125
9628,20.7904,,142.25,,383.15
9629,20.7924,,142.125,,383.175
9630,20.7944,,142,,383.2
9631,20.7966,,141.889,,383.244
9632,20.7989,,141.778,,383.289
9633,20.8011,,141.667,,383.333
9634,20.8034,,141.556,,383.378
9635,20.8056,,141.444,,383.422
9636,20.8078,,141.333,,383.467
9637,20.8101,,141.222,,383.511
9638,20.8123,,141.111,,383.556
9639,20.8146,,141,,383.6
9640,20.8168,,141.111,,383.6
9641,20.8191,,141.222,,383.6
9642,20.8214,,141.333,,383.6
9643,20.8236,,141.444,,383.6
9644,20.8259,,141.556,,383.6
9645,20.8282,,141.667,,383.6
9646,20.8304,,141.778,,383.6
9647,20.8327,,141.889,,383.6
9648,20.835,,142,,383.6
9649,20.8372,,141.625,,383.6
9650,20.8395,,141.25,,383.6
9651,20.8417,,140.875,,383.6
9652,20.844,,140.5,,383.6
9653,20.8462,,140.125,,383.6
9654,20.8485,,139.75,,383.6
9655,20.8507,,139.375,,383.6
9656,20.8529,,139,,383.6
9657,20.8552,,139,,383.62
9658,20.8574,,139,,383.64
9659,20.8597,,139,,383.66
9660,20.8619,,139,,383.68
9661,20.8642,,139,,383.7
9662,20.8664,,139,,383.72
9663,20.8686,,139,,383.74
9664,20.8709,,139,,383.76
9665,20.8731,,139,,383.78
9666,20.8754,,139,,383.8
9667,20.8777,,139,,383.8
9668,20.8799,,139,,383.8
9669,20.8822,,139,,383.8
9670,20.8845,,139,,383.8
9671,20.8868,,139,,383.8
9672,20.8891,,139,,383.8
9673,20.8914,,139,,383.8
9674,20.8937,,139,,383.8
9675,20.896,,139,,383.8
9676,20.8982,,139.222,,383.778
9677,20.9005,,139.444,,383.756
9678,20.9027,,139.667,,383.733
9679,20.9049,,139.889,,383.711
9680,20.9071,,140.111,,383.689
9681,20.9093,,140.333,,383.667
9682,20.9116,,140.556,,383.644
9683,20.9138,,140.778,,383.622
9684,20.916,,141,,383.6
9685,20.9183,,141.111,,383.578
9686,20.9206,,141.222,,383.556
9687,20.9228,,141.333,,383.533
9688,20.9251,,141.444,,383.511
9689,20.9274,,141.556,,383.489
9690,20.9297,,141.667,,383.467
9691,20.9319,,141.778,,383.444
9692,20.9342,,141.889,,383.422
9693,20.9365,,142,,383.4
9694,20.9387,,141.889,,383.356
9695,20.941,,141.778,,383.311
9696,20.9432,,141.667,,383.267
9697,20.9454,,141.556,,383.222
9698,20.9477,,141.444,,383.178
9699,20.9499,,141.333,,383.133
9700,20.9522,,141.222,,383.089
9701,20.9544,,141.111,,383.044
9702,20.9567,,141,,383
9703,20.9588,,141,,382.98
9704,20.961,,141,,382.96
9705,20.9632,,141,,382.94
9706,20.9654,,141,,382.92
9707,20.9676,,141,,382.9
9708,20.9697,,141,,382.88
9709,20.9719,,141,,382.86
9710,20.9741,,141,,382.84
9711,20.9763,,141,,382.82
9712,20.9785,,141,,382.8
9713,20.9806,,141,,382.8
9714,20.9828,,141,,382.8
9715,20.9849,,141,,382.8
9716,20.9871,,141,,382.8
9717,20.9892,,141,,382.8
9718,20.9913,,141,,382.8
9719,20.9935,,141,,382.8
9720,20.9956,,141,,382.8
9721,20.9978,,141,,382.8
9722,20.9999,,140.9,,382.78
9723,21.002,,140.8,,382.76
9724,21.0041,,140.7,,382.74
9725,21.0062,,140.6,,382.72
9726,21.0084,,140.5,,382.7
9727,21.0105,,140.4,,382.68
9728,21.0126,,140.3,,382.66
9729,21.0147,,140.2,,382.64
9730,21.0168,,140.1,,382.62
9731,21.0189,,140,,382.6
9732,21.0211,,140,,382.58
9733,21.0233,,140,,382.56
9734,21.0255,,140,,382.54
9735,21.0277,,140,,382.52
9736,21.0299,,140,,382.5
9737,21.0321,,140,,382.48
9738,21.0342,,140,,382.46
9739,21.0364,,140,,382.44
9740,21.0386,,140,,382.42
9741,21.0408,,140,,382.4
9742,21.043,,140.1,,382.4
9743,21.0452,,140.2,,382.4
9744,21.0474,,140.3,,382.4
9745,21.0495,,140.4,,382.4
9746,21.0517,,140.5,,382.4
9747,21.0539,,140.6,,382.4
9748,21.0561,,140.7,,382.4
9749,21.0583,,140.8,,382.4
9750,21.0605,,140.9,,382.4
9751,21.0626,,141,,382.4
9752,21.0648,,140.9,,382.38
9753,21.0669,,140.8,,382.36
9754,21.0691,,140.7,,382.34
9755,21.0712,,140.6,,382.32
9756,21.0733,,140.5,,382.3
9757,21.0755,,140.4,,382.28
9758,21.0776,,140.3,,382.26
9759,21.0797,,140.2,,382.24
9760,21.0819,,140.1,,382.22
9761,21.084,,140,,382.2
9762,21.0862,,140.111,,382.2
9763,21.0885,,140.222,,382.2
9764,21.0907,,140.333,,382.2
9765,21.093,,140.444,,382.2
9766,21.0952,,140.556,,382.2
9767,21.0975,,140.667,,382.2
9768,21.0997,,140.778,,382.2
9769,21.1019,,140.889,,382.2
9770,21.1042,,141,,382.2
9771,21.1063,,141,,382.2
9772,21.1085,,141,,382.2
9773,21.1106,,141,,382.2
9774,21.1127,,141,,382.2
9775,21.1149,,141,,382.2
9776,21.117,,141,,382.2
9777,21.1192,,141,,382.2
9778,21.1213,,141,,382.2
9779,21.1234,,141,,382.2
9780,21.1256,,141,,382.2
9781,21.1278,,141.1,,382.22
9782,21.1299,,141.2,,382.24
9783,21.1321,,141.3,,382.26
9784,21.1343,,141.4,,382.28
9785,21.1365,,141.5,,382.3
9786,21.1386,,141.6,,382.32
9787,21.1408,,141.7,,382.34
9788,21.143,,141.8,,382.36
9789,21.1452,,141.9,,382.38
9790,21.1473,,142,,382.4
9791,21.1495,,142.1,,382.44
9792,21.1517,,142.2,,382.48
9793,21.1538,,142.3,,382.52
9794,21.156,,142.4,,382.56
9795,21.1581,,142.5,,382.6
9796,21.1603,,142.6,,382.64
9797,21.1625,,142.7,,382.68
9798,21.1646,,142.8,,382.72
9799,21.1668,,142.9,,382.76
9800,21.1689,,143,,382.8
9801,21.171,,142.9,,382.84
9802,21.1731,,142.8,,382.88
9803,21.1752,,142.7,,382.92
9804,21.1773,,142.6,,382.96
9805,21.1793,,142.5,,383
9806,21.1814,,142.4,,383.04
9807,21.1835,,142.3,,383.08
9808,21.1856,,142.2,,383.12
9809,21.1877,,142.1,,383.16
9810,21.1897,,142,,383.2
9811,21.1917,,141.75,,383.2
9812,21.1938,,141.5,,383.2
9813,21.1958,,141.25,,383.2
9814,21.1978,,141,,383.2
9815,21.1999,,141,,383.22
9816,21.202,,141,,383.24
9817,21.2042,,141,,383.26
9818,21.2063,,141,,383.28
9819,21.2084,,141,,383.3
9820,21.2105,,141,,383.32
9821,21.2126,,141,,383.34
9822,21.2148,,141,,383.36
9823,21.2169,,141,,383.38
9824,21.219,,141,,383.4
9825,21.2213,,141,,383.378
9826,21.2236,,141,,383.356
9827,21.2259,,141,,383.333
9828,21.2282,,141,,383.311
9829,21.2305,,141,,383.289
9830,21.2328,,141,,383.267
9831,21.2351,,141,,383.244
9832,21.2374,,141,,383.222
9833,21.2397,,141,,383.2
9834,21.242,,141,,383.156
9835,21.2443,,141,,383.111
9836,21.2466,,141,,383.067
9837,21.2489,,141,,383.022
9838,21.2513,,141,,382.978
9839,21.2536,,141,,382.933
9840,21.2559,,141,,382.889
9841,21.2582,,141,,382.844
9842,21.2605,,141,,382.8
9843,21.2628,,140.889,,382.756
9844,21.265,,140.778,,382.711
9845,21.2673,,140.667,,382.667
9846,21.2695,,140.556,,382.622
9847,21.2718,,140.444,,382.578
9848,21.2741,,140.333,,382.533
9849,21.2763,,140.222,,382.489
9850,21.2786,,140.111,,382.444
9851,21.2808,,140,,382.4
9852,21.283,,140.111,,382.378
9853,21.2851,,140.222,,382.356
9854,21.2873,,140.333,,382.333
9855,21.2894,,140.444,,382.311
9856,21.2916,,140.556,,382.289
9857,21.2937,,140.667,,382.267
9858,21.2959,,140.778,,382.244
9859,21.298,,140.889,,382.222
9860,21.3001,,141,,382.2
9861,21.3023,,140.9,,382.18
9862,21.3045,,140.8,,382.16
9863,21.3067,,140.7,,382.14
9864,21.3089,,140.6,,382.12
9865,21.311,,140.5,,382.1
9866,21.3132,,140.4,,382.08
9867,21.3154,,140.3,,382.06
9868,21.3176,,140.2,,382.04
9869,21.3197,,140.1,,382.02
9870,21.3219,,140,,382
9871,21.3241,,140,,382
9872,21.3262,,140,,382
9873,21.3283,,140,,382
9874,21.3305,,140,,382
9875,21.3326,,140,,382
9876,21.3347,,140,,382
9877,21.3369,,140,,382
9878,21.339,,140,,382
9879,21.3411,,140,,382
9880,21.3433,,140,,382
9881,21.3454,,140.1,,382
9882,21.3476,,140.2,,382
9883,21.3498,,140.3,,382
9884,21.352,,140.4,,382
9885,21.3542,,140.5,,382
9886,21.3563,,140.6,,382
9887,21.3585,,140.7,,382
9888,21.3607,,140.8,,382
9889,21.3629,,140.9,,382
9890,21.3651,,141,,382
9891,21.3672,,141,,382.02
9892,21.3694,,141,,382.04
9893,21.3716,,141,,382.06
9894,21.3737,,141,,382.08
9895,21.3759,,141,,382.1
9896,21.378,,141,,382.12
9897,21.3802,,141,,382.14
9898,21.3824,,141,,382.16
9899,21.3845,,141,,382.18
9900,21.3867,,141,,382.2
9901,21.3889,,140.889,,382.2
9902,21.3911,,140.778,,382.2
9903,21.3934,,140.667,,382.2
9904,21.3956,,140.556,,382.2
9905,21.3978,,140.444,,382.2
9906,21.4,,140.333,,382.2
9907,21.4023,,140.222,,382.2
9908,21.4045,,140.111,,382.2
9909,21.4067,,140,,382.2
9910,21.4089,,140.1,,382.18
9911,21.411,,140.2,,382.16
9912,21.4132,,140.3,,382.14
9913,21.4153,,140.4,,382.12
9914,21.4175,,140.5,,382.1
9915,21.4196,,140.6,,382.08
9916,21.4218,,140.7,,382.06
9917,21.4239,,140.8,,382.04
9918,21.4261,,140.9,,382.02
9919,21.4283,,141,,382
9920,21.4304,,140.9,,382
9921,21.4324,,140.8,,382
9922,21.4345,,140.7,,382
9923,21.4366,,140.6,,382
9924,21.4387,,140.5,,382
9925,21.4408,,140.4,,382
9926,21.4429,,140.3,,382
9927,21.445,,140.2,,382
9928,21.4471,,140.1,,382
9929,21.4492,,140,,382
9930,21.4513,,139.9,,381.96
9931,21.4535,,139.8,,381.92
9932,21.4557,,139.7,,381.88
9933,21.4579,,139.6,,381.84
9934,21.46,,139.5,,381.8
9935,21.4622,,139.4,,381.76
9936,21.4644,,139.3,,381.72
9937,21.4666,,139.2,,381.68
9938,21.4687,,139.1,,381.64
9939,21.4709,,139,,381.6
9940,21.4731,,138.9,,381.58
9941,21.4753,,138.8,,381.56
9942,21.4775,,138.7,,381.54
9943,21.4796,,138.6,,381.52
9944,21.4818,,138.5,,381.5
9945,21.484,,138.4,,381.48
9946,21.4862,,138.3,,381.46
9947,21.4884,,138.2,,381.44
9948,21.4905,,138.1,,381.42
9949,21.4927,,138,,381.4
9950,21.4949,,138,,381.4
9951,21.497,,138,,381.4
9952,21.4992,,138,,381.4
9953,21.5013,,138,,381.4
9954,21.5034,,138,,381.4
9955,21.5056,,138,,381.4
9956,21.5077,,138,,381.4
9957,21.5099,,138,,381.4
9958,21.512,,138,,381.4
9959,21.5141,,138,,381.4
9960,21.5164,,138.222,,381.4
9961,21.5187,,138.444,,381.4
9962,21.521,,138.667,,381.4
9963,21.5232,,138.889,,381.4
9964,21.5255,,139.111,,381.4
9965,21.5278,,139.333,,381.4
9966,21.53,,139.556,,381.4
9967,21.5323,,139.778,,381.4
9968,21.5346,,140,,381.4
9969,21.5366,,139.9,,381.4
9970,21.5387,,139.8,,381.4
9971,21.5408,,139.7,,381.4
9972,21.5428,,139.6,,381.4
9973,21.5449,,139.5,,381.4
9974,21.547,,139.4,,381.4
9975,21.549,,139.3,,381.4
9976,21.5511,,139.2,,381.4
9977,21.5532,,139.1,,381.4
9978,21.5552,,139,,381.4
9979,21.5574,,139.1,,381.4
9980,21.5595,,139.2,,381.4
9981,21.5617,,139.3,,381.4
9982,21.5638,,139.4,,381.4
9983,21.566,,139.5,,381.4
9984,21.5681,,139.6,,381.4
9985,21.5703,,139.7,,381.4
9986,21.5724,,139.8,,381.4
9987,21.5745,,139.9,,381.4
9988,21.5767,,140,,381.4
9989,21.5789,,140,,381.42
9990,21.581,,140,,381.44
9991,21.5832,,140,,381.46
9992,21.5854,,140,,381.48
9993,21.5876,,140,,381.5
9994,21.5898,,140,,381.52
9995,21.5919,,140,,381.54
9996,21.5941,,140,,381.56
9997,21.5963,,140,,381.58
9998,21.5985,,140,,381.6
9999,21.6006,,140,,381.64
10000,21.6028,,140,,381.68
10001,21.6049,,140,,381.72
10002,21.6071,,140,,381.76
10003,21.6092,,140,,381.8
10004,21.6113,,140,,381.84
10005,21.6135,,140,,381.88
10006,21.6156,,140,,381.92
10007,21.6178,,140,,381.96
10008,21.6199,,140,,382
10009,21.622,,140.1,,382.02
10010,21.6241,,140.2,,382.04
10011,21.6262,,140.3,,382.06
10012,21.6283,,140.4,,382.08
10013,21.6304,,140.5,,382.1
10014,21.6325,,140.6,,382.12
10015,21.6347,,140.7,,382.14
10016,21.6368,,140.8,,382.16
10017,21.6389,,140.9,,382.18
10018,21.641,,141,,382.2
10019,21.6431,,141.1,,382.18
10020,21.6453,,141.2,,382.16
10021,21.6475,,141.3,,382.14
10022,21.6496,,141.4,,382.12
10023,21.6518,,141.5,,382.1
10024,21.654,,141.6,,382.08
10025,21.6561,,141.7,,382.06
10026,21.6583,,141.8,,382.04
10027,21.6605,,141.9,,382.02
10028,21.6626,,142,,382
10029,21.6648,,141.9,,382
10030,21.667,,141.8,,382
10031,21.6691,,141.7,,382
10032,21.6713,,141.6,,382
10033,21.6735,,141.5,,382
10034,21.6757,,141.4,,382
10035,21.6778,,141.3,,382
10036,21.68,,141.2,,382
10037,21.6822,,141.1,,382
10038,21.6843,,141,,382
10039,21.6866,,141,,381.956
10040,21.6888,,141,,381.911
10041,21.6911,,141,,381.867
10042,21.6934,,141,,381.822
10043,21.6956,,141,,381.778
10044,21.6979,,141,,381.733
10045,21.7001,,141,,381.689
10046,21.7024,,141,,381.644
10047,21.7046,,141,,381.6
10048,21.7067,,140.9,,381.58
10049,21.7088,,140.8,,381.56
10050,21.7108,,140.7,,381.54
10051,21.7129,,140.6,,381.52
10052,21.715,,140.5,,381.5
10053,21.717,,140.4,,381.48
10054,21.7191,,140.3,,381.46
10055,21.7212,,140.2,,381.44
10056,21.7233,,140.1,,381.42
10057,21.7253,,140,,381.4
10058,21.7274,,139.9,,381.4
10059,21.7295,,139.8,,381.4
10060,21.7316,,139.7,,381.4
10061,21.7337,,139.6,,381.4
10062,21.7358,,139.5,,381.4
10063,21.7379,,139.4,,381.4
10064,21.74,,139.3,,381.4
10065,21.7421,,139.2,,381.4
10066,21.7442,,139.1,,381.4
10067,21.7463,,139,,381.4
10068,21.7485,,139,,381.42
10069,21.7507,,139,,381.44
10070,21.7529,,139,,381.46
10071,21.755,,139,,381.48
10072,21.7572,,139,,381.5
10073,21.7594,,139,,381.52
10074,21.7616,,139,,381.54
10075,21.7638,,139,,381.56
10076,21.766,,139,,381.58
10077,21.7681,,139,,381.6
10078,21.7703,,138.8,,381.6
10079,21.7725,,138.6,,381.6
10080,21.7747,,138.4,,381.6
10081,21.7768,,138.2,,381.6
10082,21.779,,138,,381.6
10083,21.7812,,137.8,,381.6
10084,21.7833,,137.6,,381.6
10085,21.7855,,137.4,,381.6
10086,21.7877,,137.2,,381.6
10087,21.7898,,137,,381.6
10088,21.7919,,136.8,,381.62
10089,21.794,,136.6,,381.64
10090,21.7961,,136.4,,381.66
10091,21.7982,,136.2,,381.68
10092,21.8002,,136,,381.7
10093,21.8023,,135.8,,381.72
10094,21.8044,,135.6,,381.74
10095,21.8065,,135.4,,381.76
10096,21.8086,,135.2,,381.78
10097,21.8107,,135,,381.8
10098,21.8129,,135,,381.8
10099,21.8152,,135,,381.8
10100,21.8175,,135,,381.8
10101,21.8198,,135,,381.8
10102,21.822,,135,,381.8
10103,21.8243,,135,,381.8
10104,21.8266,,135,,381.8
10105,21.8289,,135,,381.8
10106,21.8311,,135,,381.8
10107,21.8333,,135.2,,381.8
10108,21.8354,,135.4,,381.8
10109,21.8376,,135.6,,381.8
10110,21.8397,,135.8,,381.8
10111,21.8419,,136,,381.8
10112,21.844,,136.2,,381.8
10113,21.8462,,136.4,,381.8
10114,21.8483,,136.6,,381.8
10115,21.8505,,136.8,,381.8
10116,21.8526,,137,,381.8
10117,21.8548,,137,,381.8
10118,21.8569,,137,,381.8
10119,21.859,,137,,381.8
10120,21.8612,,137,,381.8
10121,21.8633,,137,,381.8
10122,21.8654,,137,,381.8
10123,21.8676,,137,,381.8
10124,21.8697,,137,,381.8
10125,21.8718,,137,,381.8
10126,21.874,,137,,381.8
10127,21.8761,,137.1,,381.8
10128,21.8782,,137.2,,381.8
10129,21.8804,,137.3,,381.8
10130,21.8825,,137.4,,381.8
10131,21.8846,,137.5,,381.8
10132,21.8867,,137.6,,381.8
10133,21.8889,,137.7,,381.8
10134,21.891,,137.8,,381.8
10135,21.8931,,137.9,,381.8
10136,21.8952,,138,,381.8
10137,21.8974,,138,,381.8
10138,21.8996,,138,,381.8
10139,21.9018,,138,,381.8
10140,21.9039,,138,,381.8
10141,21.9061,,138,,381.8
10142,21.9083,,138,,381.8
10143,21.9104,,138,,381.8
10144,21.9126,,138,,381.8
10145,21.9148,,138,,381.8
10146,21.9169,,138,,381.8
10147,21.919,,138,,381.78
10148,21.921,,138,,381.76
10149,21.9231,,138,,381.74
10150,21.9251,,138,,381.72
10151,21.9272,,138,,381.7
10152,21.9292,,138,,381.68
10153,21.9313,,138,,381.66
10154,21.9333,,138,,381.64
10155,21.9354,,138,,381.62
10156,21.9374,,138,,381.6
10157,21.9398,,138.111,,381.622
10158,21.9421,,138.222,,381.644
10159,21.9444,,138.333,,381.667
10160,21.9467,,138.444,,381.689
10161,21.949,,138.556,,381.711
10162,21.9513,,138.667,,381.733
10163,21.9537,,138.778,,381.756
10164,21.956,,138.889,,381.778
10165,21.9583,,139,,381.8
10166,21.9605,,139,,381.78
10167,21.9627,,139,,381.76
10168,21.965,,139,,381.74
10169,21.9672,,139,,381.72
10170,21.9694,,139,,381.7
10171,21.9717,,139,,381.68
10172,21.9739,,139,,381.66
10173,21.9761,,139,,381.64
10174,21.9784,,139,,381.62
10175,21.9806,,139,,381.6
10176,21.9829,,139,,381.575
10177,21.9851,,139,,381.55
10178,21.9874,,139,,381.525
10179,21.9896,,139,,381.5
10180,21.9919,,139,,381.475
10181,21.9942,,139,,381.45
10182,21.9964,,139,,381.425
10183,21.9987,,139,,381.4
10184,22.0008,,139,,381.4
10185,22.003,,139,,381.4
10186,22.0052,,139,,381.4
10187,22.0074,,139,,381.4
10188,22.0095,,139,,381.4
10189,22.0117,,139,,381.4
10190,22.0139,,139,,381.4
10191,22.0161,,139,,381.4
10192,22.0182,,139,,381.4
10193,22.0204,,139,,381.4
10194,22.0226,,139,,381.38
10195,22.0248,,139,,381.36
10196,22.0269,,139,,381.34
10197,22.0291,,139,,381.32
10198,22.0313,,139,,381.3
10199,22.0335,,139,,381.28
10200,22.0356,,139,,381.26
10201,22.0378,,139,,381.24
10202,22.04,,139,,381.22
10203,22.0422,,139,,381.2
10204,22.0444,,138.571,,381.171
10205,22.0466,,138.143,,381.143
10206,22.0489,,137.714,,381.114
10207,22.0511,,137.286,,381.086
10208,22.0533,,136.857,,381.057
10209,22.0555,,136.429,,381.029
10210,22.0578,,136,,381
10211,22.0599,,136.1,,380.98
10212,22.0619,,136.2,,380.96
10213,22.064,,136.3,,380.94
10214,22.0661,,136.4,,380.92
10215,22.0682,,136.5,,380.9
10216,22.0703,,136.6,,380.88
10217,22.0724,,136.7,,380.86
10218,22.0745,,136.8,,380.84
10219,22.0766,,136.9,,380.82
10220,22.0786,,137,,380.8
10221,22.0808,,137.3,,380.8
10222,22.0829,,137.6,,380.8
10223,22.085,,137.9,,380.8
10224,22.0871,,138.2,,380.8
10225,22.0892,,138.5,,380.8
10226,22.0913,,138.8,,380.8
10227,22.0935,,139.1,,380.8
10228,22.0956,,139.4,,380.8
10229,22.0977,,139.7,,380.8
10230,22.0998,,140,,380.8
10231,22.1019,,140,,380.8
10232,22.104,,140,,380.8
10233,22.1061,,140,,380.8
10234,22.1082,,140,,380.8
10235,22.1104,,140,,380.8
10236,22.1125,,140,,380.8
10237,22.1146,,140,,380.8
10238,22.1167,,140,,380.8
10239,22.1188,,140,,380.8
10240,22.1209,,140,,380.8
10241,22.1231,,139.9,,380.84
10242,22.1253,,139.8,,380.88
10243,22.1275,,139.7,,380.92
10244,22.1297,,139.6,,380.96
10245,22.1319,,139.5,,381
10246,22.1341,,139.4,,381.04
10247,22.1363,,139.3,,381.08
10248,22.1385,,139.2,,381.12
10249,22.1407,,139.1,,381.16
10250,22.1429,,139,,381.2
10251,22.1451,,139,,381.2
10252,22.1472,,139,,381.2
10253,22.1494,,139,,381.2
10254,22.1516,,139,,381.2
10255,22.1537,,139,,381.2
10256,22.1559,,139,,381.2
10257,22.1581,,139,,381.2
10258,22.1602,,139,,381.2
10259,22.1624,,139,,381.2
10260,22.1646,,139,,381.2
10261,22.1667,,138.9,,381.2
10262,22.1689,,138.8,,381.2
10263,22.171,,138.7,,381.2
10264,22.1732,,138.6,,381.2
10265,22.1753,,138.5,,381.2
10266,22.1775,,138.4,,381.2
10267,22.1796,,138.3,,381.2
10268,22.1818,,138.2,,381.2
10269,22.1839,,138.1,,381.2
10270,22.1861,,138,,381.2
10271,22.1882,,138.1,,381.2
10272,22.1903,,138.2,,381.2
10273,22.1924,,138.3,,381.2
10274,22.1945,,138.4,,381.2
10275,22.1966,,138.5,,381.2
10276,22.1987,,138.6,,381.2
10277,22.2008,,138.7,,381.2
10278,22.2029,,138.8,,381.2
10279,22.205,,138.9,,381.2
10280,22.2071,,139,,381.2
10281,22.2094,,139.111,,381.2
10282,22.2116,,139.222,,381.2
10283,22.2138,,139.333,,381.2
10284,22.2161,,139.444,,381.2
10285,22.2183,,139.556,,381.2
10286,22.2205,,139.667,,381.2
10287,22.2228,,139.778,,381.2
10288,22.225,,139.889,,381.2
10289,22.2272,,140,,381.2
10290,22.2293,,140.1,,381.22
10291,22.2315,,140.2,,381.24
10292,22.2336,,140.3,,381.26
10293,22.2357,,140.4,,381.28
10294,22.2378,,140.5,,381.3
10295,22.2399,,140.6,,381.32
10296,22.2421,,140.7,,381.34
10297,22.2442,,140.8,,381.36
10298,22.2463,,140.9,,381.38
10299,22.2484,,141,,381.4
10300,22.2505,,140.9,,381.42
10301,22.2525,,140.8,,381.44
10302,22.2546,,140.7,,381.46
10303,22.2567,,140.6,,381.48
10304,22.2587,,140.5,,381.5
10305,22.2608,,140.4,,381.52
10306,22.2628,,140.3,,381.54
10307,22.2649,,140.2,,381.56
10308,22.267,,140.1,,381.58
10309,22.269,,140,,381.6
10310,22.2711,,140.1,,381.62
10311,22.2733,,140.2,,381.64
10312,22.2754,,140.3,,381.66
10313,22.2775,,140.4,,381.68
10314,22.2797,,140.5,,381.7
10315,22.2818,,140.6,,381.72
10316,22.2839,,140.7,,381.74
10317,22.286,,140.8,,381.76
10318,22.2882,,140.9,,381.78
10319,22.2903,,141,,381.8
10320,22.2925,,141,,381.84
10321,22.2947,,141,,381.88
10322,22.2969,,141,,381.92
10323,22.2991,,141,,381.96
10324,22.3013,,141,,382
10325,22.3035,,141,,382.04
10326,22.3057,,141,,382.08
10327,22.3079,,141,,382.12
10328,22.3101,,141,,382.16
10329,22.3123,,141,,382.2
10330,22.3145,,141.25,,382.2
10331,22.3168,,141.5,,382.2
10332,22.319,,141.75,,382.2
10333,22.3213,,142,,382.2
10334,22.3234,,142,,382.2
10335,22.3255,,142,,382.2
10336,22.3277,,142,,382.2
10337,22.3298,,142,,382.2
10338,22.3319,,142,,382.2
10339,22.334,,142,,382.2
10340,22.3362,,142,,382.2
10341,22.3383,,142,,382.2
10342,22.3404,,142,,382.2
10343,22.3426,,142,,382.2
10344,22.3446,,142,,382.22
10345,22.3467,,142,,382.24
10346,22.3487,,142,,382.26
10347,22.3507,,142,,382.28
10348,22.3528,,142,,382.3
10349,22.3548,,142,,382.32
10350,22.3569,,142,,382.34
10351,22.3589,,142,,382.36
10352,22.361,,142,,382.38
10353,22.363,,142,,382.4
10354,22.3653,,142,,382.4
10355,22.3675,,142,,382.4
10356,22.3698,,142,,382.4
10357,22.3721,,142,,382.4
10358,22.3744,,142,,382.4
10359,22.3766,,142,,382.4
10360,22.3789,,142,,382.4
10361,22.3812,,142,,382.4
10362,22.3835,,142,,382.4
10363,22.3856,,142,,382.38
10364,22.3878,,142,,382.36
10365,22.39,,142,,382.34
10366,22.3922,,142,,382.32
10367,22.3944,,142,,382.3
10368,22.3966,,142,,382.28
10369,22.3987,,142,,382.26
10370,22.4009,,142,,382.24
10371,22.4031,,142,,382.22
10372,22.4053,,142,,382.2
10373,22.4075,,142,,382.2
10374,22.4096,,142,,382.2
10375,22.4118,,142,,382.2
10376,22.4139,,142,,382.2
10377,22.4161,,142,,382.2
10378,22.4183,,142,,382.2
10379,22.4204,,142,,382.2
10380,22.4226,,142,,382.2
10381,22.4247,,142,,382.2
10382,22.4269,,142,,382.2
10383,22.4291,,141.9,,382.2
10384,22.4312,,141.8,,382.2
10385,22.4334,,141.7,,382.2
10386,22.4356,,141.6,,382.2
10387,22.4377,,141.5,,382.2
10388,22.4399,,141.4,,382.2
10389,22.4421,,141.3,,382.2
10390,22.4442,,141.2,,382.2
10391,22.4464,,141.1,,382.2
10392,22.4486,,141,,382.2
10393,22.4507,,141.1,,382.18
10394,22.4528,,141.2,,382.16
10395,22.4549,,141.3,,382.14
10396,22.457,,141.4,,382.12
10397,22.4591,,141.5,,382.1
10398,22.4612,,141.6,,382.08
10399,22.4633,,141.7,,382.06
10400,22.4654,,141.8,,382.04
10401,22.4676,,141.9,,382.02
10402,22.4697,,142,,382
10403,22.4718,,141.9,,381.98
10404,22.474,,141.8,,381.96
10405,22.4761,,141.7,,381.94
10406,22.4783,,141.6,,381.92
10407,22.4804,,141.5,,381.9
10408,22.4826,,141.4,,381.88
10409,22.4847,,141.3,,381.86
10410,22.4869,,141.2,,381.84
10411,22.489,,141.1,,381.82
10412,22.4912,,141,,381.8
10413,22.4934,,141,,381.8
10414,22.4956,,141,,381.8
10415,22.4978,,141,,381.8
10416,22.5,,141,,381.8
10417,22.5022,,141,,381.8
10418,22.5044,,141,,381.8
10419,22.5066,,141,,381.8
10420,22.5088,,141,,381.8
10421,22.511,,141,,381.8
10422,22.5131,,141,,381.8
10423,22.5154,,141.1,,381.8
10424,22.5176,,141.2,,381.8
10425,22.5199,,141.3,,381.8
10426,22.5221,,141.4,,381.8
10427,22.5244,,141.5,,381.8
10428,22.5266,,141.6,,381.8
10429,22.5289,,141.7,,381.8
10430,22.5311,,141.8,,381.8
10431,22.5334,,141.9,,381.8
10432,22.5356,,142,,381.8
10433,22.5378,,141.9,,381.8
10434,22.5399,,141.8,,381.8
10435,22.5421,,141.7,,381.8
10436,22.5443,,141.6,,381.8
10437,22.5464,,141.5,,381.8
10438,22.5486,,141.4,,381.8
10439,22.5508,,141.3,,381.8
10440,22.5529,,141.2,,381.8
10441,22.5551,,141.1,,381.8
10442,22.5573,,141,,381.8
10443,22.5594,,140.9,,381.8
10444,22.5616,,140.8,,381.8
10445,22.5638,,140.7,,381.8
10446,22.566,,140.6,,381.8
10447,22.5682,,140.5,,381.8
10448,22.5703,,140.4,,381.8
10449,22.5725,,140.3,,381.8
10450,22.5747,,140.2,,381.8
10451,22.5769,,140.1,,381.8
10452,22.5791,,140,,381.8
10453,22.5811,,140.1,,381.8
10454,22.5832,,140.2,,381.8
10455,22.5853,,140.3,,381.8
10456,22.5874,,140.4,,381.8
10457,22.5895,,140.5,,381.8
10458,22.5915,,140.6,,381.8
10459,22.5936,,140.7,,381.8
10460,22.5957,,140.8,,381.8
10461,22.5978,,140.9,,381.8
10462,22.5999,,141,,381.8
10463,22.6019,,141,,381.8
10464,22.6038,,141,,381.8
10465,22.6058,,141,,381.8
10466,22.6078,,141,,381.8
10467,22.6098,,141,,381.8
10468,22.6118,,141,,381.8
10469,22.6138,,141,,381.8
10470,22.6158,,141,,381.8
10471,22.6178,,141,,381.8
10472,22.6198,,141,,381.8
10473,22.6218,,141,,381.8
10474,22.6239,,141,,381.8
10475,22.626,,141,,381.8
10476,22.6282,,141,,381.8
10477,22.6303,,141,,381.8
10478,22.6324,,141,,381.8
10479,22.6345,,141,,381.8
10480,22.6367,,141,,381.8
10481,22.6388,,141,,381.8
10482,22.6409,,141,,381.8
10483,22.643,,141,,381.8
10484,22.6452,,140.9,,381.8
10485,22.6474,,140.8,,381.8
10486,22.6496,,140.7,,381.8
10487,22.6517,,140.6,,381.8
10488,22.6539,,140.5,,381.8
10489,22.6561,,140.4,,381.8
10490,22.6583,,140.3,,381.8
10491,22.6605,,140.2,,381.8
10492,22.6626,,140.1,,381.8
10493,22.6648,,140,,381.8
10494,22.6669,,140.2,,381.8
10495,22.669,,140.4,,381.8
10496,22.6711,,140.6,,381.8
10497,22.6732,,140.8,,381.8
10498,22.6753,,141,,381.8
10499,22.6774,,141.2,,381.8
10500,22.6795,,141.4,,381.8
10501,22.6816,,141.6,,381.8
10502,22.6837,,141.8,,381.8
10503,22.6858,,142,,381.8
10504,22.688,,142,,381.8
10505,22.6902,,142,,381.8
10506,22.6925,,142,,381.8
10507,22.6947,,142,,381.8
10508,22.6969,,142,,381.8
10509,22.6991,,142,,381.8
10510,22.7014,,142,,381.8
10511,22.7036,,142,,381.8
10512,22.7058,,142,,381.8
10513,22.7082,,141.889,,381.8
10514,22.7105,,141.778,,381.8
10515,22.7129,,141.667,,381.8
10516,22.7153,,141.556,,381.8
10517,22.7176,,141.444,,381.8
10518,22.72,,141.333,,381.8
10519,22.7223,,141.222,,381.8
10520,22.7247,,141.111,,381.8
10521,22.727,,141,,381.8
10522,22.7292,,140.9,,381.82
10523,22.7314,,140.8,,381.84
10524,22.7335,,140.7,,381.86
10525,22.7357,,140.6,,381.88
10526,22.7379,,140.5,,381.9
10527,22.74,,140.4,,381.92
10528,22.7422,,140.3,,381.94
10529,22.7444,,140.2,,381.96
10530,22.7466,,140.1,,381.98
10531,22.7487,,140,,382
10532,22.7509,,139.9,,382
10533,22.7531,,139.8,,382
10534,22.7553,,139.7,,382
10535,22.7575,,139.6,,382
10536,22.7597,,139.5,,382
10537,22.7619,,139.4,,382
10538,22.7641,,139.3,,382
10539,22.7663,,139.2,,382
10540,22.7685,,139.1,,382
10541,22.7706,,139,,382
10542,22.7728,,139.1,,382
10543,22.7749,,139.2,,382
10544,22.7771,,139.3,,382
10545,22.7792,,139.4,,382
10546,22.7813,,139.5,,382
10547,22.7835,,139.6,,382
10548,22.7856,,139.7,,382
10549,22.7877,,139.8,,382
10550,22.7899,,139.9,,382
10551,22.792,,140,,382
10552,22.7941,,140.1,,382
10553,22.7963,,140.2,,382
10554,22.7984,,140.3,,382
10555,22.8005,,140.4,,382
10556,22.8027,,140.5,,382
10557,22.8048,,140.6,,382
10558,22.8069,,140.7,,382
10559,22.809,,140.8,,382
10560,22.8112,,140.9,,382
10561,22.8133,,141,,382
10562,22.8154,,141.1,,382
10563,22.8176,,141.2,,382
10564,22.8197,,141.3,,382
10565,22.8219,,141.4,,382
10566,22.8241,,141.5,,382
10567,22.8262,,141.6,,382
10568,22.8284,,141.7,,382
10569,22.8305,,141.8,,382
10570,22.8327,,141.9,,382
10571,22.8348,,142,,382
10572,22.8369,,142.1,,382.04
10573,22.839,,142.2,,382.08
10574,22.8411,,142.3,,382.12
10575,22.8432,,142.4,,382.16
10576,22.8453,,142.5,,382.2
10577,22.8474,,142.6,,382.24
10578,22.8494,,142.7,,382.28
10579,22.8515,,142.8,,382.32
10580,22.8536,,142.9,,382.36
10581,22.8557,,143,,382.4
10582,22.8578,,142.8,,382.4
10583,22.8599,,142.6,,382.4
10584,22.8619,,142.4,,382.4
10585,22.864,,142.2,,382.4
10586,22.8661,,142,,382.4
10587,22.8682,,141.8,,382.4
10588,22.8702,,141.6,,382.4
10589,22.8723,,141.4,,382.4
10590,22.8744,,141.2,,382.4
10591,22.8765,,141,,382.4
10592,22.8785,,140.9,,382.44
10593,22.8805,,140.8,,382.48
10594,22.8825,,140.7,,382.52
10595,22.8845,,140.6,,382.56
10596,22.8865,,140.5,,382.6
10597,22.8885,,140.4,,382.64
10598,22.8905,,140.3,,382.68
10599,22.8925,,140.2,,382.72
10600,22.8945,,140.1,,382.76
10601,22.8965,,140,,382.8
10602,22.8984,,139.4,,382.8
10603,22.9002,,138.8,,382.8
10604,22.902,,138.2,,382.8
10605,22.9039,,137.6,,382.8
10606,22.9057,,137,,382.8
10607,22.9077,,137,,382.82
10608,22.9097,,137,,382.84
10609,22.9117,,137,,382.86
10610,22.9137,,137,,382.88
10611,22.9157,,137,,382.9
10612,22.9177,,137,,382.92
10613,22.9198,,137,,382.94
10614,22.9218,,137,,382.96
10615,22.9238,,137,,382.98
10616,22.9258,,137,,383
10617,22.9278,,137.5,,383.033
10618,22.9298,,138,,383.067
10619,22.9318,,138.5,,383.1
10620,22.9338,,139,,383.133
10621,22.9358,,139.5,,383.167
10622,22.9378,,140,,383.2
10623,22.9397,,139.5,,383.3
10624,22.9415,,139,,383.4
10625,22.9438,,139.111,,383.444
10626,22.946,,139.222,,383.489
10627,22.9483,,139.333,,383.533
10628,22.9505,,139.444,,383.578
10629,22.9527,,139.556,,383.622
10630,22.955,,139.667,,383.667
10631,22.9572,,139.778,,383.711
10632,22.9595,,139.889,,383.756
10633,22.9617,,140,,383.8
10634,22.9637,,139.8,,383.8
10635,22.9657,,139.6,,383.8
10636,22.9678,,139.4,,383.8
10637,22.9698,,139.2,,383.8
10638,22.9718,,139,,383.8
10639,22.9738,,138.8,,383.8
10640,22.9758,,138.6,,383.8
10641,22.9778,,138.4,,383.8
10642,22.9799,,138.2,,383.8
10643,22.9819,,138,,383.8
10644,22.984,,138.125,,383.8
10645,22.9861,,138.25,,383.8
10646,22.9883,,138.375,,383.8
10647,22.9904,,138.5,,383.8
10648,22.9925,,138.625,,383.8
10649,22.9947,,138.75,,383.8
10650,22.9968,,138.875,,383.8
10651,22.9989,,139,,383.8
10652,23.001,,139.1,,383.8
10653,23.003,,139.2,,383.8
10654,23.0051,,139.3,,383.8
10655,23.0071,,139.4,,383.8
10656,23.0092,,139.5,,383.8
10657,23.0112,,139.6,,383.8
10658,23.0133,,139.7,,383.8
10659,23.0153,,139.8,,383.8
10660,23.0174,,139.9,,383.8
10661,23.0194,,140,,383.8
10662,23.0216,,140,,383.8
10663,23.0237,,140,,383.8
10664,23.0259,,140,,383.8
10665,23.028,,140,,383.8
10666,23.0302,,140,,383.8
10667,23.0323,,140,,383.8
10668,23.0345,,140,,383.8
10669,23.0366,,140,,383.8
10670,23.0388,,140,,383.8
10671,23.0409,,140,,383.8
10672,23.043,,140,,383.8
10673,23.0451,,140,,383.8
10674,23.0472,,140,,383.8
10675,23.0493,,140,,383.8
10676,23.0514,,140,,383.8
10677,23.0535,,140,,383.8
10678,23.0556,,140,,383.8
10679,23.0576,,140,,383.8
10680,23.0597,,140,,383.8
10681,23.0618,,140,,383.8
10682,23.0641,,140.111,,383.822
10683,23.0664,,140.222,,383.844
10684,23.0687,,140.333,,383.867
10685,23.0709,,140.444,,383.889
10686,23.0732,,140.556,,383.911
10687,23.0755,,140.667,,383.933
10688,23.0778,,140.778,,383.956
10689,23.08,,140.889,,383.978
10690,23.0823,,141,,384
10691,23.0845,,141,,384
10692,23.0867,,141,,384
10693,23.0889,,141,,384
10694,23.0911,,141,,384
10695,23.0933,,141,,384
10696,23.0955,,141,,384
10697,23.0977,,141,,384
10698,23.0999,,141,,384
10699,23.1021,,141,,384
10700,23.1043,,141,,384
10701,23.1065,,141,,384.05
10702,23.1087,,141,,384.1
10703,23.111,,141,,384.15
10704,23.1132,,141,,384.2
10705,23.1154,,141,,384.25
10706,23.1177,,141,,384.3
10707,23.1199,,141,,384.35
10708,23.1221,,141,,384.4
10709,23.1243,,140.9,,384.42
10710,23.1265,,140.8,,384.44
10711,23.1287,,140.7,,384.46
10712,23.1309,,140.6,,384.48
10713,23.133,,140.5,,384.5
10714,23.1352,,140.4,,384.52
10715,23.1374,,140.3,,384.54
10716,23.1396,,140.2,,384.56
10717,23.1418,,140.1,,384.58
10718,23.1439,,140,,384.6
10719,23.1462,,140,,384.622
10720,23.1484,,140,,384.644
10721,23.1506,,140,,384.667
10722,23.1528,,140,,384.689
10723,23.1551,,140,,384.711
10724,23.1573,,140,,384.733
10725,23.1595,,140,,384.756
10726,23.1617,,140,,384.778
10727,23.164,,140,,384.8
10728,23.1663,,140,,384.822
10729,23.1685,,140,,384.844
10730,23.1708,,140,,384.867
10731,23.1731,,140,,384.889
10732,23.1754,,140,,384.911
10733,23.1777,,140,,384.933
10734,23.18,,140,,384.956
10735,23.1823,,140,,384.978
10736,23.1846,,140,,385
10737,23.1869,,140.111,,385.022
10738,23.1892,,140.222,,385.044
10739,23.1914,,140.333,,385.067
10740,23.1937,,140.444,,385.089
10741,23.196,,140.556,,385.111
10742,23.1983,,140.667,,385.133
10743,23.2006,,140.778,,385.156
10744,23.2029,,140.889,,385.178
10745,23.2052,,141,,385.2
10746,23.2075,,141.167,,385.233
10747,23.2098,,141.333,,385.267
10748,23.2121,,141.5,,385.3
10749,23.2144,,141.667,,385.333
10750,23.2167,,141.833,,385.367
10751,23.219,,142,,385.4
10752,23.2212,,141.889,,385.422
10753,23.2235,,141.778,,385.444
10754,23.2257,,141.667,,385.467
10755,23.228,,141.556,,385.489
10756,23.2302,,141.444,,385.511
10757,23.2324,,141.333,,385.533
10758,23.2347,,141.222,,385.556
10759,23.2369,,141.111,,385.578
10760,23.2392,,141,,385.6
10761,23.2413,,141,,385.6
10762,23.2435,,141,,385.6
10763,23.2456,,141,,385.6
10764,23.2477,,141,,385.6
10765,23.2499,,141,,385.6
10766,23.252,,141,,385.6
10767,23.2541,,141,,385.6
10768,23.2563,,141,,385.6
10769,23.2584,,141,,385.6
10770,23.2606,,141,,385.6
10771,23.2628,,140.889,,385.6
10772,23.2651,,140.778,,385.6
10773,23.2674,,140.667,,385.6
10774,23.2697,,140.556,,385.6
10775,23.2719,,140.444,,385.6
10776,23.2742,,140.333,,385.6
10777,23.2765,,140.222,,385.6
10778,23.2788,,140.111,,385.6
10779,23.281,,140,,385.6
10780,23.2832,,140.1,,385.58
10781,23.2854,,140.2,,385.56
10782,23.2876,,140.3,,385.54
10783,23.2898,,140.4,,385.52
10784,23.292,,140.5,,385.5
10785,23.2941,,140.6,,385.48
10786,23.2963,,140.7,,385.46
10787,23.2985,,140.8,,385.44
10788,23.3007,,140.9,,385.42
10789,23.3029,,141,,385.4
10790,23.305,,141,,385.42
10791,23.3072,,141,,385.44
10792,23.3093,,141,,385.46
10793,23.3115,,141,,385.48
10794,23.3136,,141,,385.5
10795,23.3158,,141,,385.52
10796,23.3179,,141,,385.54
10797,23.3201,,141,,385.56
10798,23.3222,,141,,385.58
10799,23.3244,,141,,385.6
10800,23.3265,,141,,385.6
10801,23.3287,,141,,385.6
10802,23.3308,,141,,385.6
10803,23.333,,141,,385.6
10804,23.3352,,141,,385.6
10805,23.3373,,141,,385.6
10806,23.3395,,141,,385.6
10807,23.3416,,141,,385.6
10808,23.3438,,141,,385.6
10809,23.3459,,141,,385.6
10810,23.3481,,141,,385.6
10811,23.3503,,141,,385.6
10812,23.3525,,141,,385.6
10813,23.3546,,141,,385.6
10814,23.3568,,141,,385.6
10815,23.359,,141,,385.6
10816,23.3612,,141,,385.6
10817,23.3633,,141,,385.6
10818,23.3655,,141,,385.6
10819,23.3677,,141,,385.6
10820,23.3699,,140.9,,385.6
10821,23.3721,,140.8,,385.6
10822,23.3743,,140.7,,385.6
10823,23.3765,,140.6,,385.6
10824,23.3787,,140.5,,385.6
10825,23.3809,,140.4,,385.6
10826,23.3831,,140.3,,385.6
10827,23.3853,,140.2,,385.6
10828,23.3875,,140.1,,385.6
10829,23.3897,,140,,385.6
10830,23.3918,,140,,385.58
10831,23.394,,140,,385.56
10832,23.3962,,140,,385.54
10833,23.3983,,140,,385.52
10834,23.4005,,140,,385.5
10835,23.4027,,140,,385.48
10836,23.4048,,140,,385.46
10837,23.407,,140,,385.44
10838,23.4092,,140,,385.42
10839,23.4113,,140,,385.4
10840,23.4135,,140,,385.4
10841,23.4157,,140,,385.4
10842,23.4178,,140,,385.4
10843,23.42,,140,,385.4
10844,23.4221,,140,,385.4
10845,23.4243,,140,,385.4
10846,23.4264,,140,,385.4
10847,23.4286,,140,,385.4
10848,23.4308,,140,,385.4
10849,23.4329,,140,,385.4
10850,23.435,,140.1,,385.38
10851,23.4372,,140.2,,385.36
10852,23.4393,,140.3,,385.34
10853,23.4414,,140.4,,385.32
10854,23.4436,,140.5,,385.3
10855,23.4457,,140.6,,385.28
10856,23.4478,,140.7,,385.26
10857,23.4499,,140.8,,385.24
10858,23.4521,,140.9,,385.22
10859,23.4542,,141,,385.2
10860,23.4564,,141,,385.24
10861,23.4585,,141,,385.28
10862,23.4607,,141,,385.32
10863,23.4629,,141,,385.36
10864,23.465,,141,,385.4
10865,23.4672,,141,,385.44
10866,23.4694,,141,,385.48
10867,23.4715,,141,,385.52
10868,23.4737,,141,,385.56
10869,23.4759,,141,,385.6
10870,23.478,,141.1,,385.62
10871,23.4802,,141.2,,385.64
10872,23.4824,,141.3,,385.66
10873,23.4846,,141.4,,385.68
10874,23.4867,,141.5,,385.7
10875,23.4889,,141.6,,385.72
10876,23.4911,,141.7,,385.74
10877,23.4933,,141.8,,385.76
10878,23.4954,,141.9,,385.78
10879,23.4976,,142,,385.8
10880,23.4997,,142.2,,385.8
10881,23.5018,,142.4,,385.8
10882,23.504,,142.6,,385.8
10883,23.5061,,142.8,,385.8
10884,23.5082,,143,,385.8
10885,23.5103,,143.2,,385.8
10886,23.5124,,143.4,,385.8
10887,23.5146,,143.6,,385.8
10888,23.5167,,143.8,,385.8
10889,23.5188,,144,,385.8
10890,23.5209,,144,,385.82
10891,23.5229,,144,,385.84
10892,23.525,,144,,385.86
10893,23.5271,,144,,385.88
10894,23.5291,,144,,385.9
10895,23.5312,,144,,385.92
10896,23.5333,,144,,385.94
10897,23.5353,,144,,385.96
10898,23.5374,,144,,385.98
10899,23.5395,,144,,386
10900,23.5417,,143.9,,386.02
10901,23.5438,,143.8,,386.04
10902,23.546,,143.7,,386.06
10903,23.5482,,143.6,,386.08
10904,23.5504,,143.5,,386.1
10905,23.5526,,143.4,,386.12
10906,23.5548,,143.3,,386.14
10907,23.557,,143.2,,386.16
10908,23.5592,,143.1,,386.18
10909,23.5614,,143,,386.2
10910,23.5636,,142.9,,386.22
10911,23.5658,,142.8,,386.24
10912,23.568,,142.7,,386.26
10913,23.5701,,142.6,,386.28
10914,23.5723,,142.5,,386.3
10915,23.5745,,142.4,,386.32
10916,23.5767,,142.3,,386.34
10917,23.5789,,142.2,,386.36
10918,23.5811,,142.1,,386.38
10919,23.5833,,142,,386.4
10920,23.5855,,142.1,,386.4
10921,23.5876,,142.2,,386.4
10922,23.5898,,142.3,,386.4
10923,23.592,,142.4,,386.4
10924,23.5942,,142.5,,386.4
10925,23.5964,,142.6,,386.4
10926,23.5986,,142.7,,386.4
10927,23.6008,,142.8,,386.4
10928,23.603,,142.9,,386.4
10929,23.6052,,143,,386.4
10930,23.6074,,142.9,,386.4
10931,23.6095,,142.8,,386.4
10932,23.6117,,142.7,,386.4
10933,23.6138,,142.6,,386.4
10934,23.616,,142.5,,386.4
10935,23.6181,,142.4,,386.4
10936,23.6203,,142.3,,386.4
10937,23.6225,,142.2,,386.4
10938,23.6246,,142.1,,386.4
10939,23.6268,,142,,386.4
10940,23.6289,,142.1,,386.42
10941,23.6311,,142.2,,386.44
10942,23.6333,,142.3,,386.46
10943,23.6354,,142.4,,386.48
10944,23.6376,,142.5,,386.5
10945,23.6398,,142.6,,386.52
10946,23.6419,,142.7,,386.54
10947,23.6441,,142.8,,386.56
10948,23.6463,,142.9,,386.58
10949,23.6484,,143,,386.6
10950,23.6506,,142.9,,386.62
10951,23.6528,,142.8,,386.64
10952,23.6549,,142.7,,386.66
10953,23.6571,,142.6,,386.68
10954,23.6593,,142.5,,386.7
10955,23.6614,,142.4,,386.72
10956,23.6636,,142.3,,386.74
10957,23.6658,,142.2,,386.76
10958,23.6679,,142.1,,386.78
10959,23.6701,,142,,386.8
10960,23.6723,,141.9,,386.8
10961,23.6745,,141.8,,386.8
10962,23.6767,,141.7,,386.8
10963,23.6789,,141.6,,386.8
10964,23.6811,,141.5,,386.8
10965,23.6833,,141.4,,386.8
10966,23.6855,,141.3,,386.8
10967,23.6877,,141.2,,386.8
10968,23.6899,,141.1,,386.8
10969,23.6921,,141,,386.8
10970,23.6942,,140.9,,386.8
10971,23.6964,,140.8,,386.8
10972,23.6985,,140.7,,386.8
10973,23.7007,,140.6,,386.8
10974,23.7029,,140.5,,386.8
10975,23.705,,140.4,,386.8
10976,23.7072,,140.3,,386.8
10977,23.7093,,140.2,,386.8
10978,23.7115,,140.1,,386.8
10979,23.7136,,140,,386.8
10980,23.7158,,140,,386.82
10981,23.718,,140,,386.84
10982,23.7201,,140,,386.86
10983,23.7223,,140,,386.88
10984,23.7244,,140,,386.9
10985,23.7266,,140,,386.92
10986,23.7287,,140,,386.94
10987,23.7309,,140,,386.96
10988,23.733,,140,,386.98
10989,23.7352,,140,,387
10990,23.7374,,139.9,,386.98
10991,23.7396,,139.8,,386.96
10992,23.7418,,139.7,,386.94
10993,23.7439,,139.6,,386.92
10994,23.7461,,139.5,,386.9
10995,23.7483,,139.4,,386.88
10996,23.7505,,139.3,,386.86
10997,23.7527,,139.2,,386.84
10998,23.7549,,139.1,,386.82
10999,23.7571,,139,,386.8
11000,23.7592,,139,,386.76
11001,23.7613,,139,,386.72
11002,23.7635,,139,,386.68
11003,23.7656,,139,,386.64
11004,23.7677,,139,,386.6
11005,23.7699,,139,,386.56
11006,23.772,,139,,386.52
11007,23.7741,,139,,386.48
11008,23.7763,,139,,386.44
11009,23.7784,,139,,386.4
11010,23.7805,,139.2,,386.36
11011,23.7826,,139.4,,386.32
11012,23.7848,,139.6,,386.28
11013,23.7869,,139.8,,386.24
11014,23.789,,140,,386.2
11015,23.7911,,140.2,,386.16
11016,23.7932,,140.4,,386.12
11017,23.7953,,140.6,,386.08
11018,23.7975,,140.8,,386.04
11019,23.7996,,141,,386
11020,23.8017,,140.9,,385.98
11021,23.8039,,140.8,,385.96
11022,23.8061,,140.7,,385.94
11023,23.8082,,140.6,,385.92
11024,23.8104,,140.5,,385.9
11025,23.8126,,140.4,,385.88
11026,23.8147,,140.3,,385.86
11027,23.8169,,140.2,,385.84
11028,23.8191,,140.1,,385.82
11029,23.8212,,140,,385.8
11030,23.8235,,140,,385.778
11031,23.8257,,140,,385.756
11032,23.8279,,140,,385.733
11033,23.8302,,140,,385.711
11034,23.8324,,140,,385.689
11035,23.8347,,140,,385.667
11036,23.8369,,140,,385.644
11037,23.8391,,140,,385.622
11038,23.8414,,140,,385.6
11039,23.8436,,140,,385.58
11040,23.8458,,140,,385.56
11041,23.848,,140,,385.54
11042,23.8502,,140,,385.52
11043,23.8525,,140,,385.5
11044,23.8547,,140,,385.48
11045,23.8569,,140,,385.46
11046,23.8591,,140,,385.44
11047,23.8613,,140,,385.42
11048,23.8635,,140,,385.4
11049,23.8656,,139.667,,385.4
11050,23.8677,,139.333,,385.4
11051,23.8698,,139,,385.4
11052,23.8719,,139.222,,385.378
11053,23.8741,,139.444,,385.356
11054,23.8762,,139.667,,385.333
11055,23.8783,,139.889,,385.311
11056,23.8804,,140.111,,385.289
11057,23.8826,,140.333,,385.267
11058,23.8847,,140.556,,385.244
11059,23.8868,,140.778,,385.222
11060,23.8889,,141,,385.2
11061,23.8911,,141.1,,385.22
11062,23.8932,,141.2,,385.24
11063,23.8953,,141.3,,385.26
11064,23.8975,,141.4,,385.28
11065,23.8996,,141.5,,385.3
11066,23.9017,,141.6,,385.32
11067,23.9039,,141.7,,385.34
11068,23.906,,141.8,,385.36
11069,23.9081,,141.9,,385.38
11070,23.9103,,142,,385.4
11071,23.9124,,142.1,,385.4
11072,23.9145,,142.2,,385.4
11073,23.9166,,142.3,,385.4
11074,23.9187,,142.4,,385.4
11075,23.9209,,142.5,,385.4
11076,23.923,,142.6,,385.4
11077,23.9251,,142.7,,385.4
11078,23.9272,,142.8,,385.4
11079,23.9293,,142.9,,385.4
11080,23.9314,,143,,385.4
11081,23.9336,,142.9,,385.4
11082,23.9358,,142.8,,385.4
11083,23.938,,142.7,,385.4
11084,23.9401,,142.6,,385.4
11085,23.9423,,142.5,,385.4
11086,23.9445,,142.4,,385.4
11087,23.9467,,142.3,,385.4
11088,23.9488,,142.2,,385.4
11089,23.951,,142.1,,385.4
11090,23.9532,,142,,385.4
11091,23.9553,,142,,385.4
11092,23.9575,,142,,385.4
11093,23.9596,,142,,385.4
11094,23.9618,,142,,385.4
11095,23.9639,,142,,385.4
11096,23.9661,,142,,385.4
11097,23.9682,,142,,385.4
11098,23.9704,,142,,385.4
11099,23.9725,,142,,385.4
11100,23.9747,,142,,385.4
11101,23.9768,,141.9,,385.4
11102,23.9789,,141.8,,385.4
11103,23.981,,141.7,,385.4
11104,23.9832,,141.6,,385.4
11105,23.9853,,141.5,,385.4
11106,23.9874,,141.4,,385.4
11107,23.9895,,141.3,,385.4
11108,23.9917,,141.2,,385.4
11109,23.9938,,141.1,,385.4
11110,23.9959,,141,,385.4
11111,23.9979,,141,,385.4
11112,24,,141,,385.38
11113,24.0022,,141,,385.36
11114,24.0043,,141,,385.34
11115,24.0064,,141,,385.32
11116,24.0086,,141,,385.3
11117,24.0107,,141,,385.28
11118,24.0129,,141,,385.26
11119,24.015,,141,,385.24
11120,24.0172,,141,,385.22
11121,24.0193,,141,,385.2
11122,24.0213,,141,,385.2
11123,24.0232,,141,,385.2
11124,24.0252,,141,,385.2
11125,24.0272,,141,,385.2
11126,24.0291,,141,,385.2
11127,24.0311,,141,,385.2
11128,24.0331,,141,,385.2
11129,24.035,,141,,385.2
11130,24.037,,141,,385.2
11131,24.039,,141,,385.2
11132,24.0409,,141,,385.2
11133,24.043,,140.8,,385.2
11134,24.0451,,140.6,,385.2
11135,24.0471,,140.4,,385.2
11136,24.0492,,140.2,,385.2
11137,24.0513,,140,,385.2
11138,24.0533,,139.8,,385.2
11139,24.0554,,139.6,,385.2
11140,24.0574,,139.4,,385.2
11141,24.0595,,139.2,,385.2
11142,24.0616,,139,,385.2
11143,24.0639,,139,,385.222
11144,24.0662,,139,,385.244
11145,24.0685,,139,,385.267
11146,24.0707,,139,,385.289
11147,24.073,,139,,385.311
11148,24.0753,,139,,385.333
11149,24.0776,,139,,385.356
11150,24.0799,,139,,385.378
11151,24.0822,,139,,385.4
11152,24.0844,,139.1,,385.42
11153,24.0865,,139.2,,385.44
11154,24.0887,,139.3,,385.46
11155,24.0908,,139.4,,385.48
11156,24.093,,139.5,,385.5
11157,24.0951,,139.6,,385.52
11158,24.0973,,139.7,,385.54
11159,24.0994,,139.8,,385.56
11160,24.1016,,139.9,,385.58
11161,24.1037,,140,,385.6
11162,24.106,,140,,385.533
11163,24.1082,,140,,385.467
11164,24.1104,,140,,385.4
11165,24.1126,,140,,385.4
11166,24.1149,,140,,385.4
11167,24.1171,,140,,385.4
11168,24.1193,,140,,385.4
11169,24.1215,,140,,385.4
11170,24.1238,,140,,385.4
11171,24.126,,140.2,,385.42
11172,24.1281,,140.4,,385.44
11173,24.1303,,140.6,,385.46
11174,24.1325,,140.8,,385.48
11175,24.1347,,141,,385.5
11176,24.1369,,141.2,,385.52
11177,24.1391,,141.4,,385.54
11178,24.1413,,141.6,,385.56
11179,24.1435,,141.8,,385.58
11180,24.1456,,142,,385.6
11181,24.1477,,142.1,,385.6
11182,24.1498,,142.2,,385.6
11183,24.1519,,142.3,,385.6
11184,24.154,,142.4,,385.6
11185,24.1561,,142.5,,385.6
11186,24.1582,,142.6,,385.6
11187,24.1603,,142.7,,385.6
11188,24.1624,,142.8,,385.6
11189,24.1645,,142.9,,385.6
11190,24.1666,,143,,385.6
11191,24.1688,,143,,385.62
11192,24.1711,,143,,385.64
11193,24.1733,,143,,385.66
11194,24.1755,,143,,385.68
11195,24.1777,,143,,385.7
11196,24.1799,,143,,385.72
11197,24.1821,,143,,385.74
11198,24.1843,,143,,385.76
11199,24.1865,,143,,385.78
11200,24.1887,,143,,385.8
11201,24.1909,,143,,385.8
11202,24.193,,143,,385.8
11203,24.1952,,143,,385.8
11204,24.1973,,143,,385.8
11205,24.1995,,143,,385.8
11206,24.2017,,143,,385.8
11207,24.2038,,143,,385.8
11208,24.206,,143,,385.8
11209,24.2081,,143,,385.8
11210,24.2103,,143,,385.8
11211,24.2124,,143,,385.84
11212,24.2146,,143,,385.88
11213,24.2167,,143,,385.92
11214,24.2188,,143,,385.96
11215,24.221,,143,,386
11216,24.2231,,143,,386.04
11217,24.2253,,143,,386.08
11218,24.2274,,143,,386.12
11219,24.2296,,143,,386.16
11220,24.2317,,143,,386.2
11221,24.2339,,143,,386.267
11222,24.2361,,143,,386.333
11223,24.2382,,143,,386.4
11224,24.2403,,143.1,,386.44
11225,24.2424,,143.2,,386.48
11226,24.2446,,143.3,,386.52
11227,24.2467,,143.4,,386.56
11228,24.2488,,143.5,,386.6
11229,24.2509,,143.6,,386.64
11230,24.253,,143.7,,386.68
11231,24.2551,,143.8,,386.72
11232,24.2572,,143.9,,386.76
11233,24.2593,,144,,386.8
11234,24.2614,,144.1,,386.84
11235,24.2635,,144.2,,386.88
11236,24.2655,,144.3,,386.92
11237,24.2676,,144.4,,386.96
11238,24.2697,,144.5,,387
11239,24.2717,,144.6,,387.04
11240,24.2738,,144.7,,387.08
11241,24.2759,,144.8,,387.12
11242,24.278,,144.9,,387.16
11243,24.28,,145,,387.2
11244,24.282,,145,,387.24
11245,24.284,,145,,387.28
11246,24.286,,145,,387.32
11247,24.288,,145,,387.36
11248,24.29,,145,,387.4
11249,24.292,,144.909,,387.436
11250,24.294,,144.818,,387.473
11251,24.296,,144.727,,387.509
11252,24.298,,144.636,,387.545
11253,24.3,,144.545,,387.582
11254,24.302,,144.455,,387.618
11255,24.3039,,144.364,,387.655
11256,24.3059,,144.273,,387.691
11257,24.3079,,144.182,,387.727
11258,24.3099,,144.091,,387.764
11259,24.3119,,144,,387.8
11260,24.3139,,144,,387.82
11261,24.3159,,144,,387.84
11262,24.318,,144,,387.86
11263,24.32,,144,,387.88
11264,24.322,,144,,387.9
11265,24.324,,144,,387.92
11266,24.326,,144,,387.94
11267,24.3281,,144,,387.96
11268,24.3301,,144,,387.98
11269,24.3321,,144,,388
11270,24.3342,,144,,388.02
11271,24.3363,,144,,388.04
11272,24.3383,,144,,388.06
11273,24.3404,,144,,388.08
11274,24.3425,,144,,388.1
11275,24.3446,,144,,388.12
11276,24.3466,,144,,388.14
11277,24.3487,,144,,388.16
11278,24.3508,,144,,388.18
11279,24.3529,,144,,388.2
11280,24.3553,,144,,388.222
11281,24.3577,,144,,388.244
11282,24.3601,,144,,388.267
11283,24.3625,,144,,388.289
11284,24.3648,,144,,388.311
11285,24.3672,,144,,388.333
11286,24.3696,,144,,388.356
11287,24.372,,144,,388.378
11288,24.3744,,144,,388.4
11289,24.3766,,143.5,,388.4
11290,24.3789,,143,,388.4
11291,24.381,,143.1,,388.46
11292,24.3832,,143.2,,388.52
11293,24.3854,,143.3,,388.58
11294,24.3875,,143.4,,388.64
11295,24.3897,,143.5,,388.7
11296,24.3919,,143.6,,388.76
11297,24.3941,,143.7,,388.82
11298,24.3962,,143.8,,388.88
11299,24.3984,,143.9,,388.94
11300,24.4006,,144,,389
11301,24.4027,,143.9,,389.02
11302,24.4049,,143.8,,389.04
11303,24.4071,,143.7,,389.06
11304,24.4093,,143.6,,389.08
11305,24.4114,,143.5,,389.1
11306,24.4136,,143.4,,389.12
11307,24.4158,,143.3,,389.14
11308,24.418,,143.2,,389.16
11309,24.4202,,143.1,,389.18
11310,24.4223,,143,,389.2
11311,24.4246,,143.1,,389.2
11312,24.4268,,143.2,,389.2
11313,24.429,,143.3,,389.2
11314,24.4312,,143.4,,389.2
11315,24.4335,,143.5,,389.2
11316,24.4357,,143.6,,389.2
11317,24.4379,,143.7,,389.2
11318,24.4401,,143.8,,389.2
11319,24.4423,,143.9,,389.2
11320,24.4446,,144,,389.2
11321,24.4467,,143.8,,389.2
11322,24.4489,,143.6,,389.2
11323,24.451,,143.4,,389.2
11324,24.4531,,143.2,,389.2
11325,24.4553,,143,,389.2
11326,24.4574,,142.8,,389.2
11327,24.4596,,142.6,,389.2
11328,24.4617,,142.4,,389.2
11329,24.4638,,142.2,,389.2
11330,24.466,,142,,389.2
11331,24.4681,,142.1,,389.2
11332,24.4703,,142.2,,389.2
11333,24.4724,,142.3,,389.2
11334,24.4745,,142.4,,389.2
11335,24.4767,,142.5,,389.2
11336,24.4788,,142.6,,389.2
11337,24.4809,,142.7,,389.2
11338,24.4831,,142.8,,389.2
11339,24.4852,,142.9,,389.2
11340,24.4873,,143,,389.2
11341,24.4894,,143,,389.2
11342,24.4915,,143,,389.2
11343,24.4936,,143,,389.2
11344,24.4957,,143,,389.2
11345,24.4977,,143,,389.2
11346,24.4998,,143,,389.2
11347,24.5019,,143,,389.2
11348,24.504,,143,,389.2
11349,24.5061,,143,,389.2
11350,24.5082,,143,,389.2
11351,24.5104,,142.9,,389.22
11352,24.5125,,142.8,,389.24
11353,24.5147,,142.7,,389.26
11354,24.5169,,142.6,,389.28
11355,24.5191,,142.5,,389.3
11356,24.5213,,142.4,,389.32
11357,24.5234,,142.3,,389.34
11358,24.5256,,142.2,,389.36
11359,24.5278,,142.1,,389.38
11360,24.53,,142,,389.4
11361,24.5322,,142,,389.4
11362,24.5344,,142,,389.4
11363,24.5366,,142,,389.4
11364,24.5387,,142,,389.42
11365,24.5407,,142,,389.44
11366,24.5427,,142,,389.46
11367,24.5448,,142,,389.48
11368,24.5468,,142,,389.5
11369,24.5489,,142,,389.52
11370,24.5509,,142,,389.54
11371,24.5529,,142,,389.56
11372,24.555,,142,,389.58
11373,24.557,,142,,389.6
11374,24.5591,,142.1,,389.58
11375,24.5611,,142.2,,389.56
11376,24.5632,,142.3,,389.54
11377,24.5652,,142.4,,389.52
11378,24.5673,,142.5,,389.5
11379,24.5694,,142.6,,389.48
11380,24.5714,,142.7,,389.46
11381,24.5735,,142.8,,389.44
11382,24.5755,,142.9,,389.42
11383,24.5776,,143,,389.4
11384,24.5798,,143,,389.42
11385,24.582,,143,,389.44
11386,24.5842,,143,,389.46
11387,24.5864,,143,,389.48
11388,24.5886,,143,,389.5
11389,24.5908,,143,,389.52
11390,24.593,,143,,389.54
11391,24.5952,,143,,389.56
11392,24.5974,,143,,389.58
11393,24.5996,,143,,389.6
11394,24.6016,,143,,389.58
11395,24.6037,,143,,389.56
11396,24.6057,,143,,389.54
11397,24.6077,,143,,389.52
11398,24.6098,,143,,389.5
11399,24.6118,,143,,389.48
11400,24.6139,,143,,389.46
11401,24.6159,,143,,389.44
11402,24.6179,,143,,389.42
11403,24.62,,143,,389.4
11404,24.622,,143,,389.4
11405,24.624,,143,,389.4
11406,24.626,,143,,389.4
11407,24.6281,,143,,389.4
11408,24.6301,,143,,389.4
11409,24.6321,,143,,389.4
11410,24.6341,,143,,389.4
11411,24.6361,,143,,389.4
11412,24.6382,,143,,389.4
11413,24.6402,,143,,389.4
11414,24.6424,,143,,389.4
11415,24.6447,,143,,389.4
11416,24.6469,,143,,389.4
11417,24.6491,,143,,389.4
11418,24.6514,,143,,389.4
11419,24.6536,,143,,389.4
11420,24.6559,,143,,389.4
11421,24.6581,,143,,389.4
11422,24.6603,,143,,389.4
11423,24.6624,,143.1,,389.44
11424,24.6645,,143.2,,389.48
11425,24.6666,,143.3,,389.52
11426,24.6687,,143.4,,389.56
11427,24.6708,,143.5,,389.6
11428,24.6729,,143.6,,389.64
11429,24.675,,143.7,,389.68
11430,24.6771,,143.8,,389.72
11431,24.6792,,143.9,,389.76
11432,24.6813,,144,,389.8
11433,24.6835,,143.9,,389.84
11434,24.6856,,143.8,,389.88
11435,24.6877,,143.7,,389.92
11436,24.6899,,143.6,,389.96
11437,24.692,,143.5,,390
11438,24.6942,,143.4,,390.04
11439,24.6963,,143.3,,390.08
11440,24.6985,,143.2,,390.12
11441,24.7006,,143.1,,390.16
11442,24.7027,,143,,390.2
11443,24.7051,,142.833,,390.233
11444,24.7074,,142.667,,390.267
11445,24.7098,,142.5,,390.3
11446,24.7121,,142.333,,390.333
11447,24.7144,,142.167,,390.367
11448,24.7168,,142,,390.4
11449,24.7192,,142.111,,390.422
11450,24.7216,,142.222,,390.444
11451,24.724,,142.333,,390.467
11452,24.7264,,142.444,,390.489
11453,24.7289,,142.556,,390.511
11454,24.7313,,142.667,,390.533
11455,24.7337,,142.778,,390.556
11456,24.7361,,142.889,,390.578
11457,24.7385,,143,,390.6
11458,24.7406,,143,,390.58
11459,24.7428,,143,,390.56
11460,24.7449,,143,,390.54
11461,24.747,,143,,390.52
11462,24.7491,,143,,390.5
11463,24.7513,,143,,390.48
11464,24.7534,,143,,390.46
11465,24.7555,,143,,390.44
11466,24.7576,,143,,390.42
11467,24.7598,,143,,390.4
11468,24.762,,142.8,,390.34
11469,24.7642,,142.6,,390.28
11470,24.7664,,142.4,,390.22
11471,24.7686,,142.2,,390.16
11472,24.7708,,142,,390.1
11473,24.773,,141.8,,390.04
11474,24.7753,,141.6,,389.98
11475,24.7775,,141.4,,389.92
11476,24.7797,,141.2,,389.86
11477,24.7819,,141,,389.8
11478,24.784,,140.8,,389.72
11479,24.7861,,140.6,,389.64
11480,24.7882,,140.4,,389.56
11481,24.7904,,140.2,,389.48
11482,24.7925,,140,,389.4
11483,24.7947,,139.778,,389.356
11484,24.7969,,139.556,,389.311
11485,24.7991,,139.333,,389.267
11486,24.8014,,139.111,,389.222
11487,24.8036,,138.889,,389.178
11488,24.8058,,138.667,,389.133
11489,24.808,,138.444,,389.089
11490,24.8103,,138.222,,389.044
11491,24.8125,,138,,389
11492,24.8147,,138,,388.956
11493,24.817,,138,,388.911
11494,24.8192,,138,,388.867
11495,24.8215,,138,,388.822
11496,24.8237,,138,,388.778
11497,24.826,,138,,388.733
11498,24.8282,,138,,388.689
11499,24.8305,,138,,388.644
11500,24.8327,,138,,388.6
11501,24.8348,,137.8,,388.58
11502,24.8369,,137.6,,388.56
11503,24.8389,,137.4,,388.54
11504,24.841,,137.2,,388.52
11505,24.843,,137,,388.5
11506,24.8451,,136.8,,388.48
11507,24.8472,,136.6,,388.46
11508,24.8492,,136.4,,388.44
11509,24.8513,,136.2,,388.42
11510,24.8534,,136,,388.4
11511,24.8555,,135.75,,388.4
11512,24.8576,,135.5,,388.4
11513,24.8597,,135.25,,388.4
11514,24.8618,,135,,388.4
11515,24.864,,135,,388.4
11516,24.8662,,135,,388.4
11517,24.8683,,135,,388.4
11518,24.8705,,135,,388.4
11519,24.8727,,134.667,,388.2
11520,24.8748,,134.333,,388
11521,24.8769,,134,,387.8
11522,24.879,,133.667,,387.6
11523,24.8812,,133.333,,387.4
11524,24.8833,,133,,387.2
11525,24.8854,,133,,386.933
11526,24.8875,,133,,386.667
11527,24.8897,,133,,386.4
11528,24.8918,,133,,386.133
11529,24.8939,,133,,385.867
11530,24.896,,133,,385.6
11531,24.8983,,133.333,,385.267
11532,24.9005,,133.667,,384.933
11533,24.9027,,134,,384.6
11534,24.9048,,134,,384.36
11535,24.907,,134,,384.12
11536,24.9091,,134,,383.88
11537,24.9112,,134,,383.64
11538,24.9133,,134,,383.4
11539,24.9154,,134.125,,383.275
11540,24.9175,,134.25,,383.15
11541,24.9197,,134.375,,383.025
11542,24.9218,,134.5,,382.9
11543,24.9239,,134.625,,382.775
11544,24.9261,,134.75,,382.65
11545,24.9282,,134.875,,382.525
11546,24.9303,,135,,382.4
11547,24.9324,,135.1,,382.3
11548,24.9344,,135.2,,382.2
11549,24.9365,,135.3,,382.1
11550,24.9385,,135.4,,382
11551,24.9406,,135.5,,381.9
11552,24.9426,,135.6,,381.8
11553,24.9447,,135.7,,381.7
11554,24.9467,,135.8,,381.6
11555,24.9488,,135.9,,381.5
11556,24.9508,,136,,381.4
11557,24.9529,,136,,381.4
11558,24.9552,,136,,381.289
11559,24.9575,,136,,381.178
11560,24.9597,,136,,381.067
11561,24.962,,136,,380.956
11562,24.9643,,136,,380.844
11563,24.9666,,136,,380.733
11564,24.9688,,136,,380.622
11565,24.9711,,136,,380.511
11566,24.9734,,136,,380.4
11567,24.9759,,136,,380.4
11568,24.9783,,136,,380.4
11569,24.9807,,136.429,,380.286
11570,24.9831,,136.857,,380.171
11571,24.9855,,137.286,,380.057
11572,24.9878,,137.714,,379.943
11573,24.9902,,138.143,,379.829
11574,24.9926,,138.571,,379.714
11575,24.995,,139,,379.6
11576,24.9973,,139,,379.5
11577,24.9996,,139,,379.4
11578,25.0018,,140,,379.4
11579,25.0041,,140,,379.229
11580,25.0065,,140,,379.057
11581,25.0089,,140,,378.886
11582,25.0113,,140,,378.714
11583,25.0137,,140,,378.543
11584,25.0161,,140,,378.371
11585,25.0184,,140,,378.2
11586,25.0209,,140,,378.075
11587,25.0233,,140,,377.95
11588,25.0257,,140,,377.825
11589,25.0282,,140,,377.7
11590,25.0306,,140,,377.575
11591,25.033,,140,,377.45
11592,25.0355,,140,,377.325
11593,25.0379,,140,,377.2
11594,25.0402,,140.111,,377.156
11595,25.0425,,140.222,,377.111
11596,25.0448,,140.333,,377.067
11597,25.0471,,140.444,,377.022
11598,25.0494,,140.556,,376.978
11599,25.0517,,140.667,,376.933
11600,25.054,,140.778,,376.889
11601,25.0563,,140.889,,376.844
11602,25.0586,,141,,376.8
11603,25.0608,,141,,376.778
11604,25.0631,,141,,376.756
11605,25.0653,,141,,376.733
11606,25.0675,,141,,376.711
11607,25.0698,,141,,376.689
11608,25.072,,141,,376.667
11609,25.0743,,141,,376.644
11610,25.0765,,141,,376.622
11611,25.0787,,141,,376.6
11612,25.0809,,141,,376.6
11613,25.0831,,141,,376.6
11614,25.0852,,141,,376.6
11615,25.0874,,141,,376.6
11616,25.0896,,141,,376.6
11617,25.0917,,141,,376.6
11618,25.0939,,141,,376.6
11619,25.0961,,141,,376.6
11620,25.0982,,141,,376.6
11621,25.1004,,141,,376.6
11622,25.1024,,141,,376.48
11623,25.1044,,141,,376.36
11624,25.1064,,141,,376.24
11625,25.1084,,141,,376.12
11626,25.1104,,141,,376
11627,25.1125,,141.1,,375.92
11628,25.1146,,141.2,,375.84
11629,25.1167,,141.3,,375.76
11630,25.1188,,141.4,,375.68
11631,25.1209,,141.5,,375.6
11632,25.1231,,141.6,,375.52
11633,25.1252,,141.7,,375.44
11634,25.1273,,141.8,,375.36
11635,25.1294,,141.9,,375.28
11636,25.1315,,142,,375.2
11637,25.1337,,141.667,,375.067
11638,25.1358,,141.333,,374.933
11639,25.138,,141,,374.8
11640,25.1397,,140.8,,374.56
11641,25.1413,,140.6,,374.32
11642,25.143,,140.4,,374.08
11643,25.1447,,140.2,,373.84
11644,25.1464,,140,,373.6
11645,25.1482,,139.75,,373.25
11646,25.15,,139.5,,372.9
11647,25.1518,,139.25,,372.55
11648,25.1536,,139,,372.2
11649,25.1556,,138.5,,372.033
11650,25.1575,,138,,371.867
11651,25.1595,,137.5,,371.7
11652,25.1614,,137,,371.533
11653,25.1634,,136.5,,371.367
11654,25.1653,,136,,371.2
11655,25.1674,,136,,370.8
11656,25.1695,,136,,370.4
11657,25.1716,,136,,370
11658,25.1735,,135.667,,369.6
11659,25.1754,,135.333,,369.2
11660,25.1772,,135,,368.8
11661,25.1792,,135,,368.2
11662,25.1812,,135,,367.6
11663,25.1835,,135,,367.267
11664,25.1858,,135,,366.933
11665,25.1881,,135,,366.6
11666,25.1904,,134.667,,366.2
11667,25.1926,,134.333,,365.8
11668,25.1948,,134,,365.4
11669,25.1972,,134,,364.933
11670,25.1995,,134,,364.467
11671,25.2019,,134,,364
11672,25.2042,,134,,363.667
11673,25.2064,,134,,363.333
11674,25.2087,,134,,363
11675,25.2109,,134,,362.467
11676,25.2131,,134,,361.933
11677,25.2154,,134,,361.4
11678,25.2177,,133.667,,361.067
11679,25.22,,133.333,,360.733
11680,25.2224,,133,,360.4
11681,25.2245,,133,,359.933
11682,25.2267,,133,,359.467
11683,25.2289,,133,,359
11684,25.2309,,133,,358.667
11685,25.2329,,133,,358.333
11686,25.2349,,133,,358
11687,25.2371,,133.333,,357.6
11688,25.2392,,133.667,,357.2
11689,25.2413,,134,,356.8
11690,25.2434,,134,,356.4
11691,25.2455,,134,,356
11692,25.2477,,134,,355.6
11693,25.2498,,134,,355.2
11694,25.2519,,134,,354.8
11695,25.254,,134,,354.4
11696,25.2559,,133.667,,353.933
11697,25.2577,,133.333,,353.467
11698,25.2595,,133,,353
11699,25.2613,,133,,352.6
11700,25.2632,,133,,352.2
11701,25.265,,133,,351.8
11702,25.2671,,132.667,,351.4
11703,25.2691,,132.333,,351
11704,25.2712,,132,,350.6
11705,25.2732,,131.5,,350
11706,25.2752,,131,,349.4
11707,25.2777,,131.333,,349
11708,25.2802,,131.667,,348.6
11709,25.2827,,132,,348.2
11710,25.2849,,132,,347.867
11711,25.287,,132,,347.533
11712,25.2892,,132,,347.2
11713,25.2917,,132,,346.5
11714,25.2941,,132,,345.8
11715,25.2964,,132.5,,345.55
11716,25.2986,,133,,345.3
11717,25.3008,,133.5,,345.05
11718,25.303,,134,,344.8
11719,25.3052,,134.5,,344.2
11720,25.3074,,135,,343.6
11721,25.3097,,135,,343.32
11722,25.312,,135,,343.04
11723,25.3142,,135,,342.76
11724,25.3165,,135,,342.48
11725,25.3187,,135,,342.2
11726,25.3211,,135.25,,341.95
11727,25.3235,,135.5,,341.7
11728,25.3259,,135.75,,341.45
11729,25.3282,,136,,341.2
11730,25.3304,,136,,341.033
11731,25.3325,,136,,340.867
11732,25.3347,,136,,340.7
11733,25.3368,,136,,340.533
11734,25.339,,136,,340.367
11735,25.3411,,136,,340.2
11736,25.3432,,135.857,,340
11737,25.3452,,135.714,,339.8
11738,25.3473,,135.571,,339.6
11739,25.3493,,135.429,,339.4
11740,25.3514,,135.286,,339.2
11741,25.3534,,135.143,,339
11742,25.3554,,135,,338.8
11743,25.3575,,135,,338.633
11744,25.3595,,135,,338.467
11745,25.3615,,135,,338.3
11746,25.3636,,135,,338.133
11747,25.3656,,135,,337.967
11748,25.3676,,135,,337.8
11749,25.3699,,135.222,,337.667
11750,25.3722,,135.444,,337.533
11751,25.3744,,135.667,,337.4
11752,25.3767,,135.889,,337.267
11753,25.379,,136.111,,337.133
11754,25.3813,,136.333,,337
11755,25.3836,,136.556,,336.867
11756,25.3858,,136.778,,336.733
11757,25.3881,,137,,336.6
11758,25.3902,,137.25,,336.475
11759,25.3923,,137.5,,336.35
11760,25.3943,,137.75,,336.225
11761,25.3964,,138,,336.1
11762,25.3985,,138.25,,335.975
11763,25.4006,,138.5,,335.85
11764,25.4026,,138.75,,335.725
11765,25.4047,,139,,335.6
11766,25.4069,,139,,335.511
11767,25.4092,,139,,335.422
11768,25.4114,,139,,335.333
11769,25.4136,,139,,335.244
11770,25.4159,,139,,335.156
11771,25.4181,,139,,335.067
11772,25.4203,,139,,334.978
11773,25.4226,,139,,334.889
11774,25.4248,,139,,334.8
11775,25.427,,139.2,,334.78
11776,25.4291,,139.4,,334.76
11777,25.4313,,139.6,,334.74
11778,25.4334,,139.8,,334.72
11779,25.4356,,140,,334.7
11780,25.4377,,140.2,,334.68
11781,25.4399,,140.4,,334.66
11782,25.442,,140.6,,334.64
11783,25.4442,,140.8,,334.62
11784,25.4463,,141,,334.6
11785,25.448,,141,,334.6
11786,25.4496,,141,,334.6
11787,25.4512,,141,,334.6
11788,25.4528,,141,,334.6
11789,25.4545,,141,,334.6
11790,25.4561,,141,,334.6
11791,25.4577,,141,,334.6
11792,25.4594,,141,,334.6
11793,25.461,,141,,334.6
11794,25.4626,,141,,334.6
11795,25.4643,,141,,334.6
11796,25.4659,,141,,334.6
11797,25.4675,,141,,334.6
11798,25.4698,,141.111,,334.6
11799,25.4721,,141.222,,334.6
11800,25.4743,,141.333,,334.6
11801,25.4766,,141.444,,334.6
11802,25.4789,,141.556,,334.6
11803,25.4812,,141.667,,334.6
11804,25.4834,,141.778,,334.6
11805,25.4857,,141.889,,334.6
11806,25.488,,142,,334.6
11807,25.4902,,142.1,,334.6
11808,25.4924,,142.2,,334.6
11809,25.4947,,142.3,,334.6
11810,25.4969,,142.4,,334.6
11811,25.4991,,142.5,,334.6
11812,25.5013,,142.6,,334.6
11813,25.5035,,142.7,,334.6
11814,25.5058,,142.8,,334.6
11815,25.508,,142.9,,334.6
11816,25.5102,,143,,334.6
11817,25.5123,,143,,334.6
11818,25.5144,,143,,334.6
11819,25.5165,,143,,334.6
11820,25.5187,,143,,334.6
11821,25.5208,,143,,334.6
11822,25.5229,,143,,334.6
11823,25.525,,143,,334.6
11824,25.5271,,143,,334.6
11825,25.5292,,143,,334.6
11826,25.5314,,143,,334.6
11827,25.5334,,143.1,,334.56
11828,25.5354,,143.2,,334.52
11829,25.5374,,143.3,,334.48
11830,25.5394,,143.4,,334.44
11831,25.5415,,143.5,,334.4
11832,25.5435,,143.6,,334.36
11833,25.5455,,143.7,,334.32
11834,25.5475,,143.8,,334.28
11835,25.5495,,143.9,,334.24
11836,25.5516,,144,,334.2
11837,25.5539,,143.889,,334.2
11838,25.5562,,143.778,,334.2
11839,25.5585,,143.667,,334.2
11840,25.5608,,143.556,,334.2
11841,25.5631,,143.444,,334.2
11842,25.5654,,143.333,,334.2
11843,25.5677,,143.222,,334.2
11844,25.57,,143.111,,334.2
11845,25.5723,,143,,334.2
11846,25.5745,,143,,334.2
11847,25.5767,,143,,334.2
11848,25.579,,143,,334.2
11849,25.5812,,143,,334.2
11850,25.5834,,143,,334.2
11851,25.5857,,143,,334.2
11852,25.5879,,143,,334.2
11853,25.5901,,143,,334.2
11854,25.5924,,143,,334.2
11855,25.5947,,143.222,,334.2
11856,25.597,,143.444,,334.2
11857,25.5994,,143.667,,334.2
11858,25.6017,,143.889,,334.2
11859,25.6041,,144.111,,334.2
11860,25.6064,,144.333,,334.2
11861,25.6087,,144.556,,334.2
11862,25.6111,,144.778,,334.2
11863,25.6134,,145,,334.2
11864,25.6156,,145,,334.26
11865,25.6177,,145,,334.32
11866,25.6199,,145,,334.38
11867,25.622,,145,,334.44
11868,25.6242,,145,,334.5
11869,25.6264,,145,,334.56
11870,25.6285,,145,,334.62
11871,25.6307,,145,,334.68
11872,25.6328,,145,,334.74
11873,25.635,,145,,334.8
11874,25.6369,,145,,334.818
11875,25.6387,,145,,334.836
11876,25.6406,,145,,334.855
11877,25.6425,,145,,334.873
11878,25.6444,,145,,334.891
11879,25.6463,,145,,334.909
11880,25.6481,,145,,334.927
11881,25.65,,145,,334.945
11882,25.6519,,145,,334.964
11883,25.6538,,145,,334.982
11884,25.6556,,145,,335
11885,25.6576,,144.818,,335
11886,25.6596,,144.636,,335
11887,25.6615,,144.455,,335
11888,25.6635,,144.273,,335
11889,25.6654,,144.091,,335
11890,25.6674,,143.909,,335
11891,25.6693,,143.727,,335
11892,25.6713,,143.545,,335
11893,25.6733,,143.364,,335
11894,25.6752,,143.182,,335
11895,25.6772,,143,,335
11896,25.6796,,143,,335.022
11897,25.682,,143,,335.044
11898,25.6845,,143,,335.067
11899,25.6869,,143,,335.089
11900,25.6893,,143,,335.111
11901,25.6918,,143,,335.133
11902,25.6942,,143,,335.156
11903,25.6966,,143,,335.178
11904,25.6991,,143,,335.2
11905,25.7017,,143.25,,335.2
11906,25.7044,,143.5,,335.2
11907,25.7071,,143.75,,335.2
11908,25.7098,,144,,335.2
11909,25.7124,,144.25,,335.2
11910,25.7151,,144.5,,335.2
11911,25.7178,,144.75,,335.2
11912,25.7205,,145,,335.2
11913,25.7228,,145.111,,335.222
11914,25.7251,,145.222,,335.244
11915,25.7275,,145.333,,335.267
11916,25.7298,,145.444,,335.289
11917,25.7321,,145.556,,335.311
11918,25.7344,,145.667,,335.333
11919,25.7368,,145.778,,335.356
11920,25.7391,,145.889,,335.378
11921,25.7414,,146,,335.4
11922,25.7433,,146,,335.5
11923,25.7452,,146,,335.6
11924,25.7473,,146.2,,335.66
11925,25.7495,,146.4,,335.72
11926,25.7516,,146.6,,335.78
11927,25.7537,,146.8,,335.84
11928,25.7559,,147,,335.9
11929,25.758,,147.2,,335.96
11930,25.7601,,147.4,,336.02
11931,25.7623,,147.6,,336.08
11932,25.7644,,147.8,,336.14
11933,25.7665,,148,,336.2
11934,25.7688,,148.25,,336.35
11935,25.771,,148.5,,336.5
11936,25.7732,,148.75,,336.65
11937,25.7754,,149,,336.8
11938,25.7777,,148.857,,336.971
11939,25.78,,148.714,,337.143
11940,25.7823,,148.571,,337.314
11941,25.7847,,148.429,,337.486
11942,25.787,,148.286,,337.657
11943,25.7893,,148.143,,337.829
11944,25.7916,,148,,338
11945,25.7938,,148,,338.08
11946,25.7959,,148,,338.16
11947,25.7981,,148,,338.24
11948,25.8002,,148,,338.32
11949,25.8024,,148,,338.4
11950,25.8046,,148,,338.48
11951,25.8067,,148,,338.56
11952,25.8089,,148,,338.64
11953,25.811,,148,,338.72
11954,25.8132,,148,,338.8
11955,25.8154,,148,,338.8
11956,25.8175,,148,,338.8
11957,25.8197,,148,,338.8
11958,25.8219,,148,,338.8
11959,25.824,,148,,338.8
11960,25.8262,,148,,338.8
11961,25.8284,,148,,338.8
11962,25.8305,,148,,338.8
11963,25.8327,,148,,338.8
11964,25.8348,,148,,338.8
11965,25.8368,,147.909,,338.782
11966,25.8387,,147.818,,338.764
11967,25.8406,,147.727,,338.745
11968,25.8426,,147.636,,338.727
11969,25.8445,,147.545,,338.709
11970,25.8464,,147.455,,338.691
11971,25.8484,,147.364,,338.673
11972,25.8503,,147.273,,338.655
11973,25.8522,,147.182,,338.636
11974,25.8542,,147.091,,338.618
11975,25.8561,,147,,338.6
11976,25.8582,,146.8,,338.56
11977,25.8602,,146.6,,338.52
11978,25.8623,,146.4,,338.48
11979,25.8643,,146.2,,338.44
11980,25.8664,,146,,338.4
11981,25.8684,,145.8,,338.36
11982,25.8705,,145.6,,338.32
11983,25.8725,,145.4,,338.28
11984,25.8746,,145.2,,338.24
11985,25.8766,,145,,338.2
11986,25.8786,,144.571,,338
11987,25.8807,,144.143,,337.8
11988,25.8827,,143.714,,337.6
11989,25.8848,,143.286,,337.4
11990,25.8868,,142.857,,337.2
11991,25.8888,,142.429,,337
11992,25.8909,,142,,336.8
11993,25.8928,,142,,336.467
11994,25.8947,,142,,336.133
11995,25.8967,,142,,335.8
11996,25.8986,,141.75,,335.5
11997,25.9005,,141.5,,335.2
11998,25.9024,,141.25,,334.9
11999,25.9043,,141,,334.6
12000,25.9064,,141.1,,334.56
12001,25.9084,,141.2,,334.52
12002,25.9105,,141.3,,334.48
12003,25.9125,,141.4,,334.44
12004,25.9145,,141.5,,334.4
12005,25.9166,,141.6,,334.36
12006,25.9186,,141.7,,334.32
12007,25.9207,,141.8,,334.28
12008,25.9227,,141.9,,334.24
12009,25.9247,,142,,334.2
12010,25.9268,,141.9,,334.18
12011,25.9289,,141.8,,334.16
12012,25.9309,,141.7,,334.14
12013,25.933,,141.6,,334.12
12014,25.935,,141.5,,334.1
12015,25.9371,,141.4,,334.08
12016,25.9392,,141.3,,334.06
12017,25.9412,,141.2,,334.04
12018,25.9433,,141.1,,334.02
12019,25.9454,,141,,334
12020,25.9476,,141,,334
12021,25.9499,,141,,334
12022,25.9521,,141,,334
12023,25.9544,,141,,334
12024,25.9567,,141,,334
12025,25.9589,,141,,334
12026,25.9612,,141,,334
12027,25.9634,,141,,334
12028,25.9657,,141,,334
12029,25.9678,,141.1,,333.98
12030,25.9699,,141.2,,333.96
12031,25.9719,,141.3,,333.94
12032,25.974,,141.4,,333.92
12033,25.9761,,141.5,,333.9
12034,25.9782,,141.6,,333.88
12035,25.9803,,141.7,,333.86
12036,25.9824,,141.8,,333.84
12037,25.9844,,141.9,,333.82
12038,25.9865,,142,,333.8
12039,25.9889,,142.2,,333.8
12040,25.9913,,142.4,,333.8
12041,25.9937,,142.6,,333.8
12042,25.9961,,142.8,,333.8
12043,25.9984,,143,,333.8
12044,26.0007,,143,,333.767
12045,26.003,,143,,333.733
12046,26.0053,,143,,333.7
12047,26.0076,,143,,333.667
12048,26.0099,,143,,333.633
12049,26.0122,,143,,333.6
12050,26.0144,,143,,333.6
12051,26.0166,,143,,333.6
12052,26.0188,,143,,333.6
12053,26.021,,143,,333.6
12054,26.0232,,143,,333.6
12055,26.0254,,143,,333.6
12056,26.0276,,143,,333.6
12057,26.0298,,143,,333.6
12058,26.032,,143,,333.6
12059,26.0342,,143,,333.6
12060,26.0363,,143.1,,333.6
12061,26.0384,,143.2,,333.6
12062,26.0405,,143.3,,333.6
12063,26.0426,,143.4,,333.6
12064,26.0447,,143.5,,333.6
12065,26.0468,,143.6,,333.6
12066,26.0489,,143.7,,333.6
12067,26.0511,,143.8,,333.6
12068,26.0532,,143.9,,333.6
12069,26.0553,,144,,333.6
12070,26.0573,,144.091,,333.6
12071,26.0592,,144.182,,333.6
12072,26.0612,,144.273,,333.6
12073,26.0632,,144.364,,333.6
12074,26.0652,,144.455,,333.6
12075,26.0672,,144.545,,333.6
12076,26.0691,,144.636,,333.6
12077,26.0711,,144.727,,333.6
12078,26.0731,,144.818,,333.6
12079,26.0751,,144.909,,333.6
12080,26.0771,,145,,333.6
12081,26.0794,,144.889,,333.578
12082,26.0816,,144.778,,333.556
12083,26.0839,,144.667,,333.533
12084,26.0862,,144.556,,333.511
12085,26.0885,,144.444,,333.489
12086,26.0908,,144.333,,333.467
12087,26.0931,,144.222,,333.444
12088,26.0954,,144.111,,333.422
12089,26.0977,,144,,333.4
12090,26.0999,,143.9,,333.38
12091,26.102,,143.8,,333.36
12092,26.1042,,143.7,,333.34
12093,26.1064,,143.6,,333.32
12094,26.1086,,143.5,,333.3
12095,26.1108,,143.4,,333.28
12096,26.113,,143.3,,333.26
12097,26.1151,,143.2,,333.24
12098,26.1173,,143.1,,333.22
12099,26.1195,,143,,333.2
12100,26.1218,,142.889,,333.178
12101,26.1242,,142.778,,333.156
12102,26.1265,,142.667,,333.133
12103,26.1288,,142.556,,333.111
12104,26.1312,,142.444,,333.089
12105,26.1335,,142.333,,333.067
12106,26.1358,,142.222,,333.044
12107,26.1381,,142.111,,333.022
12108,26.1405,,142,,333
12109,26.143,,142.125,,332.975
12110,26.1455,,142.25,,332.95
12111,26.1481,,142.375,,332.925
12112,26.1506,,142.5,,332.9
12113,26.1531,,142.625,,332.875
12114,26.1557,,142.75,,332.85
12115,26.1582,,142.875,,332.825
12116,26.1607,,143,,332.8
12117,26.1625,,143.273,,332.836
12118,26.1643,,143.545,,332.873
12119,26.1661,,143.818,,332.909
12120,26.1679,,144.091,,332.945
12121,26.1696,,144.364,,332.982
12122,26.1714,,144.636,,333.018
12123,26.1732,,144.909,,333.055
12124,26.175,,145.182,,333.091
12125,26.1767,,145.455,,333.127
12126,26.1785,,145.727,,333.164
12127,26.1803,,146,,333.2
12128,26.1822,,146.25,,333.4
12129,26.184,,146.5,,333.6
12130,26.1859,,146.75,,333.8
12131,26.1878,,147,,334
12132,26.1896,,147.25,,334.2
12133,26.1915,,147.5,,334.4
12134,26.1934,,147.75,,334.6
12135,26.1952,,148,,334.8
12136,26.1971,,148.25,,335.1
12137,26.199,,148.5,,335.4
12138,26.2009,,148.75,,335.7
12139,26.2028,,149,,336
12140,26.2048,,149.25,,336.25
12141,26.2068,,149.5,,336.5
12142,26.2087,,149.75,,336.75
12143,26.2107,,150,,337
12144,26.2126,,150.286,,337.143
12145,26.2145,,150.571,,337.286
12146,26.2164,,150.857,,337.429
12147,26.2184,,151.143,,337.571
12148,26.2203,,151.429,,337.714
12149,26.2222,,151.714,,337.857
12150,26.2241,,152,,338
12151,26.2261,,152.2,,338.24
12152,26.2281,,152.4,,338.48
12153,26.2301,,152.6,,338.72
12154,26.2321,,152.8,,338.96
12155,26.2341,,153,,339.2
12156,26.2363,,153,,339.22
12157,26.2385,,153,,339.24
12158,26.2407,,153,,339.26
12159,26.2429,,153,,339.28
12160,26.245,,153,,339.3
12161,26.2472,,153,,339.32
12162,26.2494,,153,,339.34
12163,26.2516,,153,,339.36
12164,26.2538,,153,,339.38
12165,26.256,,153,,339.4
12166,26.2582,,153,,339.356
12167,26.2605,,153,,339.311
12168,26.2628,,153,,339.267
12169,26.2651,,153,,339.222
12170,26.2673,,153,,339.178
12171,26.2696,,153,,339.133
12172,26.2719,,153,,339.089
12173,26.2741,,153,,339.044
12174,26.2764,,153,,339
12175,26.2785,,152.7,,338.96
12176,26.2806,,152.4,,338.92
12177,26.2828,,152.1,,338.88
12178,26.2849,,151.8,,338.84
12179,26.287,,151.5,,338.8
12180,26.2891,,151.2,,338.76
12181,26.2912,,150.9,,338.72
12182,26.2934,,150.6,,338.68
12183,26.2955,,150.3,,338.64
12184,26.2976,,150,,338.6
12185,26.2995,,149.727,,338.582
12186,26.3014,,149.455,,338.564
12187,26.3033,,149.182,,338.545
12188,26.3053,,148.909,,338.527
12189,26.3072,,148.636,,338.509
12190,26.3091,,148.364,,338.491
12191,26.311,,148.091,,338.473
12192,26.3129,,147.818,,338.455
12193,26.3149,,147.545,,338.436
12194,26.3168,,147.273,,338.418
12195,26.3187,,147,,338.4
12196,26.3208,,146.8,,338.4
12197,26.3228,,146.6,,338.4
12198,26.3249,,146.4,,338.4
12199,26.3269,,146.2,,338.4
12200,26.329,,146,,338.4
12201,26.331,,145.8,,338.4
12202,26.3331,,145.6,,338.4
12203,26.3351,,145.4,,338.4
12204,26.3372,,145.2,,338.4
12205,26.3393,,145,,338.4
12206,26.3414,,144.8,,338.38
12207,26.3435,,144.6,,338.36
12208,26.3456,,144.4,,338.34
12209,26.3477,,144.2,,338.32
12210,26.3498,,144,,338.3
12211,26.3519,,143.8,,338.28
12212,26.3541,,143.6,,338.26
12213,26.3562,,143.4,,338.24
12214,26.3583,,143.2,,338.22
12215,26.3604,,143,,338.2
12216,26.3624,,143,,338.24
12217,26.3644,,143,,338.28
12218,26.3665,,143,,338.32
12219,26.3685,,143,,338.36
12220,26.3705,,143,,338.4
12221,26.3725,,143,,338.44
12222,26.3745,,143,,338.48
12223,26.3765,,143,,338.52
12224,26.3786,,143,,338.56
12225,26.3806,,143,,338.6
12226,26.3827,,143.375,,338.725
12227,26.3848,,143.75,,338.85
12228,26.3868,,144.125,,338.975
12229,26.3889,,144.5,,339.1
12230,26.391,,144.875,,339.225
12231,26.3931,,145.25,,339.35
12232,26.3952,,145.625,,339.475
12233,26.3973,,146,,339.6
12234,26.399,,146.25,,339.75
12235,26.4006,,146.5,,339.9
12236,26.4023,,146.75,,340.05
12237,26.404,,147,,340.2
12238,26.4054,,147.5,,340.6
12239,26.4068,,148,,341
12240,26.4086,,148,,341.4
12241,26.4104,,148.5,,341.75
12242,26.4123,,149,,342.1
12243,26.4141,,149.5,,342.45
12244,26.4159,,150,,342.8
12245,26.4177,,150.333,,343
12246,26.4194,,150.667,,343.2
12247,26.4211,,151,,343.4
12248,26.4228,,151.333,,343.6
12249,26.4245,,151.667,,343.8
12250,26.4262,,152,,344
12251,26.4279,,152.25,,344.25
12252,26.4295,,152.5,,344.5
12253,26.4312,,152.75,,344.75
12254,26.4329,,153,,345
12255,26.4347,,153.2,,345.24
12256,26.4366,,153.4,,345.48
12257,26.4385,,153.6,,345.72
12258,26.4403,,153.8,,345.96
12259,26.4422,,154,,346.2
12260,26.444,,154.333,,346.4
12261,26.4458,,154.667,,346.6
12262,26.4476,,155,,346.8
12263,26.4494,,155.333,,347
12264,26.4512,,155.667,,347.2
12265,26.453,,156,,347.4
12266,26.455,,156,,347.65
12267,26.457,,156,,347.9
12268,26.459,,156,,348.15
12269,26.461,,156,,348.4
12270,26.4629,,155.8,,348.64
12271,26.4648,,155.6,,348.88
12272,26.4667,,155.4,,349.12
12273,26.4686,,155.2,,349.36
12274,26.4705,,155,,349.6
12275,26.4725,,155.1,,349.62
12276,26.4745,,155.2,,349.64
12277,26.4766,,155.3,,349.66
12278,26.4786,,155.4,,349.68
12279,26.4806,,155.5,,349.7
12280,26.4826,,155.6,,349.72
12281,26.4846,,155.7,,349.74
12282,26.4866,,155.8,,349.76
12283,26.4886,,155.9,,349.78
12284,26.4906,,156,,349.8
12285,26.4929,,155.778,,349.756
12286,26.4952,,155.556,,349.711
12287,26.4975,,155.333,,349.667
12288,26.4998,,155.111,,349.622
12289,26.502,,154.889,,349.578
12290,26.5043,,154.667,,349.533
12291,26.5066,,154.444,,349.489
12292,26.5089,,154.222,,349.444
12293,26.5111,,154,,349.4
12294,26.5125,,153.5,,349.4
12295,26.5139,,153,,349.4
12296,26.5155,,152.5,,349.3
12297,26.5172,,152,,349.2
12298,26.5188,,151.5,,349.2
12299,26.5204,,151,,349.2
12300,26.5218,,150.4,,349.16
12301,26.5233,,149.8,,349.12
12302,26.5247,,149.2,,349.08
12303,26.5262,,148.6,,349.04
12304,26.5276,,148,,349
12305,26.529,,147,,349
12306,26.5303,,146.25,,348.9
12307,26.5316,,145.5,,348.8
12308,26.5329,,144.75,,348.7
12309,26.5341,,144,,348.6
12310,26.5358,,143,,348.4
12311,26.5378,,143.1,,348.34
12312,26.5399,,143.2,,348.28
12313,26.5419,,143.3,,348.22
12314,26.544,,143.4,,348.16
12315,26.546,,143.5,,348.1
12316,26.548,,143.6,,348.04
12317,26.5501,,143.7,,347.98
12318,26.5521,,143.8,,347.92
12319,26.5542,,143.9,,347.86
12320,26.5562,,144,,347.8
12321,26.5584,,144.1,,347.8
12322,26.5605,,144.2,,347.8
12323,26.5627,,144.3,,347.8
12324,26.5648,,144.4,,347.8
12325,26.567,,144.5,,347.8
12326,26.5692,,144.6,,347.8
12327,26.5713,,144.7,,347.8
12328,26.5735,,144.8,,347.8
12329,26.5756,,144.9,,347.8
12330,26.5778,,145,,347.8
12331,26.58,,144.889,,347.8
12332,26.5823,,144.778,,347.8
12333,26.5845,,144.667,,347.8
12334,26.5867,,144.556,,347.8
12335,26.589,,144.444,,347.8
12336,26.5912,,144.333,,347.8
12337,26.5934,,144.222,,347.8
12338,26.5957,,144.111,,347.8
12339,26.5979,,144,,347.8
12340,26.6002,,143.889,,347.822
12341,26.6024,,143.778,,347.844
12342,26.6046,,143.667,,347.867
12343,26.6069,,143.556,,347.889
12344,26.6091,,143.444,,347.911
12345,26.6113,,143.333,,347.933
12346,26.6136,,143.222,,347.956
12347,26.6158,,143.111,,347.978
12348,26.6181,,143,,348
12349,26.6202,,143,,348
12350,26.6224,,143,,348
12351,26.6245,,143,,348
12352,26.6267,,143,,348
12353,26.6289,,143,,348
12354,26.631,,143,,348
12355,26.6332,,143,,348
12356,26.6353,,143,,348
12357,26.6375,,143,,348
12358,26.6397,,143,,348
12359,26.6419,,143,,348
12360,26.6441,,143,,348
12361,26.6463,,143,,348
12362,26.6485,,143,,348
12363,26.6507,,143,,348
12364,26.6529,,143,,348
12365,26.6552,,143,,348
12366,26.6574,,143,,348
12367,26.6596,,143,,348
12368,26.6618,,143,,348
12369,26.6639,,143,,348.02
12370,26.666,,143,,348.04
12371,26.6682,,143,,348.06
12372,26.6703,,143,,348.08
12373,26.6724,,143,,348.1
12374,26.6745,,143,,348.12
12375,26.6767,,143,,348.14
12376,26.6788,,143,,348.16
12377,26.6809,,143,,348.18
12378,26.683,,143,,348.2
12379,26.6851,,142.9,,348.2
12380,26.6871,,142.8,,348.2
12381,26.6891,,142.7,,348.2
12382,26.6911,,142.6,,348.2
12383,26.6931,,142.5,,348.2
12384,26.6951,,142.4,,348.2
12385,26.6972,,142.3,,348.2
12386,26.6992,,142.2,,348.2
12387,26.7012,,142.1,,348.2
12388,26.7032,,142,,348.2
12389,26.705,,142.273,,348.255
12390,26.7067,,142.545,,348.309
12391,26.7085,,142.818,,348.364
12392,26.7102,,143.091,,348.418
12393,26.712,,143.364,,348.473
12394,26.7137,,143.636,,348.527
12395,26.7155,,143.909,,348.582
12396,26.7172,,144.182,,348.636
12397,26.719,,144.455,,348.691
12398,26.7207,,144.727,,348.745
12399,26.7225,,145,,348.8
12400,26.7243,,145.286,,348.914
12401,26.7261,,145.571,,349.029
12402,26.728,,145.857,,349.143
12403,26.7298,,146.143,,349.257
12404,26.7316,,146.429,,349.371
12405,26.7335,,146.714,,349.486
12406,26.7353,,147,,349.6
12407,26.7368,,147.143,,349.771
12408,26.7382,,147.286,,349.943
12409,26.7397,,147.429,,350.114
12410,26.7412,,147.571,,350.286
12411,26.7426,,147.714,,350.457
12412,26.7441,,147.857,,350.629
12413,26.7455,,148,,350.8
12414,26.7472,,148.5,,350.8
12415,26.7488,,149,,350.8
12416,26.7512,,149.111,,350.822
12417,26.7535,,149.222,,350.844
12418,26.7559,,149.333,,350.867
12419,26.7582,,149.444,,350.889
12420,26.7606,,149.556,,350.911
12421,26.7629,,149.667,,350.933
12422,26.7652,,149.778,,350.956
12423,26.7676,,149.889,,350.978
12424,26.7699,,150,,351
12425,26.7722,,149.75,,350.8
12426,26.7745,,149.5,,350.6
12427,26.7767,,149.25,,350.4
12428,26.779,,149,,350.2
12429,26.7813,,148.75,,350
12430,26.7836,,148.5,,349.8
12431,26.7858,,148.25,,349.6
12432,26.7881,,148,,349.4
12433,26.7907,,147.4,,349.2
12434,26.7932,,146.8,,349
12435,26.7958,,146.2,,348.8
12436,26.7983,,145.6,,348.6
12437,26.8009,,145,,348.4
12438,26.8032,,145,,348.2
12439,26.8054,,145,,348
12440,26.8077,,145,,347.8
12441,26.81,,145,,347.6
12442,26.8123,,145,,347.4
12443,26.8146,,145,,347.2
12444,26.8167,,144.8,,347
12445,26.8188,,144.6,,346.8
12446,26.8209,,144.4,,346.6
12447,26.823,,144.2,,346.4
12448,26.8251,,144,,346.2
12449,26.8271,,144,,345.8
12450,26.8291,,144,,345.4
12451,26.8312,,144,,345
12452,26.8332,,143.75,,344.75
12453,26.8351,,143.5,,344.5
12454,26.8371,,143.25,,344.25
12455,26.8391,,143,,344
12456,26.841,,142.8,,343.72
12457,26.8429,,142.6,,343.44
12458,26.8448,,142.4,,343.16
12459,26.8467,,142.2,,342.88
12460,26.8486,,142,,342.6
12461,26.8511,,141.333,,342.2
12462,26.8536,,140.667,,341.8
12463,26.8562,,140,,341.4
12464,26.8585,,140.25,,341.05
12465,26.8609,,140.5,,340.7
12466,26.8633,,140.75,,340.35
12467,26.8656,,141,,340
12468,26.8687,,141,,339.7
12469,26.8717,,141,,339.4
12470,26.8747,,141,,339.1
12471,26.8778,,141,,338.8
12472,26.8805,,141,,338.4
12473,26.8832,,141,,338
12474,26.8859,,141,,337.6
12475,26.8883,,140.833,,337.367
12476,26.8907,,140.667,,337.133
12477,26.8931,,140.5,,336.9
12478,26.8955,,140.333,,336.667
12479,26.8979,,140.167,,336.433
12480,26.9003,,140,,336.2
12481,26.9026,,140,,335.96
12482,26.905,,140,,335.72
12483,26.9073,,140,,335.48
12484,26.9097,,140,,335.24
12485,26.912,,140,,335
12486,26.9145,,140,,334.75
12487,26.9171,,140,,334.5
12488,26.9196,,140,,334.25
12489,26.9221,,140,,334
12490,26.9244,,140.111,,333.889
12491,26.9267,,140.222,,333.778
12492,26.929,,140.333,,333.667
12493,26.9313,,140.444,,333.556
12494,26.9336,,140.556,,333.444
12495,26.9359,,140.667,,333.333
12496,26.9381,,140.778,,333.222
12497,26.9404,,140.889,,333.111
12498,26.9427,,141,,333
12499,26.9448,,141,,333
12500,26.947,,141.333,,332.956
12501,26.9492,,141.667,,332.911
12502,26.9514,,142,,332.867
12503,26.9536,,142.333,,332.822
12504,26.9557,,142.667,,332.778
12505,26.9579,,143,,332.733
12506,26.9601,,143.333,,332.689
12507,26.9623,,143.667,,332.644
12508,26.9645,,144,,332.6
12509,26.9665,,144.3,,332.64
12510,26.9684,,144.6,,332.68
12511,26.9704,,144.9,,332.72
12512,26.9724,,145.2,,332.76
12513,26.9744,,145.5,,332.8
12514,26.9763,,145.8,,332.84
12515,26.9783,,146.1,,332.88
12516,26.9803,,146.4,,332.92
12517,26.9823,,146.7,,332.96
12518,26.9842,,147,,333
12519,26.9866,,147.167,,333.067
12520,26.9889,,147.333,,333.133
12521,26.9912,,147.5,,333.2
12522,26.9935,,147.667,,333.267
12523,26.9958,,147.833,,333.333
12524,26.9981,,148,,333.4
12525,27.0003,,148,,333.486
12526,27.0024,,148,,333.571
12527,27.0046,,148,,333.657
12528,27.0067,,148,,333.743
12529,27.0088,,148,,333.829
12530,27.011,,148,,333.914
12531,27.0131,,148,,334
12532,27.0152,,148.1,,334.04
12533,27.0174,,148.2,,334.08
12534,27.0195,,148.3,,334.12
12535,27.0217,,148.4,,334.16
12536,27.0238,,148.5,,334.2
12537,27.026,,148.6,,334.24
12538,27.0281,,148.7,,334.28
12539,27.0303,,148.8,,334.32
12540,27.0324,,148.9,,334.36
12541,27.0346,,149,,334.4
12542,27.0368,,149,,334.333
12543,27.0391,,149,,334.267
12544,27.0413,,149,,334.2
12545,27.0436,,149,,334.133
12546,27.0458,,149,,334.067
12547,27.0481,,149,,334
12548,27.0503,,149,,333.933
12549,27.0526,,149,,333.867
12550,27.0548,,149,,333.8
12551,27.057,,149,,333.76
12552,27.0592,,149,,333.72
12553,27.0614,,149,,333.68
12554,27.0635,,149,,333.64
12555,27.0657,,149,,333.6
12556,27.0679,,149,,333.56
12557,27.0701,,149,,333.52
12558,27.0723,,149,,333.48
12559,27.0745,,149,,333.44
12560,27.0767,,149,,333.4
12561,27.0788,,148.9,,333.42
12562,27.081,,148.8,,333.44
12563,27.0832,,148.7,,333.46
12564,27.0853,,148.6,,333.48
12565,27.0875,,148.5,,333.5
12566,27.0896,,148.4,,333.52
12567,27.0918,,148.3,,333.54
12568,27.094,,148.2,,333.56
12569,27.0961,,148.1,,333.58
12570,27.0983,,148,,333.6
12571,27.1005,,148,,333.6
12572,27.1027,,148,,333.6
12573,27.105,,148,,333.6
12574,27.1072,,148,,333.6
12575,27.1094,,148,,333.6
12576,27.1116,,148,,333.6
12577,27.1138,,148,,333.6
12578,27.1161,,148,,333.6
12579,27.1183,,148,,333.6
12580,27.1205,,148,,333.6
12581,27.1229,,148,,333.6
12582,27.1252,,148,,333.6
12583,27.1276,,148,,333.6
12584,27.13,,148,,333.6
12585,27.1324,,148,,333.6
12586,27.1347,,148,,333.6
12587,27.1371,,148,,333.6
12588,27.1395,,148,,333.6
12589,27.1418,,148,,333.6
12590,27.144,,147.9,,333.58
12591,27.1461,,147.8,,333.56
12592,27.1482,,147.7,,333.54
12593,27.1504,,147.6,,333.52
12594,27.1525,,147.5,,333.5
12595,27.1546,,147.4,,333.48
12596,27.1568,,147.3,,333.46
12597,27.1589,,147.2,,333.44
12598,27.161,,147.1,,333.42
12599,27.1631,,147,,333.4
12600,27.1652,,146.9,,333.36
12601,27.1673,,146.8,,333.32
12602,27.1693,,146.7,,333.28
12603,27.1714,,146.6,,333.24
12604,27.1734,,146.5,,333.2
12605,27.1755,,146.4,,333.16
12606,27.1776,,146.3,,333.12
12607,27.1796,,146.2,,333.08
12608,27.1817,,146.1,,333.04
12609,27.1837,,146,,333
12610,27.1855,,145.833,,332.967
12611,27.1872,,145.667,,332.933
12612,27.189,,145.5,,332.9
12613,27.1907,,145.333,,332.867
12614,27.1925,,145.167,,332.833
12615,27.1942,,145,,332.8
12616,27.196,,144.833,,332.767
12617,27.1977,,144.667,,332.733
12618,27.1994,,144.5,,332.7
12619,27.2012,,144.333,,332.667
12620,27.2029,,144.167,,332.633
12621,27.2047,,144,,332.6
12622,27.2067,,143.909,,332.6
12623,27.2087,,143.818,,332.6
12624,27.2106,,143.727,,332.6
12625,27.2126,,143.636,,332.6
12626,27.2146,,143.545,,332.6
12627,27.2166,,143.455,,332.6
12628,27.2186,,143.364,,332.6
12629,27.2206,,143.273,,332.6
12630,27.2226,,143.182,,332.6
12631,27.2246,,143.091,,332.6
12632,27.2266,,143,,332.6
12633,27.2289,,143,,332.6
12634,27.2312,,143,,332.6
12635,27.2336,,143,,332.6
12636,27.2359,,143,,332.6
12637,27.2382,,143,,332.6
12638,27.2406,,143,,332.6
12639,27.2429,,143,,332.6
12640,27.2453,,143,,332.6
12641,27.2476,,143,,332.6
12642,27.25,,143,,332.622
12643,27.2524,,143,,332.644
12644,27.2548,,143,,332.667
12645,27.2572,,143,,332.689
12646,27.2596,,143,,332.711
12647,27.262,,143,,332.733
12648,27.2644,,143,,332.756
12649,27.2668,,143,,332.778
12650,27.2691,,143,,332.8
12651,27.2715,,143,,332.8
12652,27.2739,,143,,332.8
12653,27.2762,,143,,332.8
12654,27.2786,,143,,332.8
12655,27.2809,,143,,332.8
12656,27.2833,,143,,332.8
12657,27.2857,,143,,332.8
12658,27.288,,143,,332.8
12659,27.2904,,143,,332.8
12660,27.2927,,143,,332.756
12661,27.2951,,143,,332.711
12662,27.2975,,143,,332.667
12663,27.2999,,143,,332.622
12664,27.3023,,143,,332.578
12665,27.3046,,143,,332.533
12666,27.307,,143,,332.489
12667,27.3094,,143,,332.444
12668,27.3118,,143,,332.4
12669,27.3138,,142.857,,332.343
12670,27.3158,,142.714,,332.286
12671,27.3178,,142.571,,332.229
12672,27.3198,,142.429,,332.171
12673,27.3218,,142.286,,332.114
12674,27.3239,,142.143,,332.057
12675,27.3259,,142,,332
12676,27.3279,,142,,331.96
12677,27.33,,142,,331.92
12678,27.3321,,142,,331.88
12679,27.3342,,142,,331.84
12680,27.3363,,142,,331.8
12681,27.3384,,142,,331.76
12682,27.3405,,142,,331.72
12683,27.3426,,142,,331.68
12684,27.3446,,142,,331.64
12685,27.3467,,142,,331.6
12686,27.349,,142.111,,331.556
12687,27.3512,,142.222,,331.511
12688,27.3535,,142.333,,331.467
12689,27.3557,,142.444,,331.422
12690,27.358,,142.556,,331.378
12691,27.3602,,142.667,,331.333
12692,27.3624,,142.778,,331.289
12693,27.3647,,142.889,,331.244
12694,27.3669,,143,,331.2
12695,27.3692,,143.111,,331.178
12696,27.3715,,143.222,,331.156
12697,27.3737,,143.333,,331.133
12698,27.376,,143.444,,331.111
12699,27.3783,,143.556,,331.089
12700,27.3806,,143.667,,331.067
12701,27.3828,,143.778,,331.044
12702,27.3851,,143.889,,331.022
12703,27.3874,,144,,331
12704,27.3895,,144.333,,331.067
12705,27.3917,,144.667,,331.133
12706,27.3939,,145,,331.2
12707,27.396,,145.333,,331.267
12708,27.3982,,145.667,,331.333
12709,27.4003,,146,,331.4
12710,27.4025,,146.333,,331.467
12711,27.4047,,146.667,,331.533
12712,27.4068,,147,,331.6
12713,27.4091,,147.375,,331.725
12714,27.4113,,147.75,,331.85
12715,27.4135,,148.125,,331.975
12716,27.4158,,148.5,,332.1
12717,27.418,,148.875,,332.225
12718,27.4202,,149.25,,332.35
12719,27.4225,,149.625,,332.475
12720,27.4247,,150,,332.6
12721,27.4269,,150.333,,332.733
12722,27.429,,150.667,,332.867
12723,27.4312,,151,,333
12724,27.4333,,151,,333.02
12725,27.4355,,151,,333.04
12726,27.4377,,151,,333.06
12727,27.4398,,151,,333.08
12728,27.442,,151,,333.1
12729,27.4442,,151,,333.12
12730,27.4463,,151,,333.14
12731,27.4485,,151,,333.16
12732,27.4507,,151,,333.18
12733,27.4528,,151,,333.2
12734,27.4549,,150.9,,333.2
12735,27.4569,,150.8,,333.2
12736,27.459,,150.7,,333.2
12737,27.4611,,150.6,,333.2
12738,27.4631,,150.5,,333.2
12739,27.4651,,150.4,,333.2
12740,27.4672,,150.3,,333.2
12741,27.4692,,150.2,,333.2
12742,27.4713,,150.1,,333.2
12743,27.4733,,150,,333.2
12744,27.4754,,150,,333.2
12745,27.4774,,150,,333.2
12746,27.4795,,150,,333.2
12747,27.4815,,150,,333.2
12748,27.4836,,150,,333.2
12749,27.4856,,150,,333.2
12750,27.4877,,150,,333.2
12751,27.4897,,150,,333.2
12752,27.4917,,150,,333.2
12753,27.4938,,150,,333.2
12754,27.4959,,149.9,,333.22
12755,27.4981,,149.8,,333.24
12756,27.5002,,149.7,,333.26
12757,27.5023,,149.6,,333.28
12758,27.5045,,149.5,,333.3
12759,27.5066,,149.4,,333.32
12760,27.5087,,149.3,,333.34
12761,27.5109,,149.2,,333.36
12762,27.513,,149.1,,333.38
12763,27.5151,,149,,333.4
12764,27.5172,,148.9,,333.4
12765,27.5193,,148.8,,333.4
12766,27.5214,,148.7,,333.4
12767,27.5235,,148.6,,333.4
12768,27.5255,,148.5,,333.4
12769,27.5276,,148.4,,333.4
12770,27.5297,,148.3,,333.4
12771,27.5318,,148.2,,333.4
12772,27.5339,,148.1,,333.4
12773,27.5359,,148,,333.4
12774,27.538,,147.9,,333.36
12775,27.5401,,147.8,,333.32
12776,27.5423,,147.7,,333.28
12777,27.5444,,147.6,,333.24
12778,27.5465,,147.5,,333.2
12779,27.5486,,147.4,,333.16
12780,27.5507,,147.3,,333.12
12781,27.5528,,147.2,,333.08
12782,27.5549,,147.1,,333.04
12783,27.557,,147,,333
12784,27.559,,146.9,,333
12785,27.5611,,146.8,,333
12786,27.5631,,146.7,,333
12787,27.5651,,146.6,,333
12788,27.5672,,146.5,,333
12789,27.5692,,146.4,,333
12790,27.5712,,146.3,,333
12791,27.5733,,146.2,,333
12792,27.5753,,146.1,,333
12793,27.5774,,146,,333
12794,27.5795,,146.1,,332.98
12795,27.5817,,146.2,,332.96
12796,27.5839,,146.3,,332.94
12797,27.5861,,146.4,,332.92
12798,27.5882,,146.5,,332.9
12799,27.5904,,146.6,,332.88
12800,27.5926,,146.7,,332.86
12801,27.5948,,146.8,,332.84
12802,27.597,,146.9,,332.82
12803,27.5991,,147,,332.8
12804,27.6014,,146.889,,332.8
12805,27.6036,,146.778,,332.8
12806,27.6059,,146.667,,332.8
12807,27.6081,,146.556,,332.8
12808,27.6104,,146.444,,332.8
12809,27.6126,,146.333,,332.8
12810,27.6149,,146.222,,332.8
12811,27.6172,,146.111,,332.8
12812,27.6194,,146,,332.8
12813,27.6216,,145.9,,332.8
12814,27.6238,,145.8,,332.8
12815,27.6261,,145.7,,332.8
12816,27.6283,,145.6,,332.8
12817,27.6305,,145.5,,332.8
12818,27.6327,,145.4,,332.8
12819,27.6349,,145.3,,332.8
12820,27.6372,,145.2,,332.8
12821,27.6394,,145.1,,332.8
12822,27.6416,,145,,332.8
12823,27.6438,,144.889,,332.778
12824,27.6461,,144.778,,332.756
12825,27.6483,,144.667,,332.733
12826,27.6506,,144.556,,332.711
12827,27.6528,,144.444,,332.689
12828,27.6551,,144.333,,332.667
12829,27.6573,,144.222,,332.644
12830,27.6595,,144.111,,332.622
12831,27.6618,,144,,332.6
12832,27.6639,,143.8,,332.48
12833,27.6659,,143.6,,332.36
12834,27.668,,143.4,,332.24
12835,27.6701,,143.2,,332.12
12836,27.6722,,143,,332
12837,27.6743,,143,,331.98
12838,27.6764,,143,,331.96
12839,27.6785,,143,,331.94
12840,27.6806,,143,,331.92
12841,27.6827,,143,,331.9
12842,27.6849,,143,,331.88
12843,27.687,,143,,331.86
12844,27.6891,,143,,331.84
12845,27.6912,,143,,331.82
12846,27.6933,,143,,331.8
12847,27.6954,,143.1,,331.82
12848,27.6975,,143.2,,331.84
12849,27.6996,,143.3,,331.86
12850,27.7017,,143.4,,331.88
12851,27.7038,,143.5,,331.9
12852,27.706,,143.6,,331.92
12853,27.7081,,143.7,,331.94
12854,27.7102,,143.8,,331.96
12855,27.7123,,143.9,,331.98
12856,27.7144,,144,,332
12857,27.7165,,144.1,,332.02
12858,27.7187,,144.2,,332.04
12859,27.7208,,144.3,,332.06
12860,27.7229,,144.4,,332.08
12861,27.7251,,144.5,,332.1
12862,27.7272,,144.6,,332.12
12863,27.7294,,144.7,,332.14
12864,27.7315,,144.8,,332.16
12865,27.7336,,144.9,,332.18
12866,27.7358,,145,,332.2
12867,27.7379,,145,,332.24
12868,27.7401,,145,,332.28
12869,27.7422,,145,,332.32
12870,27.7444,,145,,332.36
12871,27.7465,,145,,332.4
12872,27.7487,,145,,332.44
12873,27.7508,,145,,332.48
12874,27.753,,145,,332.52
12875,27.7551,,145,,332.56
12876,27.7573,,145,,332.6
12877,27.7594,,145.1,,332.58
12878,27.7615,,145.2,,332.56
12879,27.7636,,145.3,,332.54
12880,27.7657,,145.4,,332.52
12881,27.7679,,145.5,,332.5
12882,27.77,,145.6,,332.48
12883,27.7721,,145.7,,332.46
12884,27.7742,,145.8,,332.44
12885,27.7764,,145.9,,332.42
12886,27.7785,,146,,332.4
12887,27.7806,,146,,332.4
12888,27.7828,,146,,332.4
12889,27.7849,,146,,332.4
12890,27.7871,,146,,332.4
12891,27.7892,,146,,332.4
12892,27.7914,,146,,332.4
12893,27.7935,,146,,332.4
12894,27.7956,,146,,332.4
12895,27.7978,,146,,332.4
12896,27.7999,,146,,332.4
12897,27.8021,,146,,332.42
12898,27.8043,,146,,332.44
12899,27.8065,,146,,332.46
12900,27.8086,,146,,332.48
12901,27.8108,,146,,332.5
12902,27.813,,146,,332.52
12903,27.8152,,146,,332.54
12904,27.8174,,146,,332.56
12905,27.8195,,146,,332.58
12906,27.8217,,146,,332.6
12907,27.8238,,145.9,,332.58
12908,27.8259,,145.8,,332.56
12909,27.828,,145.7,,332.54
12910,27.8301,,145.6,,332.52
12911,27.8323,,145.5,,332.5
12912,27.8344,,145.4,,332.48
12913,27.8365,,145.3,,332.46
12914,27.8386,,145.2,,332.44
12915,27.8407,,145.1,,332.42
12916,27.8428,,145,,332.4
12917,27.8449,,144.9,,332.36
12918,27.847,,144.8,,332.32
12919,27.8491,,144.7,,332.28
12920,27.8512,,144.6,,332.24
12921,27.8533,,144.5,,332.2
12922,27.8554,,144.4,,332.16
12923,27.8575,,144.3,,332.12
12924,27.8596,,144.2,,332.08
12925,27.8618,,144.1,,332.04
12926,27.8639,,144,,332
12927,27.866,,144,,331.96
12928,27.8681,,144,,331.92
12929,27.8702,,144,,331.88
12930,27.8723,,144,,331.84
12931,27.8745,,144,,331.8
12932,27.8766,,144,,331.76
12933,27.8787,,144,,331.72
12934,27.8808,,144,,331.68
12935,27.8829,,144,,331.64
12936,27.885,,144,,331.6
12937,27.8873,,144.1,,331.58
12938,27.8895,,144.2,,331.56
12939,27.8917,,144.3,,331.54
12940,27.8939,,144.4,,331.52
12941,27.8961,,144.5,,331.5
12942,27.8983,,144.6,,331.48
12943,27.9005,,144.7,,331.46
12944,27.9027,,144.8,,331.44
12945,27.9049,,144.9,,331.42
12946,27.9072,,145,,331.4
12947,27.9094,,144.9,,331.4
12948,27.9116,,144.8,,331.4
12949,27.9138,,144.7,,331.4
12950,27.916,,144.6,,331.4
12951,27.9182,,144.5,,331.4
12952,27.9204,,144.4,,331.4
12953,27.9226,,144.3,,331.4
12954,27.9248,,144.2,,331.4
12955,27.927,,144.1,,331.4
12956,27.9292,,144,,331.4
12957,27.9315,,143.889,,331.422
12958,27.9338,,143.778,,331.444
12959,27.9361,,143.667,,331.467
12960,27.9384,,143.556,,331.489
12961,27.9407,,143.444,,331.511
12962,27.943,,143.333,,331.533
12963,27.9453,,143.222,,331.556
12964,27.9476,,143.111,,331.578
12965,27.9499,,143,,331.6
12966,27.9521,,142.9,,331.58
12967,27.9542,,142.8,,331.56
12968,27.9564,,142.7,,331.54
12969,27.9586,,142.6,,331.52
12970,27.9607,,142.5,,331.5
12971,27.9629,,142.4,,331.48
12972,27.9651,,142.3,,331.46
12973,27.9672,,142.2,,331.44
12974,27.9694,,142.1,,331.42
12975,27.9716,,142,,331.4
12976,27.9737,,142.1,,331.36
12977,27.9759,,142.2,,331.32
12978,27.9781,,142.3,,331.28
12979,27.9802,,142.4,,331.24
12980,27.9824,,142.5,,331.2
12981,27.9846,,142.6,,331.16
12982,27.9867,,142.7,,331.12
12983,27.9889,,142.8,,331.08
12984,27.9911,,142.9,,331.04
12985,27.9932,,143,,331
12986,27.9954,,142.5,,330.9
12987,27.9977,,142,,330.8
12988,27.9997,,142,,330.8
12989,28.0018,,142.2,,330.8
12990,28.0039,,142.4,,330.8
12991,28.0059,,142.6,,330.8
12992,28.008,,142.8,,330.8
12993,28.01,,143,,330.8
12994,28.0121,,143.2,,330.8
12995,28.0142,,143.4,,330.8
12996,28.0162,,143.6,,330.8
12997,28.0183,,143.8,,330.8
12998,28.0203,,144,,330.8
12999,28.0224,,144.2,,330.8
13000,28.0245,,144.4,,330.8
13001,28.0265,,144.6,,330.8
13002,28.0286,,144.8,,330.8
13003,28.0307,,145,,330.8
13004,28.0328,,145.2,,330.8
13005,28.0348,,145.4,,330.8
13006,28.0369,,145.6,,330.8
13007,28.039,,145.8,,330.8
13008,28.041,,146,,330.8
13009,28.0431,,146,,330.78
13010,28.0452,,146,,330.76
13011,28.0473,,146,,330.74
13012,28.0495,,146,,330.72
13013,28.0516,,146,,330.7
13014,28.0537,,146,,330.68
13015,28.0558,,146,,330.66
13016,28.0579,,146,,330.64
13017,28.06,,146,,330.62
13018,28.0621,,146,,330.6
13019,28.0642,,145.8,,330.6
13020,28.0664,,145.6,,330.6
13021,28.0685,,145.4,,330.6
13022,28.0707,,145.2,,330.6
13023,28.0728,,145,,330.6
13024,28.0749,,144.8,,330.6
13025,28.0771,,144.6,,330.6
13026,28.0792,,144.4,,330.6
13027,28.0814,,144.2,,330.6
13028,28.0835,,144,,330.6
13029,28.0857,,143.9,,330.62
13030,28.0878,,143.8,,330.64
13031,28.09,,143.7,,330.66
13032,28.0921,,143.6,,330.68
13033,28.0942,,143.5,,330.7
13034,28.0964,,143.4,,330.72
13035,28.0985,,143.3,,330.74
13036,28.1007,,143.2,,330.76
13037,28.1028,,143.1,,330.78
13038,28.105,,143,,330.8
13039,28.1071,,143.1,,330.78
13040,28.1091,,143.2,,330.76
13041,28.1112,,143.3,,330.74
13042,28.1133,,143.4,,330.72
13043,28.1154,,143.5,,330.7
13044,28.1175,,143.6,,330.68
13045,28.1196,,143.7,,330.66
13046,28.1217,,143.8,,330.64
13047,28.1238,,143.9,,330.62
13048,28.1259,,144,,330.6
13049,28.128,,144.2,,330.6
13050,28.1301,,144.4,,330.6
13051,28.1323,,144.6,,330.6
13052,28.1344,,144.8,,330.6
13053,28.1365,,145,,330.6
13054,28.1387,,145.2,,330.6
13055,28.1408,,145.4,,330.6
13056,28.1429,,145.6,,330.6
13057,28.1451,,145.8,,330.6
13058,28.1472,,146,,330.6
13059,28.1493,,146.1,,330.6
13060,28.1515,,146.2,,330.6
13061,28.1536,,146.3,,330.6
13062,28.1557,,146.4,,330.6
13063,28.1578,,146.5,,330.6
13064,28.16,,146.6,,330.6
13065,28.1621,,146.7,,330.6
13066,28.1642,,146.8,,330.6
13067,28.1664,,146.9,,330.6
13068,28.1685,,147,,330.6
13069,28.1707,,147,,330.6
13070,28.1729,,147,,330.6
13071,28.1751,,147,,330.6
13072,28.1773,,147,,330.6
13073,28.1795,,147,,330.6
13074,28.1817,,147,,330.6
13075,28.1839,,147,,330.6
13076,28.1861,,147,,330.6
13077,28.1883,,147,,330.6
13078,28.1905,,147,,330.6
13079,28.1926,,146.9,,330.6
13080,28.1947,,146.8,,330.6
13081,28.1969,,146.7,,330.6
13082,28.199,,146.6,,330.6
13083,28.2011,,146.5,,330.6
13084,28.2032,,146.4,,330.6
13085,28.2054,,146.3,,330.6
13086,28.2075,,146.2,,330.6
13087,28.2096,,146.1,,330.6
13088,28.2117,,146,,330.6
13089,28.2138,,146,,330.6
13090,28.2158,,146,,330.6
13091,28.2179,,146,,330.6
13092,28.2199,,146,,330.6
13093,28.222,,146,,330.6
13094,28.224,,146,,330.6
13095,28.2261,,146,,330.6
13096,28.2281,,146,,330.6
13097,28.2302,,146,,330.6
13098,28.2322,,146,,330.6
13099,28.2343,,146.1,,330.6
13100,28.2365,,146.2,,330.6
13101,28.2386,,146.3,,330.6
13102,28.2407,,146.4,,330.6
13103,28.2428,,146.5,,330.6
13104,28.2449,,146.6,,330.6
13105,28.247,,146.7,,330.6
13106,28.2491,,146.8,,330.6
13107,28.2512,,146.9,,330.6
13108,28.2533,,147,,330.6
13109,28.2555,,146.9,,330.6
13110,28.2576,,146.8,,330.6
13111,28.2598,,146.7,,330.6
13112,28.262,,146.6,,330.6
13113,28.2641,,146.5,,330.6
13114,28.2663,,146.4,,330.6
13115,28.2684,,146.3,,330.6
13116,28.2706,,146.2,,330.6
13117,28.2727,,146.1,,330.6
13118,28.2749,,146,,330.6
13119,28.2769,,145.8,,330.58
13120,28.2789,,145.6,,330.56
13121,28.281,,145.4,,330.54
13122,28.283,,145.2,,330.52
13123,28.285,,145,,330.5
13124,28.287,,144.8,,330.48
13125,28.2891,,144.6,,330.46
13126,28.2911,,144.4,,330.44
13127,28.2931,,144.2,,330.42
13128,28.2951,,144,,330.4
13129,28.2972,,144,,330.4
13130,28.2992,,144,,330.4
13131,28.3012,,144,,330.4
13132,28.3033,,144,,330.4
13133,28.3053,,144,,330.4
13134,28.3073,,144,,330.4
13135,28.3094,,144,,330.4
13136,28.3114,,144,,330.4
13137,28.3134,,144,,330.4
13138,28.3155,,144,,330.4
13139,28.3175,,143.9,,330.4
13140,28.3195,,143.8,,330.4
13141,28.3215,,143.7,,330.4
13142,28.3236,,143.6,,330.4
13143,28.3256,,143.5,,330.4
13144,28.3276,,143.4,,330.4
13145,28.3297,,143.3,,330.4
13146,28.3317,,143.2,,330.4
13147,28.3337,,143.1,,330.4
13148,28.3357,,143,,330.4
13149,28.3378,,142.8,,330.38
13150,28.3399,,142.6,,330.36
13151,28.342,,142.4,,330.34
13152,28.3441,,142.2,,330.32
13153,28.3462,,142,,330.3
13154,28.3483,,141.8,,330.28
13155,28.3504,,141.6,,330.26
13156,28.3525,,141.4,,330.24
13157,28.3546,,141.2,,330.22
13158,28.3566,,141,,330.2
13159,28.3587,,140.9,,330.2
13160,28.3608,,140.8,,330.2
13161,28.3629,,140.7,,330.2
13162,28.365,,140.6,,330.2
13163,28.3671,,140.5,,330.2
13164,28.3692,,140.4,,330.2
13165,28.3713,,140.3,,330.2
13166,28.3734,,140.2,,330.2
13167,28.3755,,140.1,,330.2
13168,28.3775,,140,,330.2
13169,28.3797,,140.1,,330.22
13170,28.3818,,140.2,,330.24
13171,28.3839,,140.3,,330.26
13172,28.3861,,140.4,,330.28
13173,28.3882,,140.5,,330.3
13174,28.3903,,140.6,,330.32
13175,28.3925,,140.7,,330.34
13176,28.3946,,140.8,,330.36
13177,28.3967,,140.9,,330.38
13178,28.3989,,141,,330.4
13179,28.4011,,141.111,,330.4
13180,28.4034,,141.222,,330.4
13181,28.4057,,141.333,,330.4
13182,28.4079,,141.444,,330.4
13183,28.4102,,141.556,,330.4
13184,28.4125,,141.667,,330.4
13185,28.4147,,141.778,,330.4
13186,28.417,,141.889,,330.4
13187,28.4193,,142,,330.4
13188,28.4213,,142,,330.4
13189,28.4233,,142,,330.4
13190,28.4254,,142,,330.4
13191,28.4274,,142,,330.4
13192,28.4294,,142,,330.4
13193,28.4315,,142,,330.4
13194,28.4335,,142,,330.4
13195,28.4355,,142,,330.4
13196,28.4375,,142,,330.4
13197,28.4396,,142,,330.4
13198,28.4417,,142,,330.4
13199,28.4438,,142,,330.4
13200,28.446,,142,,330.4
13201,28.4481,,142,,330.4
13202,28.4502,,142,,330.4
13203,28.4524,,142,,330.4
13204,28.4545,,142,,330.4
13205,28.4566,,142,,330.4
13206,28.4588,,142,,330.4
13207,28.4609,,142,,330.4
13208,28.4631,,142.1,,330.4
13209,28.4652,,142.2,,330.4
13210,28.4673,,142.3,,330.4
13211,28.4695,,142.4,,330.4
13212,28.4716,,142.5,,330.4
13213,28.4738,,142.6,,330.4
13214,28.4759,,142.7,,330.4
13215,28.478,,142.8,,330.4
13216,28.4802,,142.9,,330.4
13217,28.4823,,143,,330.4
13218,28.4846,,143.111,,330.422
13219,28.4868,,143.222,,330.444
13220,28.4891,,143.333,,330.467
13221,28.4914,,143.444,,330.489
13222,28.4936,,143.556,,330.511
13223,28.4959,,143.667,,330.533
13224,28.4981,,143.778,,330.556
13225,28.5004,,143.889,,330.578
13226,28.5026,,144,,330.6
13227,28.5049,,144.111,,330.578
13228,28.5072,,144.222,,330.556
13229,28.5095,,144.333,,330.533
13230,28.5118,,144.444,,330.511
13231,28.5141,,144.556,,330.489
13232,28.5164,,144.667,,330.467
13233,28.5187,,144.778,,330.444
13234,28.521,,144.889,,330.422
13235,28.5232,,145,,330.4
13236,28.5253,,144.9,,330.4
13237,28.5274,,144.8,,330.4
13238,28.5295,,144.7,,330.4
13239,28.5316,,144.6,,330.4
13240,28.5337,,144.5,,330.4
13241,28.5357,,144.4,,330.4
13242,28.5378,,144.3,,330.4
13243,28.5399,,144.2,,330.4
13244,28.542,,144.1,,330.4
13245,28.5441,,144,,330.4
13246,28.5463,,144.1,,330.4
13247,28.5485,,144.2,,330.4
13248,28.5507,,144.3,,330.4
13249,28.5529,,144.4,,330.4
13250,28.5551,,144.5,,330.4
13251,28.5573,,144.6,,330.4
13252,28.5595,,144.7,,330.4
13253,28.5617,,144.8,,330.4
13254,28.564,,144.9,,330.4
13255,28.5662,,145,,330.4
13256,28.5684,,145.1,,330.4
13257,28.5706,,145.2,,330.4
13258,28.5728,,145.3,,330.4
13259,28.5751,,145.4,,330.4
13260,28.5773,,145.5,,330.4
13261,28.5795,,145.6,,330.4
13262,28.5817,,145.7,,330.4
13263,28.584,,145.8,,330.4
13264,28.5862,,145.9,,330.4
13265,28.5884,,146,,330.4
13266,28.5906,,145.889,,330.378
13267,28.5929,,145.778,,330.356
13268,28.5951,,145.667,,330.333
13269,28.5974,,145.556,,330.311
13270,28.5996,,145.444,,330.289
13271,28.6019,,145.333,,330.267
13272,28.6041,,145.222,,330.244
13273,28.6064,,145.111,,330.222
13274,28.6086,,145,,330.2
13275,28.6107,,145.1,,330.2
13276,28.6128,,145.2,,330.2
13277,28.615,,145.3,,330.2
13278,28.6171,,145.4,,330.2
13279,28.6192,,145.5,,330.2
13280,28.6213,,145.6,,330.2
13281,28.6234,,145.7,,330.2
13282,28.6256,,145.8,,330.2
13283,28.6277,,145.9,,330.2
13284,28.6298,,146,,330.2
13285,28.632,,146.111,,330.178
13286,28.6342,,146.222,,330.156
13287,28.6365,,146.333,,330.133
13288,28.6387,,146.444,,330.111
13289,28.6409,,146.556,,330.089
13290,28.6431,,146.667,,330.067
13291,28.6454,,146.778,,330.044
13292,28.6476,,146.889,,330.022
13293,28.6498,,147,,330
13294,28.6519,,146.8,,330
13295,28.654,,146.6,,330
13296,28.6561,,146.4,,330
13297,28.6582,,146.2,,330
13298,28.6602,,146,,330
13299,28.6623,,145.8,,330
13300,28.6644,,145.6,,330
13301,28.6665,,145.4,,330
13302,28.6686,,145.2,,330
13303,28.6707,,145,,330
13304,28.6728,,145.1,,330
13305,28.6749,,145.2,,330
13306,28.6771,,145.3,,330
13307,28.6792,,145.4,,330
13308,28.6814,,145.5,,330
13309,28.6835,,145.6,,330
13310,28.6856,,145.7,,330
13311,28.6878,,145.8,,330
13312,28.6899,,145.9,,330
13313,28.6921,,146,,330
13314,28.6942,,146,,330
13315,28.6963,,146,,330
13316,28.6984,,146,,330
13317,28.7005,,146,,330
13318,28.7026,,146,,330
13319,28.7047,,146,,330
13320,28.7068,,146,,330
13321,28.7089,,146,,330
13322,28.711,,146,,330
13323,28.7131,,146,,330
13324,28.7152,,146.1,,330.02
13325,28.7173,,146.2,,330.04
13326,28.7195,,146.3,,330.06
13327,28.7216,,146.4,,330.08
13328,28.7237,,146.5,,330.1
13329,28.7258,,146.6,,330.12
13330,28.7279,,146.7,,330.14
13331,28.73,,146.8,,330.16
13332,28.7321,,146.9,,330.18
13333,28.7342,,147,,330.2
13334,28.7363,,147,,330.18
13335,28.7385,,147,,330.16
13336,28.7406,,147,,330.14
13337,28.7427,,147,,330.12
13338,28.7449,,147,,330.1
13339,28.747,,147,,330.08
13340,28.7491,,147,,330.06
13341,28.7513,,147,,330.04
13342,28.7534,,147,,330.02
13343,28.7555,,147,,330
13344,28.7577,,146.9,,330
13345,28.7598,,146.8,,330
13346,28.7619,,146.7,,330
13347,28.764,,146.6,,330
13348,28.7661,,146.5,,330
13349,28.7682,,146.4,,330
13350,28.7704,,146.3,,330
13351,28.7725,,146.2,,330
13352,28.7746,,146.1,,330
13353,28.7767,,146,,330
13354,28.7788,,145.8,,329.96
13355,28.7809,,145.6,,329.92
13356,28.783,,145.4,,329.88
13357,28.7851,,145.2,,329.84
13358,28.7872,,145,,329.8
13359,28.7894,,145,,329.8
13360,28.7915,,145,,329.8
13361,28.7937,,145,,329.8
13362,28.7958,,145,,329.8
13363,28.798,,145,,329.8
13364,28.8001,,145,,329.8
13365,28.8023,,145,,329.8
13366,28.8044,,145,,329.8
13367,28.8066,,145,,329.8
13368,28.8087,,145,,329.8
13369,28.8109,,144.9,,329.8
13370,28.813,,144.8,,329.8
13371,28.8151,,144.7,,329.8
13372,28.8173,,144.6,,329.8
13373,28.8194,,144.5,,329.8
13374,28.8216,,144.4,,329.8
13375,28.8237,,144.3,,329.8
13376,28.8258,,144.2,,329.8
13377,28.828,,144.1,,329.8
13378,28.8301,,144,,329.8
13379,28.8322,,144,,329.8
13380,28.8344,,144,,329.8
13381,28.8365,,144,,329.8
13382,28.8386,,144,,329.8
13383,28.8407,,144,,329.8
13384,28.8428,,144,,329.8
13385,28.845,,144,,329.8
13386,28.8471,,144,,329.8
13387,28.8492,,144,,329.8
13388,28.8513,,144,,329.8
13389,28.8535,,144,,329.8
13390,28.8557,,144,,329.8
13391,28.8578,,144,,329.8
13392,28.86,,144,,329.8
13393,28.8622,,144,,329.8
13394,28.8643,,144,,329.8
13395,28.8665,,144,,329.8
13396,28.8687,,144,,329.8
13397,28.8708,,144,,329.8
13398,28.873,,144,,329.8
13399,28.8752,,143.9,,329.8
13400,28.8774,,143.8,,329.8
13401,28.8796,,143.7,,329.8
13402,28.8818,,143.6,,329.8
13403,28.884,,143.5,,329.8
13404,28.8862,,143.4,,329.8
13405,28.8884,,143.3,,329.8
13406,28.8906,,143.2,,329.8
13407,28.8928,,143.1,,329.8
13408,28.895,,143,,329.8
13409,28.8971,,142.9,,329.78
13410,28.8992,,142.8,,329.76
13411,28.9013,,142.7,,329.74
13412,28.9034,,142.6,,329.72
13413,28.9055,,142.5,,329.7
13414,28.9076,,142.4,,329.68
13415,28.9097,,142.3,,329.66
13416,28.9118,,142.2,,329.64
13417,28.9139,,142.1,,329.62
13418,28.916,,142,,329.6
13419,28.9182,,142.1,,329.62
13420,28.9203,,142.2,,329.64
13421,28.9224,,142.3,,329.66
13422,28.9245,,142.4,,329.68
13423,28.9267,,142.5,,329.7
13424,28.9288,,142.6,,329.72
13425,28.9309,,142.7,,329.74
13426,28.933,,142.8,,329.76
13427,28.9351,,142.9,,329.78
13428,28.9373,,143,,329.8
13429,28.9394,,143.2,,329.78
13430,28.9415,,143.4,,329.76
13431,28.9437,,143.6,,329.74
13432,28.9458,,143.8,,329.72
13433,28.9479,,144,,329.7
13434,28.9501,,144.2,,329.68
13435,28.9522,,144.4,,329.66
13436,28.9543,,144.6,,329.64
13437,28.9565,,144.8,,329.62
13438,28.9586,,145,,329.6
13439,28.9607,,145,,329.6
13440,28.9629,,145,,329.6
13441,28.965,,145,,329.6
13442,28.9671,,145,,329.6
13443,28.9692,,145,,329.6
13444,28.9714,,145,,329.6
13445,28.9735,,145,,329.6
13446,28.9756,,145,,329.6
13447,28.9778,,145,,329.6
13448,28.9799,,145,,329.6
13449,28.9821,,145,,329.6
13450,28.9843,,145,,329.6
13451,28.9865,,145,,329.6
13452,28.9887,,145,,329.6
13453,28.9909,,145,,329.6
13454,28.9931,,145,,329.6
13455,28.9953,,145,,329.6
13456,28.9975,,145,,329.6
13457,28.9996,,145,,329.6
13458,29.0018,,145,,329.6
13459,29.0039,,145,,329.6
13460,29.0061,,145,,329.6
13461,29.0082,,145,,329.6
13462,29.0104,,145,,329.6
13463,29.0125,,145,,329.6
13464,29.0147,,145,,329.6
13465,29.0168,,145,,329.6
13466,29.0189,,145,,329.6
13467,29.0211,,145,,329.6
13468,29.0233,,144.8,,329.58
13469,29.0254,,144.6,,329.56
13470,29.0276,,144.4,,329.54
13471,29.0298,,144.2,,329.52
13472,29.032,,144,,329.5
13473,29.0341,,143.8,,329.48
13474,29.0363,,143.6,,329.46
13475,29.0385,,143.4,,329.44
13476,29.0407,,143.2,,329.42
13477,29.0428,,143,,329.4
13478,29.0449,,143.1,,329.38
13479,29.047,,143.2,,329.36
13480,29.0491,,143.3,,329.34
13481,29.0512,,143.4,,329.32
13482,29.0532,,143.5,,329.3
13483,29.0553,,143.6,,329.28
13484,29.0574,,143.7,,329.26
13485,29.0595,,143.8,,329.24
13486,29.0616,,143.9,,329.22
13487,29.0637,,144,,329.2
13488,29.0658,,144.2,,329.2
13489,29.0678,,144.4,,329.2
13490,29.0699,,144.6,,329.2
13491,29.072,,144.8,,329.2
13492,29.0741,,145,,329.2
13493,29.0762,,145.2,,329.2
13494,29.0783,,145.4,,329.2
13495,29.0804,,145.6,,329.2
13496,29.0825,,145.8,,329.2
13497,29.0846,,146,,329.2
13498,29.0866,,146.1,,329.22
13499,29.0887,,146.2,,329.24
13500,29.0908,,146.3,,329.26
13501,29.0929,,146.4,,329.28
13502,29.0949,,146.5,,329.3
13503,29.097,,146.6,,329.32
13504,29.0991,,146.7,,329.34
13505,29.1012,,146.8,,329.36
13506,29.1033,,146.9,,329.38
13507,29.1053,,147,,329.4
13508,29.1075,,147,,329.42
13509,29.1096,,147,,329.44
13510,29.1117,,147,,329.46
13511,29.1139,,147,,329.48
13512,29.116,,147,,329.5
13513,29.1181,,147,,329.52
13514,29.1203,,147,,329.54
13515,29.1224,,147,,329.56
13516,29.1245,,147,,329.58
13517,29.1267,,147,,329.6
13518,29.1289,,147,,329.58
13519,29.1311,,147,,329.56
13520,29.1333,,147,,329.54
13521,29.1355,,147,,329.52
13522,29.1377,,147,,329.5
13523,29.1399,,147,,329.48
13524,29.1421,,147,,329.46
13525,29.1443,,147,,329.44
13526,29.1465,,147,,329.42
13527,29.1487,,147,,329.4
13528,29.1508,,146.9,,329.4
13529,29.153,,146.8,,329.4
13530,29.1551,,146.7,,329.4
13531,29.1572,,146.6,,329.4
13532,29.1593,,146.5,,329.4
13533,29.1615,,146.4,,329.4
13534,29.1636,,146.3,,329.4
13535,29.1657,,146.2,,329.4
13536,29.1678,,146.1,,329.4
13537,29.1699,,146,,329.4
13538,29.1721,,146,,329.4
13539,29.1742,,146,,329.4
13540,29.1764,,146,,329.4
13541,29.1785,,146,,329.4
13542,29.1807,,146,,329.4
13543,29.1829,,146,,329.4
13544,29.185,,146,,329.4
13545,29.1872,,146,,329.4
13546,29.1893,,146,,329.4
13547,29.1915,,146,,329.4
13548,29.1936,,146,,329.38
13549,29.1958,,146,,329.36
13550,29.198,,146,,329.34
13551,29.2001,,146,,329.32
13552,29.2023,,146,,329.3
13553,29.2045,,146,,329.28
13554,29.2066,,146,,329.26
13555,29.2088,,146,,329.24
13556,29.211,,146,,329.22
13557,29.2131,,146,,329.2
13558,29.2152,,146,,329.2
13559,29.2172,,146,,329.2
13560,29.2192,,146,,329.2
13561,29.2213,,146,,329.2
13562,29.2233,,146,,329.2
13563,29.2253,,146,,329.2
13564,29.2274,,146,,329.2
13565,29.2294,,146,,329.2
13566,29.2314,,146,,329.2
13567,29.2335,,146,,329.2
13568,29.2356,,146,,329.22
13569,29.2377,,146,,329.24
13570,29.2398,,146,,329.26
13571,29.2419,,146,,329.28
13572,29.244,,146,,329.3
13573,29.2462,,146,,329.32
13574,29.2483,,146,,329.34
13575,29.2504,,146,,329.36
13576,29.2525,,146,,329.38
13577,29.2546,,146,,329.4
13578,29.2567,,145.9,,329.38
13579,29.2588,,145.8,,329.36
13580,29.2609,,145.7,,329.34
13581,29.2631,,145.6,,329.32
13582,29.2652,,145.5,,329.3
13583,29.2673,,145.4,,329.28
13584,29.2694,,145.3,,329.26
13585,29.2715,,145.2,,329.24
13586,29.2736,,145.1,,329.22
13587,29.2757,,145,,329.2
13588,29.2779,,144.9,,329.18
13589,29.28,,144.8,,329.16
13590,29.2822,,144.7,,329.14
13591,29.2843,,144.6,,329.12
13592,29.2865,,144.5,,329.1
13593,29.2886,,144.4,,329.08
13594,29.2908,,144.3,,329.06
13595,29.293,,144.2,,329.04
13596,29.2951,,144.1,,329.02
13597,29.2973,,144,,329
13598,29.2995,,143.5,,329
13599,29.3017,,143,,329
13600,29.3039,,142.5,,329
13601,29.3061,,142,,329
13602,29.3083,,141.5,,329
13603,29.3105,,141,,329
13604,29.3126,,141,,328.95
13605,29.3148,,141,,328.9
13606,29.3169,,141,,328.85
13607,29.3191,,141,,328.8
13608,29.3213,,141.1,,328.74
13609,29.3234,,141.2,,328.68
13610,29.3256,,141.3,,328.62
13611,29.3277,,141.4,,328.56
13612,29.3299,,141.5,,328.5
13613,29.3321,,141.6,,328.44
13614,29.3342,,141.7,,328.38
13615,29.3364,,141.8,,328.32
13616,29.3385,,141.9,,328.26
13617,29.3407,,142,,328.2
13618,29.3429,,142.125,,328.15
13619,29.345,,142.25,,328.1
13620,29.3472,,142.375,,328.05
13621,29.3493,,142.5,,328
13622,29.3515,,142.625,,327.95
13623,29.3537,,142.75,,327.9
13624,29.3558,,142.875,,327.85
13625,29.358,,143,,327.8
13626,29.36,,142.889,,327.667
13627,29.362,,142.778,,327.533
13628,29.364,,142.667,,327.4
13629,29.3661,,142.556,,327.267
13630,29.3681,,142.444,,327.133
13631,29.3701,,142.333,,327
13632,29.3721,,142.222,,326.867
13633,29.3741,,142.111,,326.733
13634,29.3761,,142,,326.6
13635,29.3777,,141.667,,326.6
13636,29.3793,,141.333,,326.6
13637,29.3808,,141,,326.6
13638,29.3824,,140.667,,326.6
13639,29.3839,,140.333,,326.6
13640,29.3855,,140,,326.6
13641,29.387,,139.667,,326.6
13642,29.3886,,139.333,,326.6
13643,29.3901,,139,,326.6
13644,29.3921,,138.625,,326.6
13645,29.394,,138.25,,326.6
13646,29.3959,,137.875,,326.6
13647,29.3978,,137.5,,326.6
13648,29.3997,,137.125,,326.6
13649,29.4016,,136.75,,326.6
13650,29.4035,,136.375,,326.6
13651,29.4054,,136,,326.6
13652,29.4075,,136.1,,326.6
13653,29.4095,,136.2,,326.6
13654,29.4115,,136.3,,326.6
13655,29.4136,,136.4,,326.6
13656,29.4156,,136.5,,326.6
13657,29.4176,,136.6,,326.6
13658,29.4197,,136.7,,326.6
13659,29.4217,,136.8,,326.6
13660,29.4237,,136.9,,326.6
13661,29.4258,,137,,326.6
13662,29.428,,138,,326.6
13663,29.4302,,139,,326.6
13664,29.4324,,140,,326.6
13665,29.4345,,140.375,,326.65
13666,29.4365,,140.75,,326.7
13667,29.4386,,141.125,,326.75
13668,29.4407,,141.5,,326.8
13669,29.4427,,141.875,,326.85
13670,29.4448,,142.25,,326.9
13671,29.4469,,142.625,,326.95
13672,29.4489,,143,,327
13673,29.4511,,143.1,,327.02
13674,29.4533,,143.2,,327.04
13675,29.4555,,143.3,,327.06
13676,29.4576,,143.4,,327.08
13677,29.4598,,143.5,,327.1
13678,29.462,,143.6,,327.12
13679,29.4641,,143.7,,327.14
13680,29.4663,,143.8,,327.16
13681,29.4685,,143.9,,327.18
13682,29.4706,,144,,327.2
13683,29.473,,144,,327.156
13684,29.4754,,144,,327.111
13685,29.4778,,144,,327.067
13686,29.4802,,144,,327.022
13687,29.4826,,144,,326.978
13688,29.485,,144,,326.933
13689,29.4874,,144,,326.889
13690,29.4897,,144,,326.844
13691,29.4921,,144,,326.8
13692,29.4944,,144.111,,326.8
13693,29.4967,,144.222,,326.8
13694,29.499,,144.333,,326.8
13695,29.5012,,144.444,,326.8
13696,29.5035,,144.556,,326.8
13697,29.5058,,144.667,,326.8
13698,29.5081,,144.778,,326.8
13699,29.5103,,144.889,,326.8
13700,29.5126,,145,,326.8
13701,29.5148,,145,,326.8
13702,29.517,,145,,326.8
13703,29.5192,,145,,326.8
13704,29.5214,,145,,326.8
13705,29.5236,,145,,326.8
13706,29.5258,,145,,326.8
13707,29.528,,145,,326.8
13708,29.5302,,145,,326.8
13709,29.5324,,145,,326.8
13710,29.5346,,145,,326.8
13711,29.5367,,145.2,,326.82
13712,29.5388,,145.4,,326.84
13713,29.5409,,145.6,,326.86
13714,29.5431,,145.8,,326.88
13715,29.5452,,146,,326.9
13716,29.5473,,146.2,,326.92
13717,29.5494,,146.4,,326.94
13718,29.5515,,146.6,,326.96
13719,29.5537,,146.8,,326.98
13720,29.5558,,147,,327
13721,29.5579,,147,,327.02
13722,29.56,,147,,327.04
13723,29.5621,,147,,327.06
13724,29.5642,,147,,327.08
13725,29.5664,,147,,327.1
13726,29.5685,,147,,327.12
13727,29.5706,,147,,327.14
13728,29.5727,,147,,327.16
13729,29.5748,,147,,327.18
13730,29.577,,147,,327.2
13731,29.579,,147,,327.22
13732,29.5811,,147,,327.24
13733,29.5831,,147,,327.26
13734,29.5852,,147,,327.28
13735,29.5872,,147,,327.3
13736,29.5893,,147,,327.32
13737,29.5913,,147,,327.34
13738,29.5934,,147,,327.36
13739,29.5955,,147,,327.38
13740,29.5975,,147,,327.4
13741,29.5995,,146.9,,327.4
13742,29.6015,,146.8,,327.4
13743,29.6035,,146.7,,327.4
13744,29.6055,,146.6,,327.4
13745,29.6075,,146.5,,327.4
13746,29.6095,,146.4,,327.4
13747,29.6115,,146.3,,327.4
13748,29.6135,,146.2,,327.4
13749,29.6156,,146.1,,327.4
13750,29.6176,,146,,327.4
13751,29.6197,,146,,327.38
13752,29.6219,,146,,327.36
13753,29.624,,146,,327.34
13754,29.6262,,146,,327.32
13755,29.6284,,146,,327.3
13756,29.6305,,146,,327.28
13757,29.6327,,146,,327.26
13758,29.6349,,146,,327.24
13759,29.637,,146,,327.22
13760,29.6392,,146,,327.2
13761,29.6412,,145.8,,327.18
13762,29.6432,,145.6,,327.16
13763,29.6452,,145.4,,327.14
13764,29.6472,,145.2,,327.12
13765,29.6492,,145,,327.1
13766,29.6513,,144.8,,327.08
13767,29.6533,,144.6,,327.06
13768,29.6553,,144.4,,327.04
13769,29.6573,,144.2,,327.02
13770,29.6593,,144,,327
13771,29.6614,,143.9,,327.02
13772,29.6636,,143.8,,327.04
13773,29.6657,,143.7,,327.06
13774,29.6678,,143.6,,327.08
13775,29.67,,143.5,,327.1
13776,29.6721,,143.4,,327.12
13777,29.6742,,143.3,,327.14
13778,29.6763,,143.2,,327.16
13779,29.6785,,143.1,,327.18
13780,29.6806,,143,,327.2
13781,29.6826,,143.2,,327.22
13782,29.6846,,143.4,,327.24
13783,29.6866,,143.6,,327.26
13784,29.6886,,143.8,,327.28
13785,29.6907,,144,,327.3
13786,29.6927,,144.2,,327.32
13787,29.6947,,144.4,,327.34
13788,29.6967,,144.6,,327.36
13789,29.6987,,144.8,,327.38
13790,29.7007,,145,,327.4
13791,29.7026,,145,,327.457
13792,29.7045,,145,,327.514
13793,29.7064,,145,,327.571
13794,29.7082,,145,,327.629
13795,29.7101,,145,,327.686
13796,29.712,,145,,327.743
13797,29.7139,,145,,327.8
13798,29.716,,145.3,,327.84
13799,29.718,,145.6,,327.88
13800,29.7201,,145.9,,327.92
13801,29.7222,,146.2,,327.96
13802,29.7243,,146.5,,328
13803,29.7264,,146.8,,328.04
13804,29.7285,,147.1,,328.08
13805,29.7305,,147.4,,328.12
13806,29.7326,,147.7,,328.16
13807,29.7347,,148,,328.2
13808,29.737,,148.25,,328.4
13809,29.7393,,148.5,,328.6
13810,29.7416,,148.75,,328.8
13811,29.7439,,149,,329
13812,29.7459,,149.222,,329.111
13813,29.7479,,149.444,,329.222
13814,29.75,,149.667,,329.333
13815,29.752,,149.889,,329.444
13816,29.754,,150.111,,329.556
13817,29.756,,150.333,,329.667
13818,29.758,,150.556,,329.778
13819,29.76,,150.778,,329.889
13820,29.762,,151,,330
13821,29.7639,,151.125,,330.125
13822,29.7659,,151.25,,330.25
13823,29.7678,,151.375,,330.375
13824,29.7697,,151.5,,330.5
13825,29.7716,,151.625,,330.625
13826,29.7735,,151.75,,330.75
13827,29.7755,,151.875,,330.875
13828,29.7774,,152,,331
13829,29.7796,,152,,331.06
13830,29.7818,,152,,331.12
13831,29.784,,152,,331.18
13832,29.7862,,152,,331.24
13833,29.7884,,152,,331.3
13834,29.7906,,152,,331.36
13835,29.7928,,152,,331.42
13836,29.795,,152,,331.48
13837,29.7973,,152,,331.54
13838,29.7995,,152,,331.6
13839,29.8019,,151.889,,331.6
13840,29.8043,,151.778,,331.6
13841,29.8067,,151.667,,331.6
13842,29.8091,,151.556,,331.6
13843,29.8115,,151.444,,331.6
13844,29.8139,,151.333,,331.6
13845,29.8163,,151.222,,331.6
13846,29.8187,,151.111,,331.6
13847,29.8211,,151,,331.6
13848,29.8234,,151,,331.556
13849,29.8258,,151,,331.511
13850,29.8281,,151,,331.467
13851,29.8304,,151,,331.422
13852,29.8327,,151,,331.378
13853,29.8351,,151,,331.333
13854,29.8374,,151,,331.289
13855,29.8397,,151,,331.244
13856,29.842,,151,,331.2
13857,29.8443,,150.889,,331.2
13858,29.8466,,150.778,,331.2
13859,29.8489,,150.667,,331.2
13860,29.8512,,150.556,,331.2
13861,29.8535,,150.444,,331.2
13862,29.8558,,150.333,,331.2
13863,29.8581,,150.222,,331.2
13864,29.8604,,150.111,,331.2
13865,29.8627,,150,,331.2
13866,29.865,,149.889,,331.2
13867,29.8673,,149.778,,331.2
13868,29.8697,,149.667,,331.2
13869,29.872,,149.556,,331.2
13870,29.8743,,149.444,,331.2
13871,29.8766,,149.333,,331.2
13872,29.8789,,149.222,,331.2
13873,29.8812,,149.111,,331.2
13874,29.8836,,149,,331.2
13875,29.8856,,148.9,,331.22
13876,29.8876,,148.8,,331.24
13877,29.8897,,148.7,,331.26
13878,29.8917,,148.6,,331.28
13879,29.8937,,148.5,,331.3
13880,29.8958,,148.4,,331.32
13881,29.8978,,148.3,,331.34
13882,29.8999,,148.2,,331.36
13883,29.9019,,148.1,,331.38
13884,29.9039,,148,,331.4
13885,29.9061,,147.9,,331.46
13886,29.9083,,147.8,,331.52
13887,29.9105,,147.7,,331.58
13888,29.9127,,147.6,,331.64
13889,29.9149,,147.5,,331.7
13890,29.9171,,147.4,,331.76
13891,29.9193,,147.3,,331.82
13892,29.9215,,147.2,,331.88
13893,29.9237,,147.1,,331.94
13894,29.9259,,147,,332
13895,29.9283,,146,,332
13896,29.9304,,146.429,,332.029
13897,29.9324,,146.857,,332.057
13898,29.9345,,147.286,,332.086
13899,29.9365,,147.714,,332.114
13900,29.9386,,148.143,,332.143
13901,29.9406,,148.571,,332.171
13902,29.9427,,149,,332.2
13903,29.9446,,149.091,,332.255
13904,29.9466,,149.182,,332.309
13905,29.9486,,149.273,,332.364
13906,29.9506,,149.364,,332.418
13907,29.9526,,149.455,,332.473
13908,29.9545,,149.545,,332.527
13909,29.9565,,149.636,,332.582
13910,29.9585,,149.727,,332.636
13911,29.9605,,149.818,,332.691
13912,29.9625,,149.909,,332.745
13913,29.9645,,150,,332.8
13914,29.9666,,150.4,,332.88
13915,29.9687,,150.8,,332.96
13916,29.9707,,151.2,,333.04
13917,29.9728,,151.6,,333.12
13918,29.9749,,152,,333.2
13919,29.977,,152.1,,333.26
13920,29.979,,152.2,,333.32
13921,29.981,,152.3,,333.38
13922,29.983,,152.4,,333.44
13923,29.985,,152.5,,333.5
13924,29.9871,,152.6,,333.56
13925,29.9891,,152.7,,333.62
13926,29.9911,,152.8,,333.68
13927,29.9931,,152.9,,333.74
13928,29.9951,,153,,333.8
13929,29.997,,153,,333.9
13930,29.9989,,153,,334
13931,30.0008,,153,,334.2
13932,30.0027,,153,,334.4
13933,30.0048,,153.111,,334.511
13934,30.0069,,153.222,,334.622
13935,30.0089,,153.333,,334.733
13936,30.011,,153.444,,334.844
13937,30.013,,153.556,,334.956
13938,30.0151,,153.667,,335.067
13939,30.0172,,153.778,,335.178
13940,30.0192,,153.889,,335.289
13941,30.0213,,154,,335.4
13942,30.0233,,154,,335.5
13943,30.0254,,154,,335.6
13944,30.0274,,154,,335.7
13945,30.0294,,154,,335.8
13946,30.0315,,154,,335.9
13947,30.0335,,154,,336
13948,30.0356,,154,,336.1
13949,30.0376,,154,,336.2
13950,30.0396,,154,,336.3
13951,30.0417,,154,,336.4
13952,30.0438,,153.9,,336.44
13953,30.046,,153.8,,336.48
13954,30.0482,,153.7,,336.52
13955,30.0503,,153.6,,336.56
13956,30.0525,,153.5,,336.6
13957,30.0546,,153.4,,336.64
13958,30.0568,,153.3,,336.68
13959,30.059,,153.2,,336.72
13960,30.0611,,153.1,,336.76
13961,30.0633,,153,,336.8
13962,30.0655,,152.9,,336.78
13963,30.0677,,152.8,,336.76
13964,30.0699,,152.7,,336.74
13965,30.0721,,152.6,,336.72
13966,30.0743,,152.5,,336.7
13967,30.0765,,152.4,,336.68
13968,30.0787,,152.3,,336.66
13969,30.0809,,152.2,,336.64
13970,30.0832,,152.1,,336.62
13971,30.0854,,152,,336.6
13972,30.0875,,152,,336.56
13973,30.0897,,152,,336.52
13974,30.0919,,152,,336.48
13975,30.094,,152,,336.44
13976,30.0962,,152,,336.4
13977,30.0984,,152,,336.36
13978,30.1005,,152,,336.32
13979,30.1027,,152,,336.28
13980,30.1049,,152,,336.24
13981,30.107,,152,,336.2
13982,30.1093,,151.778,,336.178
13983,30.1115,,151.556,,336.156
13984,30.1137,,151.333,,336.133
13985,30.116,,151.111,,336.111
13986,30.1182,,150.889,,336.089
13987,30.1204,,150.667,,336.067
13988,30.1227,,150.444,,336.044
13989,30.1249,,150.222,,336.022
13990,30.1271,,150,,336
13991,30.1292,,149.833,,335.9
13992,30.1313,,149.667,,335.8
13993,30.1334,,149.5,,335.7
13994,30.1356,,149.333,,335.6
13995,30.1377,,149.167,,335.5
13996,30.1398,,149,,335.4
13997,30.1419,,148.875,,335.275
13998,30.1439,,148.75,,335.15
13999,30.146,,148.625,,335.025
14000,30.1481,,148.5,,334.9
14001,30.1502,,148.375,,334.775
14002,30.1523,,148.25,,334.65
14003,30.1544,,148.125,,334.525
14004,30.1565,,148,,334.4
14005,30.1587,,147.8,,334.32
14006,30.1608,,147.6,,334.24
14007,30.163,,147.4,,334.16
14008,30.1651,,147.2,,334.08
14009,30.1673,,147,,334
14010,30.1694,,146.8,,333.92
14011,30.1716,,146.6,,333.84
14012,30.1738,,146.4,,333.76
14013,30.1759,,146.2,,333.68
14014,30.1781,,146,,333.6
14015,30.1805,,146,,333.5
14016,30.1829,,146,,333.4
14017,30.1849,,145.778,,333.267
14018,30.187,,145.556,,333.133
14019,30.1891,,145.333,,333
14020,30.1912,,145.111,,332.867
14021,30.1933,,144.889,,332.733
14022,30.1953,,144.667,,332.6
14023,30.1974,,144.444,,332.467
14024,30.1995,,144.222,,332.333
14025,30.2016,,144,,332.2
14026,30.2037,,144.1,,332.12
14027,30.2058,,144.2,,332.04
14028,30.208,,144.3,,331.96
14029,30.2101,,144.4,,331.88
14030,30.2122,,144.5,,331.8
14031,30.2144,,144.6,,331.72
14032,30.2165,,144.7,,331.64
14033,30.2187,,144.8,,331.56
14034,30.2208,,144.9,,331.48
14035,30.2229,,145,,331.4
14036,30.2249,,145.182,,331.4
14037,30.2268,,145.364,,331.4
14038,30.2287,,145.545,,331.4
14039,30.2306,,145.727,,331.4
14040,30.2325,,145.909,,331.4
14041,30.2344,,146.091,,331.4
14042,30.2364,,146.273,,331.4
14043,30.2383,,146.455,,331.4
14044,30.2402,,146.636,,331.4
14045,30.2421,,146.818,,331.4
14046,30.244,,147,,331.4
14047,30.2463,,147.111,,331.422
14048,30.2486,,147.222,,331.444
14049,30.2509,,147.333,,331.467
14050,30.2532,,147.444,,331.489
14051,30.2555,,147.556,,331.511
14052,30.2578,,147.667,,331.533
14053,30.26,,147.778,,331.556
14054,30.2623,,147.889,,331.578
14055,30.2646,,148,,331.6
14056,30.2667,,148.1,,331.6
14057,30.2688,,148.2,,331.6
14058,30.2708,,148.3,,331.6
14059,30.2729,,148.4,,331.6
14060,30.2749,,148.5,,331.6
14061,30.277,,148.6,,331.6
14062,30.2791,,148.7,,331.6
14063,30.2811,,148.8,,331.6
14064,30.2832,,148.9,,331.6
14065,30.2853,,149,,331.6
14066,30.2875,,148.889,,331.6
14067,30.2898,,148.778,,331.6
14068,30.292,,148.667,,331.6
14069,30.2943,,148.556,,331.6
14070,30.2965,,148.444,,331.6
14071,30.2988,,148.333,,331.6
14072,30.301,,148.222,,331.6
14073,30.3033,,148.111,,331.6
14074,30.3055,,148,,331.6
14075,30.3076,,147.667,,331.467
14076,30.3097,,147.333,,331.333
14077,30.3118,,147,,331.2
14078,30.3141,,147.111,,331.133
14079,30.3164,,147.222,,331.067
14080,30.3187,,147.333,,331
14081,30.321,,147.444,,330.933
14082,30.3233,,147.556,,330.867
14083,30.3256,,147.667,,330.8
14084,30.3279,,147.778,,330.733
14085,30.3302,,147.889,,330.667
14086,30.3325,,148,,330.6
14087,30.3345,,148.2,,330.6
14088,30.3365,,148.4,,330.6
14089,30.3386,,148.6,,330.6
14090,30.3406,,148.8,,330.6
14091,30.3426,,149,,330.6
14092,30.3446,,149.2,,330.6
14093,30.3466,,149.4,,330.6
14094,30.3486,,149.6,,330.6
14095,30.3507,,149.8,,330.6
14096,30.3527,,150,,330.6
14097,30.3548,,150.2,,330.72
14098,30.3569,,150.4,,330.84
14099,30.3591,,150.6,,330.96
14100,30.3612,,150.8,,331.08
14101,30.3633,,151,,331.2
14102,30.3654,,151.2,,331.32
14103,30.3676,,151.4,,331.44
14104,30.3697,,151.6,,331.56
14105,30.3718,,151.8,,331.68
14106,30.374,,152,,331.8
14107,30.3758,,152.5,,332.1
14108,30.3776,,153,,332.4
14109,30.3794,,153.125,,332.525
14110,30.3812,,153.25,,332.65
14111,30.383,,153.375,,332.775
14112,30.3848,,153.5,,332.9
14113,30.3866,,153.625,,333.025
14114,30.3884,,153.75,,333.15
14115,30.3902,,153.875,,333.275
14116,30.3919,,154,,333.4
14117,30.3935,,154,,333.64
14118,30.3951,,154,,333.88
14119,30.3967,,154,,334.12
14120,30.3983,,154,,334.36
14121,30.3999,,154,,334.6
14122,30.4021,,154.2,,334.8
14123,30.4042,,154.4,,335
14124,30.4064,,154.6,,335.2
14125,30.4086,,154.8,,335.4
14126,30.4108,,155,,335.6
14127,30.4128,,155.091,,335.655
14128,30.4148,,155.182,,335.709
14129,30.4168,,155.273,,335.764
14130,30.4188,,155.364,,335.818
14131,30.4208,,155.455,,335.873
14132,30.4228,,155.545,,335.927
14133,30.4248,,155.636,,335.982
14134,30.4268,,155.727,,336.036
14135,30.4289,,155.818,,336.091
14136,30.4309,,155.909,,336.145
14137,30.4329,,156,,336.2
14138,30.4349,,156,,336.267
14139,30.4368,,156,,336.333
14140,30.4388,,156,,336.4
14141,30.4408,,156,,336.467
14142,30.4427,,156,,336.533
14143,30.4447,,156,,336.6
14144,30.4469,,156,,336.68
14145,30.449,,156,,336.76
14146,30.4512,,156,,336.84
14147,30.4534,,156,,336.92
14148,30.4556,,156,,337
14149,30.4577,,156,,337.08
14150,30.4599,,156,,337.16
14151,30.4621,,156,,337.24
14152,30.4642,,156,,337.32
14153,30.4664,,156,,337.4
14154,30.4684,,155.8,,337.4
14155,30.4705,,155.6,,337.4
14156,30.4725,,155.4,,337.4
14157,30.4745,,155.2,,337.4
14158,30.4766,,155,,337.4
14159,30.4786,,154.8,,337.4
14160,30.4806,,154.6,,337.4
14161,30.4827,,154.4,,337.4
14162,30.4847,,154.2,,337.4
14163,30.4867,,154,,337.4
14164,30.4889,,153.8,,337.36
14165,30.4911,,153.6,,337.32
14166,30.4932,,153.4,,337.28
14167,30.4954,,153.2,,337.24
14168,30.4976,,153,,337.2
14169,30.4997,,152.8,,337.16
14170,30.5019,,152.6,,337.12
14171,30.5041,,152.4,,337.08
14172,30.5062,,152.2,,337.04
14173,30.5084,,152,,337
14174,30.5106,,151.571,,336.943
14175,30.5128,,151.143,,336.886
14176,30.5151,,150.714,,336.829
14177,30.5173,,150.286,,336.771
14178,30.5195,,149.857,,336.714
14179,30.5217,,149.429,,336.657
14180,30.5239,,149,,336.6
14181,30.5261,,148.875,,336.475
14182,30.5283,,148.75,,336.35
14183,30.5305,,148.625,,336.225
14184,30.5326,,148.5,,336.1
14185,30.5348,,148.375,,335.975
14186,30.537,,148.25,,335.85
14187,30.5392,,148.125,,335.725
14188,30.5414,,148,,335.6
14189,30.5436,,147.778,,335.489
14190,30.5458,,147.556,,335.378
14191,30.548,,147.333,,335.267
14192,30.5502,,147.111,,335.156
14193,30.5524,,146.889,,335.044
14194,30.5547,,146.667,,334.933
14195,30.5569,,146.444,,334.822
14196,30.5591,,146.222,,334.711
14197,30.5613,,146,,334.6
14198,30.5635,,146,,334.56
14199,30.5657,,146,,334.52
14200,30.5679,,146,,334.48
14201,30.5702,,146,,334.44
14202,30.5724,,146,,334.4
14203,30.5746,,146,,334.36
14204,30.5768,,146,,334.32
14205,30.579,,146,,334.28
14206,30.5812,,146,,334.24
14207,30.5834,,146,,334.2
14208,30.5856,,145.9,,334.18
14209,30.5877,,145.8,,334.16
14210,30.5898,,145.7,,334.14
14211,30.592,,145.6,,334.12
14212,30.5941,,145.5,,334.1
14213,30.5962,,145.4,,334.08
14214,30.5983,,145.3,,334.06
14215,30.6005,,145.2,,334.04
14216,30.6026,,145.1,,334.02
14217,30.6047,,145,,334
14218,30.6069,,144.8,,333.98
14219,30.6091,,144.6,,333.96
14220,30.6113,,144.4,,333.94
14221,30.6134,,144.2,,333.92
14222,30.6156,,144,,333.9
14223,30.6178,,143.8,,333.88
14224,30.62,,143.6,,333.86
14225,30.6221,,143.4,,333.84
14226,30.6243,,143.2,,333.82
14227,30.6265,,143,,333.8
14228,30.6286,,143,,333.78
14229,30.6308,,143,,333.76
14230,30.6329,,143,,333.74
14231,30.635,,143,,333.72
14232,30.6372,,143,,333.7
14233,30.6393,,143,,333.68
14234,30.6414,,143,,333.66
14235,30.6436,,143,,333.64
14236,30.6457,,143,,333.62
14237,30.6479,,143,,333.6
14238,30.65,,143,,333.6
14239,30.6523,,143.1,,333.54
14240,30.6545,,143.2,,333.48
14241,30.6567,,143.3,,333.42
14242,30.659,,143.4,,333.36
14243,30.6612,,143.5,,333.3
14244,30.6634,,143.6,,333.24
14245,30.6657,,143.7,,333.18
14246,30.6679,,143.8,,333.12
14247,30.6701,,143.9,,333.06
14248,30.6724,,144,,333
14249,30.6745,,144,,333
14250,30.6765,,144,,333
14251,30.6786,,144,,333
14252,30.6807,,144,,333
14253,30.6828,,144,,333
14254,30.6849,,144,,333
14255,30.6869,,144,,333
14256,30.689,,144,,333
14257,30.6911,,144,,333
14258,30.6932,,144,,333
14259,30.6954,,144,,333
14260,30.6977,,144,,333
14261,30.7,,144,,333
14262,30.7022,,144,,333
14263,30.7045,,144,,333
14264,30.7067,,144,,333
14265,30.709,,144,,333
14266,30.7113,,144,,333
14267,30.7135,,144,,333
14268,30.7156,,144.2,,332.98
14269,30.7177,,144.4,,332.96
14270,30.7197,,144.6,,332.94
14271,30.7218,,144.8,,332.92
14272,30.7239,,145,,332.9
14273,30.726,,145.2,,332.88
14274,30.7281,,145.4,,332.86
14275,30.7301,,145.6,,332.84
14276,30.7322,,145.8,,332.82
14277,30.7343,,146,,332.8
14278,30.7365,,146.1,,332.8
14279,30.7386,,146.2,,332.8
14280,30.7408,,146.3,,332.8
14281,30.743,,146.4,,332.8
14282,30.7452,,146.5,,332.8
14283,30.7473,,146.6,,332.8
14284,30.7495,,146.7,,332.8
14285,30.7517,,146.8,,332.8
14286,30.7538,,146.9,,332.8
14287,30.756,,147,,332.8
14288,30.7581,,147,,332.82
14289,30.7602,,147,,332.84
14290,30.7624,,147,,332.86
14291,30.7645,,147,,332.88
14292,30.7666,,147,,332.9
14293,30.7687,,147,,332.92
14294,30.7708,,147,,332.94
14295,30.773,,147,,332.96
14296,30.7751,,147,,332.98
14297,30.7772,,147,,333
14298,30.7794,,147.1,,333.1
14299,30.7815,,147.2,,333.2
14300,30.7837,,147.3,,333.3
14301,30.7858,,147.4,,333.4
14302,30.788,,147.5,,333.5
14303,30.7902,,147.6,,333.6
14304,30.7923,,147.7,,333.7
14305,30.7945,,147.8,,333.8
14306,30.7966,,147.9,,333.9
14307,30.7988,,148,,334
14308,30.8009,,148.2,,334.06
14309,30.8031,,148.4,,334.12
14310,30.8052,,148.6,,334.18
14311,30.8073,,148.8,,334.24
14312,30.8095,,149,,334.3
14313,30.8116,,149.2,,334.36
14314,30.8138,,149.4,,334.42
14315,30.8159,,149.6,,334.48
14316,30.818,,149.8,,334.54
14317,30.8202,,150,,334.6
14318,30.8224,,150.2,,334.68
14319,30.8246,,150.4,,334.76
14320,30.8268,,150.6,,334.84
14321,30.829,,150.8,,334.92
14322,30.8311,,151,,335
14323,30.8333,,151.2,,335.08
14324,30.8355,,151.4,,335.16
14325,30.8377,,151.6,,335.24
14326,30.8399,,151.8,,335.32
14327,30.8421,,152,,335.4
14328,30.8444,,151.889,,335.378
14329,30.8468,,151.778,,335.356
14330,30.8491,,151.667,,335.333
14331,30.8514,,151.556,,335.311
14332,30.8538,,151.444,,335.289
14333,30.8561,,151.333,,335.267
14334,30.8584,,151.222,,335.244
14335,30.8607,,151.111,,335.222
14336,30.8631,,151,,335.2
14337,30.8651,,150.9,,335.08
14338,30.8672,,150.8,,334.96
14339,30.8692,,150.7,,334.84
14340,30.8713,,150.6,,334.72
14341,30.8733,,150.5,,334.6
14342,30.8754,,150.4,,334.48
14343,30.8774,,150.3,,334.36
14344,30.8795,,150.2,,334.24
14345,30.8815,,150.1,,334.12
14346,30.8836,,150,,334
14347,30.8855,,149.75,,333.85
14348,30.8874,,149.5,,333.7
14349,30.8894,,149.25,,333.55
14350,30.8913,,149,,333.4
14351,30.8934,,148.667,,333.356
14352,30.8954,,148.333,,333.311
14353,30.8975,,148,,333.267
14354,30.8996,,147.667,,333.222
14355,30.9017,,147.333,,333.178
14356,30.9038,,147,,333.133
14357,30.9059,,146.667,,333.089
14358,30.9079,,146.333,,333.044
14359,30.91,,146,,333
14360,30.9122,,145.889,,332.978
14361,30.9145,,145.778,,332.956
14362,30.9167,,145.667,,332.933
14363,30.919,,145.556,,332.911
14364,30.9212,,145.444,,332.889
14365,30.9234,,145.333,,332.867
14366,30.9257,,145.222,,332.844
14367,30.9279,,145.111,,332.822
14368,30.9302,,145,,332.8
14369,30.9326,,145,,332.7
14370,30.935,,145,,332.6
14371,30.9374,,145,,332.5
14372,30.9398,,145,,332.4
14373,30.9417,,144.75,,332.275
14374,30.9436,,144.5,,332.15
14375,30.9455,,144.25,,332.025
14376,30.9474,,144,,331.9
14377,30.9493,,143.75,,331.775
14378,30.9512,,143.5,,331.65
14379,30.9531,,143.25,,331.525
14380,30.955,,143,,331.4
14381,30.9571,,143,,331.3
14382,30.9592,,143,,331.2
14383,30.9614,,143,,331.1
14384,30.9635,,143,,331
14385,30.9656,,143,,330.9
14386,30.9678,,143,,330.8
14387,30.9699,,143,,330.7
14388,30.972,,143,,330.6
14389,30.9742,,143,,330.5
14390,30.9763,,143,,330.4
14391,30.9786,,143,,330.4
14392,30.9814,,143,,330.1
14393,30.9842,,143,,329.8
14394,30.9871,,143,,329.5
14395,30.9899,,143,,329.2
14396,30.9917,,142.8,,329.12
14397,30.9935,,142.6,,329.04
14398,30.9953,,142.4,,328.96
14399,30.9971,,142.2,,328.88
14400,30.9989,,142,,328.8
14401,31.0009,,142.182,,328.8
14402,31.0028,,142.364,,328.8
14403,31.0048,,142.545,,328.8
14404,31.0068,,142.727,,328.8
14405,31.0088,,142.909,,328.8
14406,31.0107,,143.091,,328.8
14407,31.0127,,143.273,,328.8
14408,31.0147,,143.455,,328.8
14409,31.0167,,143.636,,328.8
14410,31.0186,,143.818,,328.8
14411,31.0206,,144,,328.8
14412,31.0224,,144.333,,328.978
14413,31.0242,,144.667,,329.156
14414,31.0261,,145,,329.333
14415,31.0279,,145.333,,329.511
14416,31.0297,,145.667,,329.689
14417,31.0315,,146,,329.867
14418,31.0333,,146.333,,330.044
14419,31.0351,,146.667,,330.222
14420,31.0369,,147,,330.4
14421,31.039,,147.182,,330.436
14422,31.041,,147.364,,330.473
14423,31.0431,,147.545,,330.509
14424,31.0451,,147.727,,330.545
14425,31.0471,,147.909,,330.582
14426,31.0492,,148.091,,330.618
14427,31.0512,,148.273,,330.655
14428,31.0533,,148.455,,330.691
14429,31.0553,,148.636,,330.727
14430,31.0574,,148.818,,330.764
14431,31.0594,,149,,330.8
14432,31.0616,,149,,330.778
14433,31.0639,,149,,330.756
14434,31.0661,,149,,330.733
14435,31.0683,,149,,330.711
14436,31.0706,,149,,330.689
14437,31.0728,,149,,330.667
14438,31.075,,149,,330.644
14439,31.0772,,149,,330.622
14440,31.0795,,149,,330.6
14441,31.0816,,148.9,,330.52
14442,31.0838,,148.8,,330.44
14443,31.0859,,148.7,,330.36
14444,31.088,,148.6,,330.28
14445,31.0902,,148.5,,330.2
14446,31.0923,,148.4,,330.12
14447,31.0944,,148.3,,330.04
14448,31.0966,,148.2,,329.96
14449,31.0987,,148.1,,329.88
14450,31.1009,,148,,329.8
14451,31.1026,,147.5,,329.767
14452,31.1042,,147,,329.733
14453,31.1059,,146.5,,329.7
14454,31.1076,,146,,329.667
14455,31.1093,,145.5,,329.633
14456,31.111,,145,,329.6
14457,31.113,,144.667,,329.622
14458,31.1149,,144.333,,329.644
14459,31.1169,,144,,329.667
14460,31.1189,,143.667,,329.689
14461,31.1208,,143.333,,329.711
14462,31.1228,,143,,329.733
14463,31.1248,,142.667,,329.756
14464,31.1267,,142.333,,329.778
14465,31.1287,,142,,329.8
14466,31.1308,,142.1,,329.84
14467,31.133,,142.2,,329.88
14468,31.1351,,142.3,,329.92
14469,31.1373,,142.4,,329.96
14470,31.1394,,142.5,,330
14471,31.1416,,142.6,,330.04
14472,31.1437,,142.7,,330.08
14473,31.1459,,142.8,,330.12
14474,31.148,,142.9,,330.16
14475,31.1502,,143,,330.2
14476,31.1522,,143.2,,330.24
14477,31.1543,,143.4,,330.28
14478,31.1564,,143.6,,330.32
14479,31.1584,,143.8,,330.36
14480,31.1605,,144,,330.4
14481,31.1626,,144.2,,330.44
14482,31.1646,,144.4,,330.48
14483,31.1667,,144.6,,330.52
14484,31.1688,,144.8,,330.56
14485,31.1708,,145,,330.6
14486,31.1731,,145.1,,330.64
14487,31.1753,,145.2,,330.68
14488,31.1775,,145.3,,330.72
14489,31.1798,,145.4,,330.76
14490,31.182,,145.5,,330.8
14491,31.1842,,145.6,,330.84
14492,31.1865,,145.7,,330.88
14493,31.1887,,145.8,,330.92
14494,31.1909,,145.9,,330.96
14495,31.1932,,146,,331
14496,31.1957,,146.125,,331
14497,31.1982,,146.25,,331
14498,31.2008,,146.375,,331
14499,31.2033,,146.5,,331
14500,31.2058,,146.625,,331
14501,31.2083,,146.75,,331
14502,31.2109,,146.875,,331
14503,31.2134,,147,,331
14504,31.2155,,146.9,,330.98
14505,31.2175,,146.8,,330.96
14506,31.2196,,146.7,,330.94
14507,31.2217,,146.6,,330.92
14508,31.2237,,146.5,,330.9
14509,31.2258,,146.4,,330.88
14510,31.2279,,146.3,,330.86
14511,31.23,,146.2,,330.84
14512,31.232,,146.1,,330.82
14513,31.2341,,146,,330.8
14514,31.2364,,145.889,,330.733
14515,31.2387,,145.778,,330.667
14516,31.2411,,145.667,,330.6
14517,31.2434,,145.556,,330.533
14518,31.2457,,145.444,,330.467
14519,31.248,,145.333,,330.4
14520,31.2504,,145.222,,330.333
14521,31.2527,,145.111,,330.267
14522,31.255,,145,,330.2
14523,31.257,,144.9,,330.14
14524,31.2591,,144.8,,330.08
14525,31.2611,,144.7,,330.02
14526,31.2631,,144.6,,329.96
14527,31.2651,,144.5,,329.9
14528,31.2672,,144.4,,329.84
14529,31.2692,,144.3,,329.78
14530,31.2712,,144.2,,329.72
14531,31.2733,,144.1,,329.66
14532,31.2753,,144,,329.6
14533,31.2775,,144,,329.6
14534,31.2798,,144,,329.6
14535,31.282,,144,,329.6
14536,31.2843,,144,,329.6
14537,31.2865,,144,,329.6
14538,31.2887,,144,,329.6
14539,31.291,,144,,329.6
14540,31.2932,,144,,329.6
14541,31.2954,,144,,329.6
14542,31.2977,,144,,329.66
14543,31.2999,,144,,329.72
14544,31.3021,,144,,329.78
14545,31.3044,,144,,329.84
14546,31.3066,,144,,329.9
14547,31.3088,,144,,329.96
14548,31.3111,,144,,330.02
14549,31.3133,,144,,330.08
14550,31.3155,,144,,330.14
14551,31.3177,,144,,330.2
14552,31.32,,144,,330.244
14553,31.3222,,144,,330.289
14554,31.3244,,144,,330.333
14555,31.3267,,144,,330.378
14556,31.3289,,144,,330.422
14557,31.3311,,144,,330.467
14558,31.3334,,144,,330.511
14559,31.3356,,144,,330.556
14560,31.3378,,144,,330.6
14561,31.34,,144.333,,330.644
14562,31.3422,,144.667,,330.689
14563,31.3444,,145,,330.733
14564,31.3466,,145.333,,330.778
14565,31.3488,,145.667,,330.822
14566,31.351,,146,,330.867
14567,31.3532,,146.333,,330.911
14568,31.3554,,146.667,,330.956
14569,31.3576,,147,,331
14570,31.3596,,147.1,,330.98
14571,31.3617,,147.2,,330.96
14572,31.3637,,147.3,,330.94
14573,31.3657,,147.4,,330.92
14574,31.3677,,147.5,,330.9
14575,31.3697,,147.6,,330.88
14576,31.3718,,147.7,,330.86
14577,31.3738,,147.8,,330.84
14578,31.3758,,147.9,,330.82
14579,31.3778,,148,,330.8
14580,31.3799,,147.9,,330.72
14581,31.382,,147.8,,330.64
14582,31.3842,,147.7,,330.56
14583,31.3863,,147.6,,330.48
14584,31.3884,,147.5,,330.4
14585,31.3905,,147.4,,330.32
14586,31.3926,,147.3,,330.24
14587,31.3947,,147.2,,330.16
14588,31.3968,,147.1,,330.08
14589,31.3989,,147,,330
14590,31.4009,,146.9,,329.96
14591,31.4029,,146.8,,329.92
14592,31.4049,,146.7,,329.88
14593,31.4069,,146.6,,329.84
14594,31.4089,,146.5,,329.8
14595,31.4109,,146.4,,329.76
14596,31.4129,,146.3,,329.72
14597,31.4149,,146.2,,329.68
14598,31.4169,,146.1,,329.64
14599,31.4189,,146,,329.6
14600,31.421,,146,,329.578
14601,31.4231,,146,,329.556
14602,31.4252,,146,,329.533
14603,31.4273,,146,,329.511
14604,31.4294,,146,,329.489
14605,31.4315,,146,,329.467
14606,31.4336,,146,,329.444
14607,31.4357,,146,,329.422
14608,31.4378,,146,,329.4
14609,31.44,,146.2,,329.38
14610,31.4422,,146.4,,329.36
14611,31.4444,,146.6,,329.34
14612,31.4467,,146.8,,329.32
14613,31.4489,,147,,329.3
14614,31.4511,,147.2,,329.28
14615,31.4533,,147.4,,329.26
14616,31.4556,,147.6,,329.24
14617,31.4578,,147.8,,329.22
14618,31.46,,148,,329.2
14619,31.4621,,148,,329.24
14620,31.4641,,148,,329.28
14621,31.4662,,148,,329.32
14622,31.4682,,148,,329.36
14623,31.4703,,148,,329.4
14624,31.4724,,148,,329.44
14625,31.4744,,148,,329.48
14626,31.4765,,148,,329.52
14627,31.4786,,148,,329.56
14628,31.4806,,148,,329.6
14629,31.4829,,148,,329.62
14630,31.4851,,148,,329.64
14631,31.4873,,148,,329.66
14632,31.4895,,148,,329.68
14633,31.4918,,148,,329.7
14634,31.494,,148,,329.72
14635,31.4962,,148,,329.74
14636,31.4985,,148,,329.76
14637,31.5007,,148,,329.78
14638,31.5029,,148,,329.8
14639,31.5052,,147.889,,329.8
14640,31.5075,,147.778,,329.8
14641,31.5097,,147.667,,329.8
14642,31.512,,147.556,,329.8
14643,31.5143,,147.444,,329.8
14644,31.5165,,147.333,,329.8
14645,31.5188,,147.222,,329.8
14646,31.5211,,147.111,,329.8
14647,31.5233,,147,,329.8
14648,31.5256,,147.111,,329.844
14649,31.5278,,147.222,,329.889
14650,31.5301,,147.333,,329.933
14651,31.5324,,147.444,,329.978
14652,31.5346,,147.556,,330.022
14653,31.5369,,147.667,,330.067
14654,31.5391,,147.778,,330.111
14655,31.5414,,147.889,,330.156
14656,31.5436,,148,,330.2
14657,31.5458,,148,,330.25
14658,31.5479,,148,,330.3
14659,31.55,,148,,330.35
14660,31.5522,,148,,330.4
14661,31.5542,,148.2,,330.5
14662,31.5563,,148.4,,330.6
14663,31.5583,,148.6,,330.7
14664,31.5604,,148.8,,330.8
14665,31.5624,,149,,330.9
14666,31.5645,,149.2,,331
14667,31.5665,,149.4,,331.1
14668,31.5685,,149.6,,331.2
14669,31.5706,,149.8,,331.3
14670,31.5726,,150,,331.4
14671,31.5745,,150.286,,331.543
14672,31.5763,,150.571,,331.686
14673,31.5782,,150.857,,331.829
14674,31.58,,151.143,,331.971
14675,31.5818,,151.429,,332.114
14676,31.5837,,151.714,,332.257
14677,31.5855,,152,,332.4
14678,31.5875,,152.125,,332.55
14679,31.5895,,152.25,,332.7
14680,31.5915,,152.375,,332.85
14681,31.5934,,152.5,,333
14682,31.5954,,152.625,,333.15
14683,31.5974,,152.75,,333.3
14684,31.5994,,152.875,,333.45
14685,31.6014,,153,,333.6
14686,31.6034,,153.111,,333.711
14687,31.6054,,153.222,,333.822
14688,31.6073,,153.333,,333.933
14689,31.6093,,153.444,,334.044
14690,31.6113,,153.556,,334.156
14691,31.6133,,153.667,,334.267
14692,31.6153,,153.778,,334.378
14693,31.6173,,153.889,,334.489
14694,31.6193,,154,,334.6
14695,31.6213,,154.167,,334.8
14696,31.6232,,154.333,,335
14697,31.6252,,154.5,,335.2
14698,31.6272,,154.667,,335.4
14699,31.6291,,154.833,,335.6
14700,31.6311,,155,,335.8
14701,31.6331,,154.9,,335.88
14702,31.6352,,154.8,,335.96
14703,31.6372,,154.7,,336.04
14704,31.6393,,154.6,,336.12
14705,31.6413,,154.5,,336.2
14706,31.6433,,154.4,,336.28
14707,31.6454,,154.3,,336.36
14708,31.6474,,154.2,,336.44
14709,31.6494,,154.1,,336.52
14710,31.6515,,154,,336.6
14711,31.6536,,153.9,,336.58
14712,31.6558,,153.8,,336.56
14713,31.6579,,153.7,,336.54
14714,31.66,,153.6,,336.52
14715,31.6622,,153.5,,336.5
14716,31.6643,,153.4,,336.48
14717,31.6665,,153.3,,336.46
14718,31.6686,,153.2,,336.44
14719,31.6708,,153.1,,336.42
14720,31.6729,,153,,336.4
14721,31.6751,,152.8,,336.34
14722,31.6773,,152.6,,336.28
14723,31.6795,,152.4,,336.22
14724,31.6817,,152.2,,336.16
14725,31.6839,,152,,336.1
14726,31.686,,151.8,,336.04
14727,31.6882,,151.6,,335.98
14728,31.6904,,151.4,,335.92
14729,31.6926,,151.2,,335.86
14730,31.6948,,151,,335.8
14731,31.6968,,150.9,,335.82
14732,31.6988,,150.8,,335.84
14733,31.7008,,150.7,,335.86
14734,31.7029,,150.6,,335.88
14735,31.7049,,150.5,,335.9
14736,31.7069,,150.4,,335.92
14737,31.7089,,150.3,,335.94
14738,31.7109,,150.2,,335.96
14739,31.713,,150.1,,335.98
14740,31.715,,150,,336
14741,31.7171,,150.1,,336.06
14742,31.7193,,150.2,,336.12
14743,31.7215,,150.3,,336.18
14744,31.7236,,150.4,,336.24
14745,31.7258,,150.5,,336.3
14746,31.7279,,150.6,,336.36
14747,31.7301,,150.7,,336.42
14748,31.7323,,150.8,,336.48
14749,31.7344,,150.9,,336.54
14750,31.7366,,151,,336.6
14751,31.7384,,150.667,,336.667
14752,31.7402,,150.333,,336.733
14753,31.7421,,150,,336.8
14754,31.7441,,150,,336.84
14755,31.7461,,150,,336.88
14756,31.7481,,150,,336.92
14757,31.7501,,150,,336.96
14758,31.7521,,150,,337
14759,31.7541,,150,,337.04
14760,31.7561,,150,,337.08
14761,31.7581,,150,,337.12
14762,31.7601,,150,,337.16
14763,31.7621,,150,,337.2
14764,31.7642,,150,,337.26
14765,31.7662,,150,,337.32
14766,31.7683,,150,,337.38
14767,31.7704,,150,,337.44
14768,31.7725,,150,,337.5
14769,31.7746,,150,,337.56
14770,31.7766,,150,,337.62
14771,31.7787,,150,,337.68
14772,31.7808,,150,,337.74
14773,31.7829,,150,,337.8
14774,31.785,,149.8,,337.84
14775,31.7872,,149.6,,337.88
14776,31.7893,,149.4,,337.92
14777,31.7915,,149.2,,337.96
14778,31.7936,,149,,338
14779,31.7958,,148.8,,338.04
14780,31.7979,,148.6,,338.08
14781,31.8001,,148.4,,338.12
14782,31.8022,,148.2,,338.16
14783,31.8043,,148,,338.2
14784,31.8064,,148,,338.24
14785,31.8085,,148,,338.28
14786,31.8106,,148,,338.32
14787,31.8127,,148,,338.36
14788,31.8147,,148,,338.4
14789,31.8168,,148,,338.44
14790,31.8189,,148,,338.48
14791,31.821,,148,,338.52
14792,31.8231,,148,,338.56
14793,31.8251,,148,,338.6
14794,31.8274,,148,,338.64
14795,31.8297,,148,,338.68
14796,31.832,,148,,338.72
14797,31.8343,,148,,338.76
14798,31.8365,,148,,338.8
14799,31.8385,,147.8,,338.82
14800,31.8406,,147.6,,338.84
14801,31.8426,,147.4,,338.86
14802,31.8446,,147.2,,338.88
14803,31.8466,,147,,338.9
14804,31.8486,,146.8,,338.92
14805,31.8506,,146.6,,338.94
14806,31.8527,,146.4,,338.96
14807,31.8547,,146.2,,338.98
14808,31.8567,,146,,339
14809,31.8587,,145.9,,339
14810,31.8608,,145.8,,339
14811,31.8628,,145.7,,339
14812,31.8649,,145.6,,339
14813,31.8669,,145.5,,339
14814,31.869,,145.4,,339
14815,31.871,,145.3,,339
14816,31.8731,,145.2,,339
14817,31.8751,,145.1,,339
14818,31.8772,,145,,339
14819,31.8792,,144.818,,339.055
14820,31.8812,,144.636,,339.109
14821,31.8832,,144.455,,339.164
14822,31.8852,,144.273,,339.218
14823,31.8871,,144.091,,339.273
14824,31.8891,,143.909,,339.327
14825,31.8911,,143.727,,339.382
14826,31.8931,,143.545,,339.436
14827,31.8951,,143.364,,339.491
14828,31.8971,,143.182,,339.545
14829,31.8991,,143,,339.6
14830,31.9011,,142.909,,339.6
14831,31.903,,142.818,,339.6
14832,31.905,,142.727,,339.6
14833,31.907,,142.636,,339.6
14834,31.909,,142.545,,339.6
14835,31.9109,,142.455,,339.6
14836,31.9129,,142.364,,339.6
14837,31.9149,,142.273,,339.6
14838,31.9169,,142.182,,339.6
14839,31.9188,,142.091,,339.6
14840,31.9208,,142,,339.6
14841,31.9228,,141.667,,339.667
14842,31.9248,,141.333,,339.733
14843,31.9268,,141,,339.8
14844,31.9286,,141.083,,339.85
14845,31.9304,,141.167,,339.9
14846,31.9322,,141.25,,339.95
14847,31.934,,141.333,,340
14848,31.9358,,141.417,,340.05
14849,31.9376,,141.5,,340.1
14850,31.9394,,141.583,,340.15
14851,31.9412,,141.667,,340.2
14852,31.943,,141.75,,340.25
14853,31.9448,,141.833,,340.3
14854,31.9466,,141.917,,340.35
14855,31.9483,,142,,340.4
14856,31.9501,,142,,340.48
14857,31.9519,,142,,340.56
14858,31.9536,,142,,340.64
14859,31.9553,,142,,340.72
14860,31.9571,,142,,340.8
14861,31.9591,,142,,340.818
14862,31.961,,142,,340.836
14863,31.963,,142,,340.855
14864,31.9649,,142,,340.873
14865,31.9669,,142,,340.891
14866,31.9689,,142,,340.909
14867,31.9708,,142,,340.927
14868,31.9728,,142,,340.945
14869,31.9748,,142,,340.964
14870,31.9767,,142,,340.982
14871,31.9787,,142,,341
14872,31.9808,,142.429,,340.943
14873,31.9829,,142.857,,340.886
14874,31.985,,143.286,,340.829
14875,31.9871,,143.714,,340.771
14876,31.9892,,144.143,,340.714
14877,31.9913,,144.571,,340.657
14878,31.9934,,145,,340.6
14879,31.9958,,145,,340.6
14880,31.9982,,145,,340.6
14881,32.0002,,145.1,,340.6
14882,32.0023,,145.2,,340.6
14883,32.0044,,145.3,,340.6
14884,32.0064,,145.4,,340.6
14885,32.0085,,145.5,,340.6
14886,32.0106,,145.6,,340.6
14887,32.0127,,145.7,,340.6
14888,32.0147,,145.8,,340.6
14889,32.0168,,145.9,,340.6
14890,32.0189,,146,,340.6
14891,32.0208,,145.625,,340.65
14892,32.0227,,145.25,,340.7
14893,32.0246,,144.875,,340.75
14894,32.0266,,144.5,,340.8
14895,32.0285,,144.125,,340.85
14896,32.0304,,143.75,,340.9
14897,32.0323,,143.375,,340.95
14898,32.0342,,143,,341
14899,32.0363,,143.2,,341.04
14900,32.0384,,143.4,,341.08
14901,32.0404,,143.6,,341.12
14902,32.0425,,143.8,,341.16
14903,32.0446,,144,,341.2
14904,32.0467,,144.2,,341.24
14905,32.0487,,144.4,,341.28
14906,32.0508,,144.6,,341.32
14907,32.0529,,144.8,,341.36
14908,32.0549,,145,,341.4
14909,32.057,,145.429,,341.429
14910,32.0591,,145.857,,341.457
14911,32.0612,,146.286,,341.486
14912,32.0633,,146.714,,341.514
14913,32.0654,,147.143,,341.543
14914,32.0675,,147.571,,341.571
14915,32.0696,,148,,341.6
14916,32.0718,,148,,341.629
14917,32.0739,,148,,341.657
14918,32.0761,,148,,341.686
14919,32.0782,,148,,341.714
14920,32.0804,,148,,341.743
14921,32.0826,,148,,341.771
14922,32.0847,,148,,341.8
14923,32.087,,148.111,,341.8
14924,32.0892,,148.222,,341.8
14925,32.0915,,148.333,,341.8
14926,32.0937,,148.444,,341.8
14927,32.0959,,148.556,,341.8
14928,32.0982,,148.667,,341.8
14929,32.1004,,148.778,,341.8
14930,32.1027,,148.889,,341.8
14931,32.1049,,149,,341.8
14932,32.1072,,149,,341.778
14933,32.1094,,149,,341.756
14934,32.1116,,149,,341.733
14935,32.1139,,149,,341.711
14936,32.1161,,149,,341.689
14937,32.1183,,149,,341.667
14938,32.1205,,149,,341.644
14939,32.1228,,149,,341.622
14940,32.125,,149,,341.6
14941,32.1269,,148.909,,341.618
14942,32.1287,,148.818,,341.636
14943,32.1306,,148.727,,341.655
14944,32.1325,,148.636,,341.673
14945,32.1343,,148.545,,341.691
14946,32.1362,,148.455,,341.709
14947,32.1381,,148.364,,341.727
14948,32.1399,,148.273,,341.745
14949,32.1418,,148.182,,341.764
14950,32.1436,,148.091,,341.782
14951,32.1455,,148,,341.8
14952,32.1471,,148.077,,341.831
14953,32.1487,,148.154,,341.862
14954,32.1503,,148.231,,341.892
14955,32.1519,,148.308,,341.923
14956,32.1535,,148.385,,341.954
14957,32.1551,,148.462,,341.985
14958,32.1567,,148.538,,342.015
14959,32.1583,,148.615,,342.046
14960,32.1599,,148.692,,342.077
14961,32.1615,,148.769,,342.108
14962,32.1631,,148.846,,342.138
14963,32.1647,,148.923,,342.169
14964,32.1663,,149,,342.2
14965,32.1685,,149,,342.24
14966,32.1707,,149,,342.28
14967,32.1729,,149,,342.32
14968,32.1751,,149,,342.36
14969,32.1773,,149,,342.4
14970,32.1795,,149,,342.44
14971,32.1817,,149,,342.48
14972,32.1839,,149,,342.52
14973,32.1861,,149,,342.56
14974,32.1884,,149,,342.6
14975,32.1906,,149,,342.633
14976,32.1928,,149,,342.667
14977,32.195,,149,,342.7
14978,32.1972,,149,,342.733
14979,32.1995,,149,,342.767
14980,32.2017,,149,,342.8
14981,32.2036,,149.182,,342.891
14982,32.2055,,149.364,,342.982
14983,32.2074,,149.545,,343.073
14984,32.2092,,149.727,,343.164
14985,32.2111,,149.909,,343.255
14986,32.213,,150.091,,343.345
14987,32.2149,,150.273,,343.436
14988,32.2168,,150.455,,343.527
14989,32.2187,,150.636,,343.618
14990,32.2206,,150.818,,343.709
14991,32.2225,,151,,343.8
14992,32.2245,,151,,343.8
14993,32.2266,,151,,343.8
14994,32.2288,,151.2,,343.9
14995,32.2311,,151.4,,344
14996,32.2333,,151.6,,344.1
14997,32.2355,,151.8,,344.2
14998,32.2378,,152,,344.3
14999,32.24,,152.2,,344.4
15000,32.2422,,152.4,,344.5
15001,32.2445,,152.6,,344.6
15002,32.2467,,152.8,,344.7
15003,32.2489,,153,,344.8
15004,32.251,,153,,344.8
15005,32.2531,,153,,344.8
15006,32.2552,,153,,344.8
15007,32.2572,,153,,344.8
15008,32.2596,,153,,344.844
15009,32.2619,,153,,344.889
15010,32.2643,,153,,344.933
15011,32.2666,,153,,344.978
15012,32.269,,153,,345.022
15013,32.2713,,153,,345.067
15014,32.2736,,153,,345.111
15015,32.276,,153,,345.156
15016,32.2783,,153,,345.2
15017,32.2807,,152.667,,345.111
15018,32.283,,152.333,,345.022
15019,32.2854,,152,,344.933
15020,32.2877,,151.667,,344.844
15021,32.2901,,151.333,,344.756
15022,32.2924,,151,,344.667
15023,32.2948,,150.667,,344.578
15024,32.2971,,150.333,,344.489
15025,32.2995,,150,,344.4
15026,32.3017,,150,,344.1
15027,32.304,,150,,343.8
15028,32.3057,,150,,343.767
15029,32.3073,,150,,343.733
15030,32.309,,150,,343.7
15031,32.3107,,150,,343.667
15032,32.3123,,150,,343.633
15033,32.314,,150,,343.6
15034,32.3157,,150,,343.567
15035,32.3174,,150,,343.533
15036,32.319,,150,,343.5
15037,32.3207,,150,,343.467
15038,32.3224,,150,,343.433
15039,32.324,,150,,343.4
15040,32.3259,,150,,343.527
15041,32.3278,,150,,343.655
15042,32.3297,,150,,343.782
15043,32.3316,,150,,343.909
15044,32.3335,,150,,344.036
15045,32.3354,,150,,344.164
15046,32.3373,,150,,344.291
15047,32.3391,,150,,344.418
15048,32.341,,150,,344.545
15049,32.3429,,150,,344.673
15050,32.3448,,150,,344.8
15051,32.3468,,150.1,,344.86
15052,32.3488,,150.2,,344.92
15053,32.3508,,150.3,,344.98
15054,32.3528,,150.4,,345.04
15055,32.3548,,150.5,,345.1
15056,32.3568,,150.6,,345.16
15057,32.3588,,150.7,,345.22
15058,32.3608,,150.8,,345.28
15059,32.3628,,150.9,,345.34
15060,32.3648,,151,,345.4
15061,32.3671,,151.2,,345.4
15062,32.3693,,151.4,,345.4
15063,32.3715,,151.6,,345.4
15064,32.3738,,151.8,,345.4
15065,32.376,,152,,345.4
15066,32.3782,,152.2,,345.4
15067,32.3804,,152.4,,345.4
15068,32.3827,,152.6,,345.4
15069,32.3849,,152.8,,345.4
15070,32.3871,,153,,345.4
15071,32.3893,,152.8,,345.42
15072,32.3915,,152.6,,345.44
15073,32.3938,,152.4,,345.46
15074,32.396,,152.2,,345.48
15075,32.3982,,152,,345.5
15076,32.4004,,151.8,,345.52
15077,32.4026,,151.6,,345.54
15078,32.4048,,151.4,,345.56
15079,32.407,,151.2,,345.58
15080,32.4092,,151,,345.6
15081,32.4113,,150.9,,345.62
15082,32.4134,,150.8,,345.64
15083,32.4155,,150.7,,345.66
15084,32.4176,,150.6,,345.68
15085,32.4197,,150.5,,345.7
15086,32.4218,,150.4,,345.72
15087,32.4238,,150.3,,345.74
15088,32.4259,,150.2,,345.76
15089,32.428,,150.1,,345.78
15090,32.4301,,150,,345.8
15091,32.4323,,150,,345.8
15092,32.4345,,150,,345.8
15093,32.4367,,150,,345.8
15094,32.4389,,150,,345.8
15095,32.441,,150,,345.8
15096,32.4432,,150,,345.8
15097,32.4454,,150,,345.8
15098,32.4476,,150,,345.8
15099,32.4498,,150,,345.8
15100,32.452,,150,,345.8
15101,32.4543,,151,,346
15102,32.4565,,150.9,,346
15103,32.4587,,150.8,,346
15104,32.4609,,150.7,,346
15105,32.463,,150.6,,346
15106,32.4652,,150.5,,346
15107,32.4674,,150.4,,346
15108,32.4696,,150.3,,346
15109,32.4717,,150.2,,346
15110,32.4739,,150.1,,346
15111,32.4761,,150,,346
15112,32.4781,,150.1,,345.98
15113,32.4802,,150.2,,345.96
15114,32.4822,,150.3,,345.94
15115,32.4843,,150.4,,345.92
15116,32.4863,,150.5,,345.9
15117,32.4884,,150.6,,345.88
15118,32.4904,,150.7,,345.86
15119,32.4925,,150.8,,345.84
15120,32.4945,,150.9,,345.82
15121,32.4966,,151,,345.8
15122,32.4986,,151.091,,345.836
15123,32.5006,,151.182,,345.873
15124,32.5026,,151.273,,345.909
15125,32.5046,,151.364,,345.945
15126,32.5066,,151.455,,345.982
15127,32.5086,,151.545,,346.018
15128,32.5106,,151.636,,346.055
15129,32.5126,,151.727,,346.091
15130,32.5146,,151.818,,346.127
15131,32.5166,,151.909,,346.164
15132,32.5186,,152,,346.2
15133,32.5209,,152.111,,346.267
15134,32.5231,,152.222,,346.333
15135,32.5253,,152.333,,346.4
15136,32.5276,,152.444,,346.467
15137,32.5298,,152.556,,346.533
15138,32.532,,152.667,,346.6
15139,32.5343,,152.778,,346.667
15140,32.5365,,152.889,,346.733
15141,32.5387,,153,,346.8
15142,32.5407,,153,,346.9
15143,32.5427,,153,,347
15144,32.545,,153.111,,347.067
15145,32.5472,,153.222,,347.133
15146,32.5495,,153.333,,347.2
15147,32.5517,,153.444,,347.267
15148,32.554,,153.556,,347.333
15149,32.5562,,153.667,,347.4
15150,32.5585,,153.778,,347.467
15151,32.5607,,153.889,,347.533
15152,32.563,,154,,347.6
15153,32.5652,,153.857,,347.657
15154,32.5675,,153.714,,347.714
15155,32.5698,,153.571,,347.771
15156,32.5721,,153.429,,347.829
15157,32.5744,,153.286,,347.886
15158,32.5767,,153.143,,347.943
15159,32.579,,153,,348
15160,32.581,,152.9,,348.12
15161,32.5829,,152.8,,348.24
15162,32.5848,,152.7,,348.36
15163,32.5867,,152.6,,348.48
15164,32.5887,,152.5,,348.6
15165,32.5906,,152.4,,348.72
15166,32.5925,,152.3,,348.84
15167,32.5945,,152.2,,348.96
15168,32.5964,,152.1,,349.08
15169,32.5983,,152,,349.2
15170,32.6003,,152.2,,349.4
15171,32.6023,,152.4,,349.6
15172,32.6043,,152.6,,349.8
15173,32.6063,,152.8,,350
15174,32.6083,,153,,350.2
15175,32.6105,,153.25,,350.35
15176,32.6126,,153.5,,350.5
15177,32.6148,,153.75,,350.65
15178,32.6169,,154,,350.8
15179,32.6191,,154.25,,350.95
15180,32.6212,,154.5,,351.1
15181,32.6234,,154.75,,351.25
15182,32.6255,,155,,351.4
15183,32.6277,,155.2,,351.6
15184,32.6299,,155.4,,351.8
15185,32.6321,,155.6,,352
15186,32.6343,,155.8,,352.2
15187,32.6365,,156,,352.4
15188,32.6385,,156.2,,352.5
15189,32.6405,,156.4,,352.6
15190,32.6425,,156.6,,352.7
15191,32.6445,,156.8,,352.8
15192,32.6465,,157,,352.9
15193,32.6485,,157.2,,353
15194,32.6505,,157.4,,353.1
15195,32.6525,,157.6,,353.2
15196,32.6545,,157.8,,353.3
15197,32.6565,,158,,353.4
15198,32.6582,,158,,353.6
15199,32.6602,,157.857,,353.743
15200,32.6621,,157.714,,353.886
15201,32.6641,,157.571,,354.029
15202,32.666,,157.429,,354.171
15203,32.668,,157.286,,354.314
15204,32.6699,,157.143,,354.457
15205,32.6719,,157,,354.6
15206,32.674,,157.2,,354.68
15207,32.6761,,157.4,,354.76
15208,32.6782,,157.6,,354.84
15209,32.6803,,157.8,,354.92
15210,32.6824,,158,,355
15211,32.6845,,158.2,,355.08
15212,32.6866,,158.4,,355.16
15213,32.6887,,158.6,,355.24
15214,32.6908,,158.8,,355.32
15215,32.6929,,159,,355.4
15216,32.695,,158.8,,355.44
15217,32.697,,158.6,,355.48
15218,32.6991,,158.4,,355.52
15219,32.7011,,158.2,,355.56
15220,32.7032,,158,,355.6
15221,32.7054,,157.778,,355.533
15222,32.7076,,157.556,,355.467
15223,32.7099,,157.333,,355.4
15224,32.7121,,157.111,,355.333
15225,32.7143,,156.889,,355.267
15226,32.7166,,156.667,,355.2
15227,32.7188,,156.444,,355.133
15228,32.7211,,156.222,,355.067
15229,32.7233,,156,,355
15230,32.7255,,155.833,,354.933
15231,32.7276,,155.667,,354.867
15232,32.7298,,155.5,,354.8
15233,32.732,,155.333,,354.733
15234,32.7341,,155.167,,354.667
15235,32.7363,,155,,354.6
15236,32.7384,,154.7,,354.52
15237,32.7405,,154.4,,354.44
15238,32.7425,,154.1,,354.36
15239,32.7446,,153.8,,354.28
15240,32.7467,,153.5,,354.2
15241,32.7488,,153.2,,354.12
15242,32.7508,,152.9,,354.04
15243,32.7529,,152.6,,353.96
15244,32.755,,152.3,,353.88
15245,32.757,,152,,353.8
15246,32.7591,,152,,353.75
15247,32.7611,,152,,353.7
15248,32.7632,,152,,353.65
15249,32.7652,,152,,353.6
15250,32.7673,,151.7,,353.5
15251,32.7694,,151.4,,353.4
15252,32.7715,,151.1,,353.3
15253,32.7736,,150.8,,353.2
15254,32.7758,,150.5,,353.1
15255,32.7779,,150.2,,353
15256,32.78,,149.9,,352.9
15257,32.7821,,149.6,,352.8
15258,32.7842,,149.3,,352.7
15259,32.7863,,149,,352.6
15260,32.7886,,149,,352.6
15261,32.7909,,149,,352.6
15262,32.7929,,148.9,,352.52
15263,32.7949,,148.8,,352.44
15264,32.7969,,148.7,,352.36
15265,32.7989,,148.6,,352.28
15266,32.801,,148.5,,352.2
15267,32.803,,148.4,,352.12
15268,32.805,,148.3,,352.04
15269,32.807,,148.2,,351.96
15270,32.809,,148.1,,351.88
15271,32.811,,148,,351.8
15272,32.8133,,147.857,,351.743
15273,32.8155,,147.714,,351.686
15274,32.8178,,147.571,,351.629
15275,32.82,,147.429,,351.571
15276,32.8222,,147.286,,351.514
15277,32.8245,,147.143,,351.457
15278,32.8267,,147,,351.4
15279,32.8289,,146.9,,351.36
15280,32.831,,146.8,,351.32
15281,32.8332,,146.7,,351.28
15282,32.8353,,146.6,,351.24
15283,32.8374,,146.5,,351.2
15284,32.8396,,146.4,,351.16
15285,32.8417,,146.3,,351.12
15286,32.8439,,146.2,,351.08
15287,32.846,,146.1,,351.04
15288,32.8482,,146,,351
15289,32.8503,,145.9,,350.98
15290,32.8524,,145.8,,350.96
15291,32.8545,,145.7,,350.94
15292,32.8566,,145.6,,350.92
15293,32.8587,,145.5,,350.9
15294,32.8609,,145.4,,350.88
15295,32.863,,145.3,,350.86
15296,32.8651,,145.2,,350.84
15297,32.8672,,145.1,,350.82
15298,32.8693,,145,,350.8
15299,32.8717,,145,,350.6
15300,32.8741,,145,,350.4
15301,32.8762,,144.7,,350.32
15302,32.8782,,144.4,,350.24
15303,32.8803,,144.1,,350.16
15304,32.8824,,143.8,,350.08
15305,32.8845,,143.5,,350
15306,32.8865,,143.2,,349.92
15307,32.8886,,142.9,,349.84
15308,32.8907,,142.6,,349.76
15309,32.8928,,142.3,,349.68
15310,32.8948,,142,,349.6
15311,32.8967,,142,,349.5
15312,32.8986,,142,,349.4
15313,32.9008,,142,,349.4
15314,32.903,,142,,349.32
15315,32.9052,,142,,349.24
15316,32.9074,,142,,349.16
15317,32.9096,,142,,349.08
15318,32.9118,,142,,349
15319,32.914,,142,,348.92
15320,32.9162,,142,,348.84
15321,32.9184,,142,,348.76
15322,32.9206,,142,,348.68
15323,32.9228,,142,,348.6
15324,32.925,,142,,348.6
15325,32.9273,,142,,348.6
15326,32.9295,,142,,348.6
15327,32.9318,,142,,348.6
15328,32.934,,142,,348.6
15329,32.9362,,142,,348.6
15330,32.9385,,142,,348.6
15331,32.9407,,142,,348.6
15332,32.9429,,142,,348.6
15333,32.945,,142,,348.62
15334,32.947,,142,,348.64
15335,32.9491,,142,,348.66
15336,32.9511,,142,,348.68
15337,32.9532,,142,,348.7
15338,32.9552,,142,,348.72
15339,32.9573,,142,,348.74
15340,32.9593,,142,,348.76
15341,32.9613,,142,,348.78
15342,32.9634,,142,,348.8
15343,32.9655,,142,,348.8
15344,32.9677,,142,,348.8
15345,32.9698,,142,,348.8
15346,32.972,,142.1,,348.82
15347,32.9742,,142.2,,348.84
15348,32.9764,,142.3,,348.86
15349,32.9786,,142.4,,348.88
15350,32.9808,,142.5,,348.9
15351,32.983,,142.6,,348.92
15352,32.9852,,142.7,,348.94
15353,32.9874,,142.8,,348.96
15354,32.9896,,142.9,,348.98
15355,32.9918,,143,,349
15356,32.9942,,143,,349
15357,32.9966,,143,,349
15358,32.999,,143,,349
15359,33.0012,,143.2,,349
15360,33.0033,,143.4,,349
15361,33.0054,,143.6,,349
15362,33.0075,,143.8,,349
15363,33.0096,,144,,349
15364,33.0118,,144.2,,349
15365,33.0139,,144.4,,349
15366,33.016,,144.6,,349
15367,33.0181,,144.8,,349
15368,33.0202,,145,,349
15369,33.0223,,145.2,,349.04
15370,33.0244,,145.4,,349.08
15371,33.0265,,145.6,,349.12
15372,33.0286,,145.8,,349.16
15373,33.0307,,146,,349.2
15374,33.0328,,146.2,,349.24
15375,33.0349,,146.4,,349.28
15376,33.037,,146.6,,349.32
15377,33.039,,146.8,,349.36
15378,33.0411,,147,,349.4
15379,33.0431,,147.2,,349.42
15380,33.0451,,147.4,,349.44
15381,33.0471,,147.6,,349.46
15382,33.0491,,147.8,,349.48
15383,33.0512,,148,,349.5
15384,33.0532,,148.2,,349.52
15385,33.0552,,148.4,,349.54
15386,33.0572,,148.6,,349.56
15387,33.0592,,148.8,,349.58
15388,33.0612,,149,,349.6
15389,33.0629,,149,,349.6
15390,33.0647,,149,,349.6
15391,33.0665,,148.667,,349.667
15392,33.0683,,148.333,,349.733
15393,33.0701,,148,,349.8
15394,33.0721,,147.8,,349.84
15395,33.0742,,147.6,,349.88
15396,33.0762,,147.4,,349.92
15397,33.0783,,147.2,,349.96
15398,33.0803,,147,,350
15399,33.0824,,146.8,,350.04
15400,33.0844,,146.6,,350.08
15401,33.0865,,146.4,,350.12
15402,33.0885,,146.2,,350.16
15403,33.0906,,146,,350.2
15404,33.0926,,146.333,,350.133
15405,33.0947,,146.667,,350.067
15406,33.0968,,147,,350
15407,33.0988,,146.9,,349.9
15408,33.1009,,146.8,,349.8
15409,33.103,,146.7,,349.7
15410,33.1051,,146.6,,349.6
15411,33.1072,,146.5,,349.5
15412,33.1093,,146.4,,349.4
15413,33.1114,,146.3,,349.3
15414,33.1135,,146.2,,349.2
15415,33.1156,,146.1,,349.1
15416,33.1176,,146,,349
15417,33.1198,,146,,348.9
15418,33.1219,,146,,348.8
15419,33.1241,,146,,348.7
15420,33.1262,,146,,348.6
15421,33.1283,,146,,348.5
15422,33.1305,,146,,348.4
15423,33.1329,,145.833,,348.2
15424,33.1353,,145.667,,348
15425,33.1377,,145.5,,347.8
15426,33.1401,,145.333,,347.6
15427,33.1425,,145.167,,347.4
15428,33.1449,,145,,347.2
15429,33.1473,,144.778,,347.111
15430,33.1496,,144.556,,347.022
15431,33.152,,144.333,,346.933
15432,33.1543,,144.111,,346.844
15433,33.1567,,143.889,,346.756
15434,33.159,,143.667,,346.667
15435,33.1614,,143.444,,346.578
15436,33.1637,,143.222,,346.489
15437,33.1661,,143,,346.4
15438,33.1682,,143,,346.2
15439,33.1705,,143.143,,346.029
15440,33.1728,,143.286,,345.857
15441,33.1751,,143.429,,345.686
15442,33.1774,,143.571,,345.514
15443,33.1797,,143.714,,345.343
15444,33.182,,143.857,,345.171
15445,33.1843,,144,,345
15446,33.1865,,143.889,,344.867
15447,33.1886,,143.778,,344.733
15448,33.1908,,143.667,,344.6
15449,33.1929,,143.556,,344.467
15450,33.1951,,143.444,,344.333
15451,33.1973,,143.333,,344.2
15452,33.1994,,143.222,,344.067
15453,33.2016,,143.111,,343.933
15454,33.2038,,143,,343.8
15455,33.206,,142.875,,343.675
15456,33.2082,,142.75,,343.55
15457,33.2104,,142.625,,343.425
15458,33.2126,,142.5,,343.3
15459,33.2148,,142.375,,343.175
15460,33.217,,142.25,,343.05
15461,33.2192,,142.125,,342.925
15462,33.2215,,142,,342.8
15463,33.2237,,141.833,,342.6
15464,33.2259,,141.667,,342.4
15465,33.2282,,141.5,,342.2
15466,33.2304,,141.333,,342
15467,33.2327,,141.167,,341.8
15468,33.2349,,141,,341.6
15469,33.2371,,141.2,,341.54
15470,33.2392,,141.4,,341.48
15471,33.2414,,141.6,,341.42
15472,33.2435,,141.8,,341.36
15473,33.2457,,142,,341.3
15474,33.2478,,142.2,,341.24
15475,33.25,,142.4,,341.18
15476,33.2521,,142.6,,341.12
15477,33.2543,,142.8,,341.06
15478,33.2564,,143,,341
15479,33.2586,,143,,340.956
15480,33.2608,,143,,340.911
15481,33.263,,143,,340.867
15482,33.2652,,143,,340.822
15483,33.2674,,143,,340.778
15484,33.2696,,143,,340.733
15485,33.2718,,143,,340.689
15486,33.274,,143,,340.644
15487,33.2762,,143,,340.6
15488,33.2785,,143,,340.58
15489,33.2807,,143,,340.56
15490,33.2829,,143,,340.54
15491,33.2851,,143,,340.52
15492,33.2874,,143,,340.5
15493,33.2896,,143,,340.48
15494,33.2918,,143,,340.46
15495,33.294,,143,,340.44
15496,33.2963,,143,,340.42
15497,33.2985,,143,,340.4
15498,33.3008,,143.111,,340.378
15499,33.303,,143.222,,340.356
15500,33.3053,,143.333,,340.333
15501,33.3075,,143.444,,340.311
15502,33.3098,,143.556,,340.289
15503,33.312,,143.667,,340.267
15504,33.3143,,143.778,,340.244
15505,33.3166,,143.889,,340.222
15506,33.3188,,144,,340.2
15507,33.3211,,144,,340.178
15508,33.3234,,144,,340.156
15509,33.3257,,144,,340.133
15510,33.328,,144,,340.111
15511,33.3303,,144,,340.089
15512,33.3325,,144,,340.067
15513,33.3348,,144,,340.044
15514,33.3371,,144,,340.022
15515,33.3394,,144,,340
15516,33.3417,,143.889,,339.978
15517,33.344,,143.778,,339.956
15518,33.3462,,143.667,,339.933
15519,33.3485,,143.556,,339.911
15520,33.3508,,143.444,,339.889
15521,33.3531,,143.333,,339.867
15522,33.3553,,143.222,,339.844
15523,33.3576,,143.111,,339.822
15524,33.3599,,143,,339.8
15525,33.3621,,143,,339.8
15526,33.3643,,143,,339.8
15527,33.3665,,143,,339.8
15528,33.3687,,143,,339.8
15529,33.3709,,143,,339.8
15530,33.373,,143,,339.8
15531,33.3752,,143,,339.8
15532,33.3774,,143,,339.8
15533,33.3796,,143,,339.8
15534,33.3818,,143,,339.8
15535,33.3839,,143.1,,339.82
15536,33.3859,,143.2,,339.84
15537,33.388,,143.3,,339.86
15538,33.39,,143.4,,339.88
15539,33.392,,143.5,,339.9
15540,33.3941,,143.6,,339.92
15541,33.3961,,143.7,,339.94
15542,33.3982,,143.8,,339.96
15543,33.4002,,143.9,,339.98
15544,33.4023,,144,,340
15545,33.4043,,144.1,,340.02
15546,33.4063,,144.2,,340.04
15547,33.4083,,144.3,,340.06
15548,33.4103,,144.4,,340.08
15549,33.4123,,144.5,,340.1
15550,33.4143,,144.6,,340.12
15551,33.4163,,144.7,,340.14
15552,33.4183,,144.8,,340.16
15553,33.4204,,144.9,,340.18
15554,33.4224,,145,,340.2
15555,33.4243,,144.909,,340.218
15556,33.4263,,144.818,,340.236
15557,33.4283,,144.727,,340.255
15558,33.4303,,144.636,,340.273
15559,33.4323,,144.545,,340.291
15560,33.4343,,144.455,,340.309
15561,33.4363,,144.364,,340.327
15562,33.4383,,144.273,,340.345
15563,33.4403,,144.182,,340.364
15564,33.4423,,144.091,,340.382
15565,33.4442,,144,,340.4
15566,33.4463,,143.9,,340.36
15567,33.4484,,143.8,,340.32
15568,33.4504,,143.7,,340.28
15569,33.4525,,143.6,,340.24
15570,33.4546,,143.5,,340.2
15571,33.4566,,143.4,,340.16
15572,33.4587,,143.3,,340.12
15573,33.4608,,143.2,,340.08
15574,33.4628,,143.1,,340.04
15575,33.4649,,143,,340
15576,33.467,,143,,339.9
15577,33.4691,,143,,339.8
15578,33.4712,,143,,339.7
15579,33.4733,,143,,339.6
15580,33.4753,,142.571,,339.571
15581,33.4773,,142.143,,339.543
15582,33.4793,,141.714,,339.514
15583,33.4813,,141.286,,339.486
15584,33.4833,,140.857,,339.457
15585,33.4853,,140.429,,339.429
15586,33.4873,,140,,339.4
15587,33.4894,,139.75,,339.2
15588,33.4915,,139.5,,339
15589,33.4935,,139.25,,338.8
15590,33.4956,,139,,338.6
15591,33.4977,,138.5,,338.3
15592,33.4999,,138,,338
15593,33.502,,137.5,,337.7
15594,33.5041,,137,,337.4
15595,33.5064,,137,,337.1
15596,33.5087,,137,,336.8
15597,33.511,,137,,336.5
15598,33.5133,,137,,336.2
15599,33.5156,,136.667,,335.867
15600,33.518,,136.333,,335.533
15601,33.5203,,136,,335.2
15602,33.5221,,136,,334.667
15603,33.5239,,136,,334.133
15604,33.5257,,136,,333.6
15605,33.5278,,136,,333.133
15606,33.5298,,136,,332.667
15607,33.5319,,136,,332.2
15608,33.5338,,136.125,,332.075
15609,33.5357,,136.25,,331.95
15610,33.5376,,136.375,,331.825
15611,33.5396,,136.5,,331.7
15612,33.5415,,136.625,,331.575
15613,33.5434,,136.75,,331.45
15614,33.5453,,136.875,,331.325
15615,33.5473,,137,,331.2
15616,33.5496,,137.111,,331.178
15617,33.552,,137.222,,331.156
15618,33.5543,,137.333,,331.133
15619,33.5566,,137.444,,331.111
15620,33.559,,137.556,,331.089
15621,33.5613,,137.667,,331.067
15622,33.5637,,137.778,,331.044
15623,33.566,,137.889,,331.022
15624,33.5684,,138,,331
15625,33.5707,,137.889,,330.978
15626,33.5729,,137.778,,330.956
15627,33.5752,,137.667,,330.933
15628,33.5775,,137.556,,330.911
15629,33.5798,,137.444,,330.889
15630,33.5821,,137.333,,330.867
15631,33.5843,,137.222,,330.844
15632,33.5866,,137.111,,330.822
15633,33.5889,,137,,330.8
15634,33.591,,137,,330.82
15635,33.5931,,137,,330.84
15636,33.5952,,137,,330.86
15637,33.5974,,137,,330.88
15638,33.5995,,137,,330.9
15639,33.6016,,137,,330.92
15640,33.6037,,137,,330.94
15641,33.6058,,137,,330.96
15642,33.6079,,137,,330.98
15643,33.6101,,137,,331
15644,33.6121,,137.2,,331.02
15645,33.6141,,137.4,,331.04
15646,33.6162,,137.6,,331.06
15647,33.6182,,137.8,,331.08
15648,33.6203,,138,,331.1
15649,33.6223,,138.2,,331.12
15650,33.6244,,138.4,,331.14
15651,33.6264,,138.6,,331.16
15652,33.6285,,138.8,,331.18
15653,33.6305,,139,,331.2
15654,33.6325,,139.1,,331.22
15655,33.6346,,139.2,,331.24
15656,33.6366,,139.3,,331.26
15657,33.6387,,139.4,,331.28
15658,33.6407,,139.5,,331.3
15659,33.6427,,139.6,,331.32
15660,33.6448,,139.7,,331.34
15661,33.6468,,139.8,,331.36
15662,33.6489,,139.9,,331.38
15663,33.6509,,140,,331.4
15664,33.6531,,140.1,,331.4
15665,33.6553,,140.2,,331.4
15666,33.6574,,140.3,,331.4
15667,33.6596,,140.4,,331.4
15668,33.6618,,140.5,,331.4
15669,33.664,,140.6,,331.4
15670,33.6661,,140.7,,331.4
15671,33.6683,,140.8,,331.4
15672,33.6705,,140.9,,331.4
15673,33.6727,,141,,331.4
15674,33.6746,,141.091,,331.364
15675,33.6766,,141.182,,331.327
15676,33.6785,,141.273,,331.291
15677,33.6804,,141.364,,331.255
15678,33.6824,,141.455,,331.218
15679,33.6843,,141.545,,331.182
15680,33.6863,,141.636,,331.145
15681,33.6882,,141.727,,331.109
15682,33.6902,,141.818,,331.073
15683,33.6921,,141.909,,331.036
15684,33.694,,142,,331
15685,33.696,,141.9,,330.96
15686,33.6981,,141.8,,330.92
15687,33.7001,,141.7,,330.88
15688,33.7021,,141.6,,330.84
15689,33.7041,,141.5,,330.8
15690,33.7061,,141.4,,330.76
15691,33.7081,,141.3,,330.72
15692,33.7101,,141.2,,330.68
15693,33.7121,,141.1,,330.64
15694,33.7141,,141,,330.6
15695,33.7164,,141,,330.578
15696,33.7186,,141,,330.556
15697,33.7208,,141,,330.533
15698,33.723,,141,,330.511
15699,33.7253,,141,,330.489
15700,33.7275,,141,,330.467
15701,33.7297,,141,,330.444
15702,33.7319,,141,,330.422
15703,33.7342,,141,,330.4
15704,33.7364,,141,,330.4
15705,33.7386,,141,,330.4
15706,33.7409,,141,,330.4
15707,33.7431,,141,,330.4
15708,33.7453,,141,,330.4
15709,33.7475,,141,,330.4
15710,33.7498,,141,,330.4
15711,33.752,,141,,330.4
15712,33.7542,,141,,330.4
15713,33.7564,,141.1,,330.38
15714,33.7586,,141.2,,330.36
15715,33.7608,,141.3,,330.34
15716,33.763,,141.4,,330.32
15717,33.7652,,141.5,,330.3
15718,33.7674,,141.6,,330.28
15719,33.7696,,141.7,,330.26
15720,33.7718,,141.8,,330.24
15721,33.774,,141.9,,330.22
15722,33.7762,,142,,330.2
15723,33.7782,,142,,330.2
15724,33.7803,,142,,330.2
15725,33.7823,,142,,330.2
15726,33.7843,,142,,330.2
15727,33.7864,,142,,330.2
15728,33.7884,,142,,330.2
15729,33.7904,,142,,330.2
15730,33.7925,,142,,330.2
15731,33.7945,,142,,330.2
15732,33.7965,,142,,330.2
15733,33.7987,,142.333,,330.2
15734,33.8008,,142.667,,330.2
15735,33.803,,143,,330.2
15736,33.8051,,142.9,,330.18
15737,33.8073,,142.8,,330.16
15738,33.8095,,142.7,,330.14
15739,33.8116,,142.6,,330.12
15740,33.8138,,142.5,,330.1
15741,33.8159,,142.4,,330.08
15742,33.8181,,142.3,,330.06
15743,33.8203,,142.2,,330.04
15744,33.8224,,142.1,,330.02
15745,33.8246,,142,,330
15746,33.8268,,142,,329.98
15747,33.829,,142,,329.96
15748,33.8312,,142,,329.94
15749,33.8334,,142,,329.92
15750,33.8356,,142,,329.9
15751,33.8379,,142,,329.88
15752,33.8401,,142,,329.86
15753,33.8423,,142,,329.84
15754,33.8445,,142,,329.82
15755,33.8467,,142,,329.8
15756,33.8488,,141.9,,329.8
15757,33.851,,141.8,,329.8
15758,33.8531,,141.7,,329.8
15759,33.8553,,141.6,,329.8
15760,33.8574,,141.5,,329.8
15761,33.8595,,141.4,,329.8
15762,33.8617,,141.3,,329.8
15763,33.8638,,141.2,,329.8
15764,33.866,,141.1,,329.8
15765,33.8681,,141,,329.8
15766,33.8701,,141.091,,329.8
15767,33.8721,,141.182,,329.8
15768,33.8741,,141.273,,329.8
15769,33.8761,,141.364,,329.8
15770,33.8781,,141.455,,329.8
15771,33.8802,,141.545,,329.8
15772,33.8822,,141.636,,329.8
15773,33.8842,,141.727,,329.8
15774,33.8862,,141.818,,329.8
15775,33.8882,,141.909,,329.8
15776,33.8902,,142,,329.8
15777,33.8923,,142,,329.8
15778,33.8944,,142,,329.8
15779,33.8965,,142,,329.8
15780,33.8986,,142,,329.8
15781,33.9007,,142,,329.8
15782,33.9028,,142,,329.8
15783,33.9049,,142,,329.8
15784,33.907,,142,,329.8
15785,33.9091,,142,,329.8
15786,33.9112,,142,,329.8
15787,33.9133,,142.1,,329.78
15788,33.9154,,142.2,,329.76
15789,33.9175,,142.3,,329.74
15790,33.9196,,142.4,,329.72
15791,33.9217,,142.5,,329.7
15792,33.9239,,142.6,,329.68
15793,33.926,,142.7,,329.66
15794,33.9281,,142.8,,329.64
15795,33.9302,,142.9,,329.62
15796,33.9323,,143,,329.6
15797,33.9343,,143,,329.6
15798,33.9363,,143,,329.6
15799,33.9383,,143,,329.6
15800,33.9404,,143,,329.6
15801,33.9424,,143,,329.6
15802,33.9444,,143,,329.6
15803,33.9464,,143,,329.6
15804,33.9484,,143,,329.6
15805,33.9504,,143,,329.6
15806,33.9525,,143,,329.6
15807,33.9546,,143,,329.6
15808,33.9567,,143,,329.6
15809,33.9589,,143,,329.6
15810,33.961,,143,,329.6
15811,33.9632,,143,,329.6
15812,33.9653,,143,,329.6
15813,33.9674,,143,,329.6
15814,33.9696,,143,,329.6
15815,33.9717,,143,,329.6
15816,33.9739,,143,,329.6
15817,33.9761,,143.111,,329.578
15818,33.9784,,143.222,,329.556
15819,33.9807,,143.333,,329.533
15820,33.983,,143.444,,329.511
15821,33.9852,,143.556,,329.489
15822,33.9875,,143.667,,329.467
15823,33.9898,,143.778,,329.444
15824,33.9921,,143.889,,329.422
15825,33.9943,,144,,329.4
15826,33.9968,,144,,329.4
15827,33.9993,,144,,329.4
15828,34.0015,,144,,329.4
15829,34.0037,,144,,329.4
15830,34.0059,,144,,329.4
15831,34.0082,,144,,329.4
15832,34.0104,,144,,329.4
15833,34.0126,,144,,329.4
15834,34.0148,,144,,329.4
15835,34.017,,144,,329.4
15836,34.0193,,144,,329.4
15837,34.0215,,144,,329.4
15838,34.0233,,144,,329.417
15839,34.025,,144,,329.433
15840,34.0268,,144,,329.45
15841,34.0285,,144,,329.467
15842,34.0303,,144,,329.483
15843,34.0321,,144,,329.5
15844,34.0338,,144,,329.517
15845,34.0356,,144,,329.533
15846,34.0373,,144,,329.55
15847,34.0391,,144,,329.567
15848,34.0409,,144,,329.583
15849,34.0426,,144,,329.6
15850,34.0444,,144.167,,329.65
15851,34.0461,,144.333,,329.7
15852,34.0479,,144.5,,329.75
15853,34.0496,,144.667,,329.8
15854,34.0514,,144.833,,329.85
15855,34.0531,,145,,329.9
15856,34.0549,,145.167,,329.95
15857,34.0566,,145.333,,330
15858,34.0584,,145.5,,330.05
15859,34.0601,,145.667,,330.1
15860,34.0619,,145.833,,330.15
15861,34.0636,,146,,330.2
15862,34.0655,,145.909,,330.218
15863,34.0675,,145.818,,330.236
15864,34.0694,,145.727,,330.255
15865,34.0713,,145.636,,330.273
15866,34.0732,,145.545,,330.291
15867,34.0751,,145.455,,330.309
15868,34.077,,145.364,,330.327
15869,34.079,,145.273,,330.345
15870,34.0809,,145.182,,330.364
15871,34.0828,,145.091,,330.382
15872,34.0847,,145,,330.4
15873,34.0868,,145,,330.42
15874,34.0888,,145,,330.44
15875,34.0909,,145,,330.46
15876,34.093,,145,,330.48
15877,34.0951,,145,,330.5
15878,34.0971,,145,,330.52
15879,34.0992,,145,,330.54
15880,34.1013,,145,,330.56
15881,34.1033,,145,,330.58
15882,34.1054,,145,,330.6
15883,34.1076,,145.2,,330.64
15884,34.1098,,145.4,,330.68
15885,34.112,,145.6,,330.72
15886,34.1142,,145.8,,330.76
15887,34.1164,,146,,330.8
15888,34.1186,,146.2,,330.84
15889,34.1208,,146.4,,330.88
15890,34.123,,146.6,,330.92
15891,34.1252,,146.8,,330.96
15892,34.1274,,147,,331
15893,34.1299,,147,,330.978
15894,34.1323,,147,,330.956
15895,34.1347,,147,,330.933
15896,34.1371,,147,,330.911
15897,34.1395,,147,,330.889
15898,34.1419,,147,,330.867
15899,34.1443,,147,,330.844
15900,34.1467,,147,,330.822
15901,34.1491,,147,,330.8
15902,34.1514,,146.889,,330.733
15903,34.1536,,146.778,,330.667
15904,34.1559,,146.667,,330.6
15905,34.1581,,146.556,,330.533
15906,34.1604,,146.444,,330.467
15907,34.1626,,146.333,,330.4
15908,34.1649,,146.222,,330.333
15909,34.1671,,146.111,,330.267
15910,34.1694,,146,,330.2
15911,34.1717,,145.889,,330.156
15912,34.1741,,145.778,,330.111
15913,34.1764,,145.667,,330.067
15914,34.1788,,145.556,,330.022
15915,34.1812,,145.444,,329.978
15916,34.1835,,145.333,,329.933
15917,34.1859,,145.222,,329.889
15918,34.1882,,145.111,,329.844
15919,34.1906,,145,,329.8
15920,34.1926,,144.8,,329.78
15921,34.1947,,144.6,,329.76
15922,34.1968,,144.4,,329.74
15923,34.1989,,144.2,,329.72
15924,34.2009,,144,,329.7
15925,34.203,,143.8,,329.68
15926,34.2051,,143.6,,329.66
15927,34.2072,,143.4,,329.64
15928,34.2093,,143.2,,329.62
15929,34.2113,,143,,329.6
15930,34.2134,,143,,329.58
15931,34.2154,,143,,329.56
15932,34.2174,,143,,329.54
15933,34.2194,,143,,329.52
15934,34.2215,,143,,329.5
15935,34.2235,,143,,329.48
15936,34.2255,,143,,329.46
15937,34.2275,,143,,329.44
15938,34.2296,,143,,329.42
15939,34.2316,,143,,329.4
15940,34.2334,,143,,329.4
15941,34.2353,,143,,329.4
15942,34.2371,,143,,329.4
15943,34.239,,143,,329.4
15944,34.2409,,143,,329.4
15945,34.2427,,143,,329.4
15946,34.2446,,143,,329.4
15947,34.2464,,143,,329.4
15948,34.2483,,143,,329.4
15949,34.2501,,143,,329.4
15950,34.252,,143,,329.4
15951,34.254,,142.8,,329.4
15952,34.256,,142.6,,329.4
15953,34.258,,142.4,,329.4
15954,34.26,,142.2,,329.4
15955,34.262,,142,,329.4
15956,34.264,,141.8,,329.4
15957,34.266,,141.6,,329.4
15958,34.268,,141.4,,329.4
15959,34.27,,141.2,,329.4
15960,34.272,,141,,329.4
15961,34.2741,,141,,329.4
15962,34.2762,,141,,329.4
15963,34.2783,,141,,329.4
15964,34.2803,,141,,329.4
15965,34.2824,,141,,329.4
15966,34.2845,,141,,329.4
15967,34.2866,,141,,329.4
15968,34.2886,,141,,329.4
15969,34.2907,,141,,329.4
15970,34.2928,,141,,329.4
15971,34.2948,,141.3,,329.4
15972,34.2969,,141.6,,329.4
15973,34.2989,,141.9,,329.4
15974,34.301,,142.2,,329.4
15975,34.303,,142.5,,329.4
15976,34.305,,142.8,,329.4
15977,34.3071,,143.1,,329.4
15978,34.3091,,143.4,,329.4
15979,34.3112,,143.7,,329.4
15980,34.3132,,144,,329.4
15981,34.3153,,144.1,,329.4
15982,34.3173,,144.2,,329.4
15983,34.3194,,144.3,,329.4
15984,34.3215,,144.4,,329.4
15985,34.3235,,144.5,,329.4
15986,34.3256,,144.6,,329.4
15987,34.3277,,144.7,,329.4
15988,34.3297,,144.8,,329.4
15989,34.3318,,144.9,,329.4
15990,34.3339,,145,,329.4
15991,34.3362,,144.889,,329.422
15992,34.3385,,144.778,,329.444
15993,34.3409,,144.667,,329.467
15994,34.3432,,144.556,,329.489
15995,34.3455,,144.444,,329.511
15996,34.3478,,144.333,,329.533
15997,34.3502,,144.222,,329.556
15998,34.3525,,144.111,,329.578
15999,34.3548,,144,,329.6
16000,34.3569,,144,,329.64
16001,34.359,,144,,329.68
16002,34.3611,,144,,329.72
16003,34.3633,,144,,329.76
16004,34.3654,,144,,329.8
16005,34.3675,,144,,329.84
16006,34.3696,,144,,329.88
16007,34.3717,,144,,329.92
16008,34.3738,,144,,329.96
16009,34.3759,,144,,330
16010,34.3779,,144.091,,329.982
16011,34.3799,,144.182,,329.964
16012,34.3819,,144.273,,329.945
16013,34.3839,,144.364,,329.927
16014,34.3859,,144.455,,329.909
16015,34.3879,,144.545,,329.891
16016,34.3899,,144.636,,329.873
16017,34.3919,,144.727,,329.855
16018,34.3939,,144.818,,329.836
16019,34.3959,,144.909,,329.818
16020,34.3978,,145,,329.8
16021,34.4,,145.1,,329.84
16022,34.4022,,145.2,,329.88
16023,34.4043,,145.3,,329.92
16024,34.4065,,145.4,,329.96
16025,34.4087,,145.5,,330
16026,34.4108,,145.6,,330.04
16027,34.413,,145.7,,330.08
16028,34.4151,,145.8,,330.12
16029,34.4173,,145.9,,330.16
16030,34.4194,,146,,330.2
16031,34.4216,,145.9,,330.24
16032,34.4238,,145.8,,330.28
16033,34.426,,145.7,,330.32
16034,34.4282,,145.6,,330.36
16035,34.4303,,145.5,,330.4
16036,34.4325,,145.4,,330.44
16037,34.4347,,145.3,,330.48
16038,34.4369,,145.2,,330.52
16039,34.4391,,145.1,,330.56
16040,34.4412,,145,,330.6
16041,34.4434,,144.8,,330.64
16042,34.4456,,144.6,,330.68
16043,34.4477,,144.4,,330.72
16044,34.4499,,144.2,,330.76
16045,34.4521,,144,,330.8
16046,34.4542,,143.8,,330.84
16047,34.4564,,143.6,,330.88
16048,34.4586,,143.4,,330.92
16049,34.4608,,143.2,,330.96
16050,34.4629,,143,,331
16051,34.465,,143.1,,331
16052,34.467,,143.2,,331
16053,34.469,,143.3,,331
16054,34.4711,,143.4,,331
16055,34.4731,,143.5,,331
16056,34.4752,,143.6,,331
16057,34.4772,,143.7,,331
16058,34.4793,,143.8,,331
16059,34.4813,,143.9,,331
16060,34.4834,,144,,331
16061,34.4855,,143.9,,330.96
16062,34.4877,,143.8,,330.92
16063,34.4899,,143.7,,330.88
16064,34.4921,,143.6,,330.84
16065,34.4942,,143.5,,330.8
16066,34.4964,,143.4,,330.76
16067,34.4986,,143.3,,330.72
16068,34.5008,,143.2,,330.68
16069,34.503,,143.1,,330.64
16070,34.5051,,143,,330.6
16071,34.5072,,143,,330.6
16072,34.5092,,143,,330.6
16073,34.5112,,143,,330.6
16074,34.5132,,143,,330.6
16075,34.5152,,143,,330.6
16076,34.5173,,143,,330.6
16077,34.5193,,143,,330.6
16078,34.5213,,143,,330.6
16079,34.5233,,143,,330.6
16080,34.5253,,143,,330.6
16081,34.5274,,143,,330.54
16082,34.5295,,143,,330.48
16083,34.5316,,143,,330.42
16084,34.5336,,143,,330.36
16085,34.5357,,143,,330.3
16086,34.5378,,143,,330.24
16087,34.5399,,143,,330.18
16088,34.542,,143,,330.12
16089,34.544,,143,,330.06
16090,34.5461,,143,,330
16091,34.5482,,143,,329.98
16092,34.5503,,143,,329.96
16093,34.5524,,143,,329.94
16094,34.5545,,143,,329.92
16095,34.5566,,143,,329.9
16096,34.5587,,143,,329.88
16097,34.5608,,143,,329.86
16098,34.5629,,143,,329.84
16099,34.565,,143,,329.82
16100,34.5671,,143,,329.8
16101,34.569,,143.091,,329.818
16102,34.5709,,143.182,,329.836
16103,34.5729,,143.273,,329.855
16104,34.5748,,143.364,,329.873
16105,34.5767,,143.455,,329.891
16106,34.5786,,143.545,,329.909
16107,34.5806,,143.636,,329.927
16108,34.5825,,143.727,,329.945
16109,34.5844,,143.818,,329.964
16110,34.5864,,143.909,,329.982
16111,34.5883,,144,,330
16112,34.5905,,144.1,,330
16113,34.5927,,144.2,,330
16114,34.5948,,144.3,,330
16115,34.597,,144.4,,330
16116,34.5992,,144.5,,330
16117,34.6014,,144.6,,330
16118,34.6036,,144.7,,330
16119,34.6058,,144.8,,330
16120,34.6079,,144.9,,330
16121,34.6101,,145,,330
16122,34.6122,,145,,330
16123,34.6142,,145,,330
16124,34.6162,,145,,330
16125,34.6182,,145,,330
16126,34.6203,,145,,330
16127,34.6223,,145,,330
16128,34.6243,,145,,330
16129,34.6263,,145,,330
16130,34.6284,,145,,330
16131,34.6304,,145,,330
16132,34.6325,,145,,330.04
16133,34.6345,,145,,330.08
16134,34.6366,,145,,330.12
16135,34.6387,,145,,330.16
16136,34.6407,,145,,330.2
16137,34.6428,,145,,330.24
16138,34.6449,,145,,330.28
16139,34.6469,,145,,330.32
16140,34.649,,145,,330.36
16141,34.651,,145,,330.4
16142,34.6531,,145,,330.4
16143,34.6552,,145,,330.4
16144,34.6573,,145,,330.4
16145,34.6594,,145,,330.4
16146,34.6615,,145,,330.4
16147,34.6636,,145,,330.4
16148,34.6656,,145,,330.4
16149,34.6677,,145,,330.4
16150,34.6698,,145,,330.4
16151,34.6719,,145,,330.4
16152,34.674,,144.9,,330.4
16153,34.676,,144.8,,330.4
16154,34.6781,,144.7,,330.4
16155,34.6801,,144.6,,330.4
16156,34.6822,,144.5,,330.4
16157,34.6842,,144.4,,330.4
16158,34.6863,,144.3,,330.4
16159,34.6883,,144.2,,330.4
16160,34.6904,,144.1,,330.4
16161,34.6925,,144,,330.4
16162,34.6946,,143.9,,330.44
16163,34.6967,,143.8,,330.48
16164,34.6988,,143.7,,330.52
16165,34.7009,,143.6,,330.56
16166,34.703,,143.5,,330.6
16167,34.7051,,143.4,,330.64
16168,34.7072,,143.3,,330.68
16169,34.7093,,143.2,,330.72
16170,34.7114,,143.1,,330.76
16171,34.7135,,143,,330.8
16172,34.7155,,142.8,,330.78
16173,34.7176,,142.6,,330.76
16174,34.7197,,142.4,,330.74
16175,34.7217,,142.2,,330.72
16176,34.7238,,142,,330.7
16177,34.7259,,141.8,,330.68
16178,34.728,,141.6,,330.66
16179,34.73,,141.4,,330.64
16180,34.7321,,141.2,,330.62
16181,34.7342,,141,,330.6
16182,34.7363,,141.1,,330.6
16183,34.7384,,141.2,,330.6
16184,34.7405,,141.3,,330.6
16185,34.7426,,141.4,,330.6
16186,34.7447,,141.5,,330.6
16187,34.7467,,141.6,,330.6
16188,34.7488,,141.7,,330.6
16189,34.7509,,141.8,,330.6
16190,34.753,,141.9,,330.6
16191,34.7551,,142,,330.6
16192,34.7572,,142.1,,330.62
16193,34.7593,,142.2,,330.64
16194,34.7614,,142.3,,330.66
16195,34.7635,,142.4,,330.68
16196,34.7656,,142.5,,330.7
16197,34.7677,,142.6,,330.72
16198,34.7698,,142.7,,330.74
16199,34.7719,,142.8,,330.76
16200,34.774,,142.9,,330.78
16201,34.7761,,143,,330.8
16202,34.7783,,143.1,,330.8
16203,34.7805,,143.2,,330.8
16204,34.7827,,143.3,,330.8
16205,34.7849,,143.4,,330.8
16206,34.787,,143.5,,330.8
16207,34.7892,,143.6,,330.8
16208,34.7914,,143.7,,330.8
16209,34.7936,,143.8,,330.8
16210,34.7958,,143.9,,330.8
16211,34.798,,144,,330.8
16212,34.7999,,144.091,,330.836
16213,34.8018,,144.182,,330.873
16214,34.8038,,144.273,,330.909
16215,34.8057,,144.364,,330.945
16216,34.8076,,144.455,,330.982
16217,34.8096,,144.545,,331.018
16218,34.8115,,144.636,,331.055
16219,34.8134,,144.727,,331.091
16220,34.8154,,144.818,,331.127
16221,34.8173,,144.909,,331.164
16222,34.8193,,145,,331.2
16223,34.8217,,144.5,,331.2
16224,34.8241,,144,,331.2
16225,34.8262,,144.1,,331.22
16226,34.8283,,144.2,,331.24
16227,34.8304,,144.3,,331.26
16228,34.8325,,144.4,,331.28
16229,34.8346,,144.5,,331.3
16230,34.8367,,144.6,,331.32
16231,34.8388,,144.7,,331.34
16232,34.8408,,144.8,,331.36
16233,34.8429,,144.9,,331.38
16234,34.845,,145,,331.4
16235,34.8472,,144.9,,331.34
16236,34.8494,,144.8,,331.28
16237,34.8516,,144.7,,331.22
16238,34.8538,,144.6,,331.16
16239,34.856,,144.5,,331.1
16240,34.8582,,144.4,,331.04
16241,34.8604,,144.3,,330.98
16242,34.8626,,144.2,,330.92
16243,34.8648,,144.1,,330.86
16244,34.867,,144,,330.8
16245,34.8691,,144,,330.82
16246,34.8712,,144,,330.84
16247,34.8733,,144,,330.86
16248,34.8754,,144,,330.88
16249,34.8775,,144,,330.9
16250,34.8797,,144,,330.92
16251,34.8818,,144,,330.94
16252,34.8839,,144,,330.96
16253,34.886,,144,,330.98
16254,34.8881,,144,,331
16255,34.8902,,143.8,,331.04
16256,34.8923,,143.6,,331.08
16257,34.8943,,143.4,,331.12
16258,34.8964,,143.2,,331.16
16259,34.8985,,143,,331.2
16260,34.9006,,142.8,,331.24
16261,34.9027,,142.6,,331.28
16262,34.9048,,142.4,,331.32
16263,34.9069,,142.2,,331.36
16264,34.9089,,142,,331.4
16265,34.9109,,141.909,,331.418
16266,34.9129,,141.818,,331.436
16267,34.9148,,141.727,,331.455
16268,34.9168,,141.636,,331.473
16269,34.9188,,141.545,,331.491
16270,34.9207,,141.455,,331.509
16271,34.9227,,141.364,,331.527
16272,34.9246,,141.273,,331.545
16273,34.9266,,141.182,,331.564
16274,34.9286,,141.091,,331.582
16275,34.9305,,141,,331.6
16276,34.9324,,141.333,,331.644
16277,34.9342,,141.667,,331.689
16278,34.9361,,142,,331.733
16279,34.9379,,142.333,,331.778
16280,34.9398,,142.667,,331.822
16281,34.9416,,143,,331.867
16282,34.9435,,143.333,,331.911
16283,34.9453,,143.667,,331.956
16284,34.9472,,144,,332
16285,34.9493,,144.333,,332.067
16286,34.9513,,144.667,,332.133
16287,34.9534,,145,,332.2
16288,34.9558,,145.111,,332.222
16289,34.9581,,145.222,,332.244
16290,34.9604,,145.333,,332.267
16291,34.9628,,145.444,,332.289
16292,34.9651,,145.556,,332.311
16293,34.9674,,145.667,,332.333
16294,34.9698,,145.778,,332.356
16295,34.9721,,145.889,,332.378
16296,34.9744,,146,,332.4
16297,34.9766,,146.1,,332.42
16298,34.9787,,146.2,,332.44
16299,34.9808,,146.3,,332.46
16300,34.983,,146.4,,332.48
16301,34.9851,,146.5,,332.5
16302,34.9873,,146.6,,332.52
16303,34.9894,,146.7,,332.54
16304,34.9915,,146.8,,332.56
16305,34.9937,,146.9,,332.58
16306,34.9958,,147,,332.6
16307,34.9978,,147,,332.6
16308,34.9997,,146.889,,332.689
16309,35.0017,,146.778,,332.778
16310,35.0036,,146.667,,332.867
16311,35.0055,,146.556,,332.956
16312,35.0075,,146.444,,333.044
16313,35.0094,,146.333,,333.133
16314,35.0113,,146.222,,333.222
16315,35.0133,,146.111,,333.311
16316,35.0152,,146,,333.4
16317,35.0173,,145.9,,333.44
16318,35.0194,,145.8,,333.48
16319,35.0215,,145.7,,333.52
16320,35.0236,,145.6,,333.56
16321,35.0257,,145.5,,333.6
16322,35.0278,,145.4,,333.64
16323,35.0299,,145.3,,333.68
16324,35.032,,145.2,,333.72
16325,35.034,,145.1,,333.76
16326,35.0361,,145,,333.8
16327,35.0383,,145,,333.78
16328,35.0404,,145,,333.76
16329,35.0425,,145,,333.74
16330,35.0446,,145,,333.72
16331,35.0467,,145,,333.7
16332,35.0489,,145,,333.68
16333,35.051,,145,,333.66
16334,35.0531,,145,,333.64
16335,35.0552,,145,,333.62
16336,35.0573,,145,,333.6
16337,35.0597,,145.111,,333.556
16338,35.062,,145.222,,333.511
16339,35.0643,,145.333,,333.467
16340,35.0667,,145.444,,333.422
16341,35.069,,145.556,,333.378
16342,35.0714,,145.667,,333.333
16343,35.0737,,145.778,,333.289
16344,35.076,,145.889,,333.244
16345,35.0784,,146,,333.2
16346,35.0805,,145.9,,333.16
16347,35.0827,,145.8,,333.12
16348,35.0848,,145.7,,333.08
16349,35.087,,145.6,,333.04
16350,35.0891,,145.5,,333
16351,35.0913,,145.4,,332.96
16352,35.0934,,145.3,,332.92
16353,35.0956,,145.2,,332.88
16354,35.0977,,145.1,,332.84
16355,35.0999,,145,,332.8
16356,35.1019,,144.9,,332.78
16357,35.104,,144.8,,332.76
16358,35.1061,,144.7,,332.74
16359,35.1081,,144.6,,332.72
16360,35.1102,,144.5,,332.7
16361,35.1123,,144.4,,332.68
16362,35.1143,,144.3,,332.66
16363,35.1164,,144.2,,332.64
16364,35.1185,,144.1,,332.62
16365,35.1206,,144,,332.6
16366,35.1226,,143.9,,332.58
16367,35.1246,,143.8,,332.56
16368,35.1266,,143.7,,332.54
16369,35.1286,,143.6,,332.52
16370,35.1306,,143.5,,332.5
16371,35.1326,,143.4,,332.48
16372,35.1346,,143.3,,332.46
16373,35.1366,,143.2,,332.44
16374,35.1386,,143.1,,332.42
16375,35.1406,,143,,332.4
16376,35.1425,,142.909,,332.4
16377,35.1444,,142.818,,332.4
16378,35.1463,,142.727,,332.4
16379,35.1482,,142.636,,332.4
16380,35.1501,,142.545,,332.4
16381,35.152,,142.455,,332.4
16382,35.1539,,142.364,,332.4
16383,35.1559,,142.273,,332.4
16384,35.1578,,142.182,,332.4
16385,35.1597,,142.091,,332.4
16386,35.1616,,142,,332.4
16387,35.1636,,141.9,,332.4
16388,35.1657,,141.8,,332.4
16389,35.1678,,141.7,,332.4
16390,35.1699,,141.6,,332.4
16391,35.1719,,141.5,,332.4
16392,35.174,,141.4,,332.4
16393,35.1761,,141.3,,332.4
16394,35.1781,,141.2,,332.4
16395,35.1802,,141.1,,332.4
16396,35.1823,,141,,332.4
16397,35.1844,,141.1,,332.42
16398,35.1864,,141.2,,332.44
16399,35.1885,,141.3,,332.46
16400,35.1906,,141.4,,332.48
16401,35.1926,,141.5,,332.5
16402,35.1947,,141.6,,332.52
16403,35.1968,,141.7,,332.54
16404,35.1989,,141.8,,332.56
16405,35.2009,,141.9,,332.58
16406,35.203,,142,,332.6
16407,35.2051,,142.333,,332.6
16408,35.2071,,142.667,,332.6
16409,35.2092,,143,,332.6
16410,35.2113,,143.333,,332.6
16411,35.2134,,143.667,,332.6
16412,35.2155,,144,,332.6
16413,35.2175,,144.333,,332.6
16414,35.2196,,144.667,,332.6
16415,35.2217,,145,,332.6
16416,35.2238,,145,,332.66
16417,35.226,,145,,332.72
16418,35.2281,,145,,332.78
16419,35.2302,,145,,332.84
16420,35.2324,,145,,332.9
16421,35.2345,,145,,332.96
16422,35.2366,,145,,333.02
16423,35.2388,,145,,333.08
16424,35.2409,,145,,333.14
16425,35.243,,145,,333.2
16426,35.2453,,144.889,,333.222
16427,35.2476,,144.778,,333.244
16428,35.2499,,144.667,,333.267
16429,35.2523,,144.556,,333.289
16430,35.2546,,144.444,,333.311
16431,35.2569,,144.333,,333.333
16432,35.2592,,144.222,,333.356
16433,35.2615,,144.111,,333.378
16434,35.2638,,144,,333.4
16435,35.2658,,144.1,,333.4
16436,35.2679,,144.2,,333.4
16437,35.2699,,144.3,,333.4
16438,35.2719,,144.4,,333.4
16439,35.274,,144.5,,333.4
16440,35.276,,144.6,,333.4
16441,35.2781,,144.7,,333.4
16442,35.2801,,144.8,,333.4
16443,35.2821,,144.9,,333.4
16444,35.2842,,145,,333.4
16445,35.2862,,144.9,,333.46
16446,35.2882,,144.8,,333.52
16447,35.2902,,144.7,,333.58
16448,35.2923,,144.6,,333.64
16449,35.2943,,144.5,,333.7
16450,35.2963,,144.4,,333.76
16451,35.2984,,144.3,,333.82
16452,35.3004,,144.2,,333.88
16453,35.3024,,144.1,,333.94
16454,35.3044,,144,,334
16455,35.3062,,143.667,,334.133
16456,35.308,,143.333,,334.267
16457,35.3097,,143,,334.4
16458,35.3115,,143,,334.4
16459,35.3135,,143.1,,334.46
16460,35.3156,,143.2,,334.52
16461,35.3177,,143.3,,334.58
16462,35.3197,,143.4,,334.64
16463,35.3218,,143.5,,334.7
16464,35.3239,,143.6,,334.76
16465,35.3259,,143.7,,334.82
16466,35.328,,143.8,,334.88
16467,35.33,,143.9,,334.94
16468,35.3321,,144,,335
16469,35.3341,,144,,334.982
16470,35.3361,,144,,334.964
16471,35.3381,,144,,334.945
16472,35.3401,,144,,334.927
16473,35.3421,,144,,334.909
16474,35.3441,,144,,334.891
16475,35.3461,,144,,334.873
16476,35.3481,,144,,334.855
16477,35.3501,,144,,334.836
16478,35.3521,,144,,334.818
16479,35.3541,,144,,334.8
16480,35.3559,,143.25,,334.8
16481,35.3577,,142.5,,334.8
16482,35.3596,,141.75,,334.8
16483,35.3614,,141,,334.8
16484,35.3634,,141,,334.74
16485,35.3655,,141,,334.68
16486,35.3675,,141,,334.62
16487,35.3696,,141,,334.56
16488,35.3716,,141,,334.5
16489,35.3736,,141,,334.44
16490,35.3757,,141,,334.38
16491,35.3777,,141,,334.32
16492,35.3798,,141,,334.26
16493,35.3818,,141,,334.2
16494,35.3839,,140.9,,334.12
16495,35.3861,,140.8,,334.04
16496,35.3882,,140.7,,333.96
16497,35.3904,,140.6,,333.88
16498,35.3925,,140.5,,333.8
16499,35.3947,,140.4,,333.72
16500,35.3968,,140.3,,333.64
16501,35.399,,140.2,,333.56
16502,35.4011,,140.1,,333.48
16503,35.4033,,140,,333.4
16504,35.4054,,140.2,,333.38
16505,35.4075,,140.4,,333.36
16506,35.4096,,140.6,,333.34
16507,35.4118,,140.8,,333.32
16508,35.4139,,141,,333.3
16509,35.416,,141.2,,333.28
16510,35.4182,,141.4,,333.26
16511,35.4203,,141.6,,333.24
16512,35.4224,,141.8,,333.22
16513,35.4246,,142,,333.2
16514,35.4266,,142,,333.18
16515,35.4286,,142,,333.16
16516,35.4307,,142,,333.14
16517,35.4327,,142,,333.12
16518,35.4348,,142,,333.1
16519,35.4368,,142,,333.08
16520,35.4388,,142,,333.06
16521,35.4409,,142,,333.04
16522,35.4429,,142,,333.02
16523,35.445,,142,,333
16524,35.447,,142,,333.02
16525,35.449,,142,,333.04
16526,35.451,,142,,333.06
16527,35.4531,,142,,333.08
16528,35.4551,,142,,333.1
16529,35.4571,,142,,333.12
16530,35.4592,,142,,333.14
16531,35.4612,,142,,333.16
16532,35.4632,,142,,333.18
16533,35.4652,,142,,333.2
16534,35.4673,,142,,333.24
16535,35.4693,,142,,333.28
16536,35.4713,,142,,333.32
16537,35.4733,,142,,333.36
16538,35.4753,,142,,333.4
16539,35.4773,,142,,333.44
16540,35.4794,,142,,333.48
16541,35.4814,,142,,333.52
16542,35.4834,,142,,333.56
16543,35.4854,,142,,333.6
16544,35.4874,,142.091,,333.6
16545,35.4893,,142.182,,333.6
16546,35.4912,,142.273,,333.6
16547,35.4932,,142.364,,333.6
16548,35.4951,,142.455,,333.6
16549,35.4971,,142.545,,333.6
16550,35.499,,142.636,,333.6
16551,35.501,,142.727,,333.6
16552,35.5029,,142.818,,333.6
16553,35.5048,,142.909,,333.6
16554,35.5068,,143,,333.6
16555,35.5089,,143.1,,333.6
16556,35.5111,,143.2,,333.6
16557,35.5132,,143.3,,333.6
16558,35.5153,,143.4,,333.6
16559,35.5175,,143.5,,333.6
16560,35.5196,,143.6,,333.6
16561,35.5217,,143.7,,333.6
16562,35.5238,,143.8,,333.6
16563,35.526,,143.9,,333.6
16564,35.5281,,144,,333.6
16565,35.5303,,144.1,,333.56
16566,35.5324,,144.2,,333.52
16567,35.5346,,144.3,,333.48
16568,35.5368,,144.4,,333.44
16569,35.539,,144.5,,333.4
16570,35.5411,,144.6,,333.36
16571,35.5433,,144.7,,333.32
16572,35.5455,,144.8,,333.28
16573,35.5476,,144.9,,333.24
16574,35.5498,,145,,333.2
16575,35.5521,,145.111,,333.178
16576,35.5544,,145.222,,333.156
16577,35.5568,,145.333,,333.133
16578,35.5591,,145.444,,333.111
16579,35.5614,,145.556,,333.089
16580,35.5637,,145.667,,333.067
16581,35.566,,145.778,,333.044
16582,35.5683,,145.889,,333.022
16583,35.5706,,146,,333
16584,35.5729,,146,,333.044
16585,35.5751,,146,,333.089
16586,35.5774,,146,,333.133
16587,35.5796,,146,,333.178
16588,35.5818,,146,,333.222
16589,35.5841,,146,,333.267
16590,35.5863,,146,,333.311
16591,35.5885,,146,,333.356
16592,35.5908,,146,,333.4
16593,35.593,,146,,333.42
16594,35.5951,,146,,333.44
16595,35.5973,,146,,333.46
16596,35.5995,,146,,333.48
16597,35.6016,,146,,333.5
16598,35.6038,,146,,333.52
16599,35.606,,146,,333.54
16600,35.6082,,146,,333.56
16601,35.6103,,146,,333.58
16602,35.6125,,146,,333.6
16603,35.6146,,146,,333.62
16604,35.6166,,146,,333.64
16605,35.6187,,146,,333.66
16606,35.6207,,146,,333.68
16607,35.6227,,146,,333.7
16608,35.6248,,146,,333.72
16609,35.6268,,146,,333.74
16610,35.6289,,146,,333.76
16611,35.6309,,146,,333.78
16612,35.633,,146,,333.8
16613,35.635,,145.909,,333.782
16614,35.637,,145.818,,333.764
16615,35.639,,145.727,,333.745
16616,35.6411,,145.636,,333.727
16617,35.6431,,145.545,,333.709
16618,35.6451,,145.455,,333.691
16619,35.6471,,145.364,,333.673
16620,35.6491,,145.273,,333.655
16621,35.6512,,145.182,,333.636
16622,35.6532,,145.091,,333.618
16623,35.6552,,145,,333.6
16624,35.6573,,144.9,,333.56
16625,35.6593,,144.8,,333.52
16626,35.6614,,144.7,,333.48
16627,35.6635,,144.6,,333.44
16628,35.6656,,144.5,,333.4
16629,35.6676,,144.4,,333.36
16630,35.6697,,144.3,,333.32
16631,35.6718,,144.2,,333.28
16632,35.6738,,144.1,,333.24
16633,35.6759,,144,,333.2
16634,35.6779,,144,,333.2
16635,35.6799,,144,,333.2
16636,35.682,,144,,333.2
16637,35.684,,144,,333.2
16638,35.686,,144,,333.2
16639,35.688,,144,,333.2
16640,35.69,,144,,333.2
16641,35.6921,,144,,333.2
16642,35.6941,,144,,333.2
16643,35.6961,,144,,333.2
16644,35.6981,,144.2,,333.2
16645,35.7002,,144.4,,333.2
16646,35.7022,,144.6,,333.2
16647,35.7043,,144.8,,333.2
16648,35.7063,,145,,333.2
16649,35.7084,,145.2,,333.2
16650,35.7104,,145.4,,333.2
16651,35.7125,,145.6,,333.2
16652,35.7145,,145.8,,333.2
16653,35.7166,,146,,333.2
16654,35.7189,,146,,333.2
16655,35.7212,,146,,333.2
16656,35.7234,,146,,333.2
16657,35.7257,,146,,333.2
16658,35.728,,146,,333.2
16659,35.7303,,146,,333.2
16660,35.7326,,146,,333.2
16661,35.7349,,146,,333.2
16662,35.7372,,146,,333.2
16663,35.7393,,146.1,,333.2
16664,35.7414,,146.2,,333.2
16665,35.7435,,146.3,,333.2
16666,35.7456,,146.4,,333.2
16667,35.7477,,146.5,,333.2
16668,35.7498,,146.6,,333.2
16669,35.7519,,146.7,,333.2
16670,35.754,,146.8,,333.2
16671,35.7561,,146.9,,333.2
16672,35.7582,,147,,333.2
16673,35.7603,,147.1,,333.24
16674,35.7623,,147.2,,333.28
16675,35.7644,,147.3,,333.32
16676,35.7665,,147.4,,333.36
16677,35.7685,,147.5,,333.4
16678,35.7706,,147.6,,333.44
16679,35.7727,,147.7,,333.48
16680,35.7748,,147.8,,333.52
16681,35.7768,,147.9,,333.56
16682,35.7789,,148,,333.6
16683,35.781,,148.167,,333.733
16684,35.7831,,148.333,,333.867
16685,35.7852,,148.5,,334
16686,35.7873,,148.667,,334.133
16687,35.7893,,148.833,,334.267
16688,35.7914,,149,,334.4
16689,35.7934,,149,,334.525
16690,35.7954,,149,,334.65
16691,35.7973,,149,,334.775
16692,35.7993,,149,,334.9
16693,35.8013,,149,,335.025
16694,35.8033,,149,,335.15
16695,35.8052,,149,,335.275
16696,35.8072,,149,,335.4
16697,35.8093,,149,,335.5
16698,35.8114,,149,,335.6
16699,35.8135,,149,,335.7
16700,35.8157,,149,,335.8
16701,35.8178,,149,,335.9
16702,35.8199,,149,,336
16703,35.822,,149,,336.1
16704,35.8241,,149,,336.2
16705,35.8262,,149,,336.3
16706,35.8284,,149,,336.4
16707,35.8304,,149,,336.26
16708,35.8325,,149,,336.12
16709,35.8345,,149,,335.98
16710,35.8366,,149,,335.84
16711,35.8387,,149,,335.7
16712,35.8407,,149,,335.56
16713,35.8428,,149,,335.42
16714,35.8449,,149,,335.28
16715,35.8469,,149,,335.14
16716,35.849,,149,,335
16717,35.851,,149,,334.8
16718,35.853,,149,,334.6
16719,35.855,,149,,334.4
16720,35.8569,,148.7,,334.32
16721,35.8588,,148.4,,334.24
16722,35.8607,,148.1,,334.16
16723,35.8626,,147.8,,334.08
16724,35.8645,,147.5,,334
16725,35.8664,,147.2,,333.92
16726,35.8683,,146.9,,333.84
16727,35.8702,,146.6,,333.76
16728,35.8721,,146.3,,333.68
16729,35.874,,146,,333.6
16730,35.8763,,146,,333.578
16731,35.8785,,146,,333.556
16732,35.8808,,146,,333.533
16733,35.883,,146,,333.511
16734,35.8852,,146,,333.489
16735,35.8875,,146,,333.467
16736,35.8897,,146,,333.444
16737,35.892,,146,,333.422
16738,35.8942,,146,,333.4
16739,35.8963,,145.9,,333.4
16740,35.8984,,145.8,,333.4
16741,35.9004,,145.7,,333.4
16742,35.9025,,145.6,,333.4
16743,35.9046,,145.5,,333.4
16744,35.9067,,145.4,,333.4
16745,35.9088,,145.3,,333.4
16746,35.9109,,145.2,,333.4
16747,35.9129,,145.1,,333.4
16748,35.915,,145,,333.4
16749,35.9171,,145,,333.42
16750,35.9191,,145,,333.44
16751,35.9211,,145,,333.46
16752,35.9232,,145,,333.48
16753,35.9252,,145,,333.5
16754,35.9273,,145,,333.52
16755,35.9293,,145,,333.54
16756,35.9314,,145,,333.56
16757,35.9334,,145,,333.58
16758,35.9354,,145,,333.6
16759,35.9376,,145,,333.62
16760,35.9397,,145,,333.64
16761,35.9418,,145,,333.66
16762,35.944,,145,,333.68
16763,35.9461,,145,,333.7
16764,35.9482,,145,,333.72
16765,35.9503,,145,,333.74
16766,35.9525,,145,,333.76
16767,35.9546,,145,,333.78
16768,35.9567,,145,,333.8
16769,35.9588,,144.9,,333.8
16770,35.9608,,144.8,,333.8
16771,35.9628,,144.7,,333.8
16772,35.9648,,144.6,,333.8
16773,35.9669,,144.5,,333.8
16774,35.9689,,144.4,,333.8
16775,35.9709,,144.3,,333.8
16776,35.9729,,144.2,,333.8
16777,35.975,,144.1,,333.8
16778,35.977,,144,,333.8
16779,35.979,,143.818,,333.8
16780,35.981,,143.636,,333.8
16781,35.9831,,143.455,,333.8
16782,35.9851,,143.273,,333.8
16783,35.9871,,143.091,,333.8
16784,35.9892,,142.909,,333.8
16785,35.9912,,142.727,,333.8
16786,35.9932,,142.545,,333.8
16787,35.9953,,142.364,,333.8
16788,35.9973,,142.182,,333.8
16789,35.9993,,142,,333.8
16790,36.0016,,142.111,,333.8
16791,36.0038,,142.222,,333.8
16792,36.006,,142.333,,333.8
16793,36.0083,,142.444,,333.8
16794,36.0105,,142.556,,333.8
16795,36.0128,,142.667,,333.8
16796,36.015,,142.778,,333.8
16797,36.0173,,142.889,,333.8
16798,36.0195,,143,,333.8
16799,36.0221,,143.25,,333.825
16800,36.0247,,143.5,,333.85
16801,36.0272,,143.75,,333.875
16802,36.0298,,144,,333.9
16803,36.0324,,144.25,,333.925
16804,36.035,,144.5,,333.95
16805,36.0376,,144.75,,333.975
16806,36.0401,,145,,334
16807,36.0427,,145.125,,334.025
16808,36.0453,,145.25,,334.05
16809,36.0479,,145.375,,334.075
16810,36.0505,,145.5,,334.1
16811,36.0531,,145.625,,334.125
16812,36.0557,,145.75,,334.15
16813,36.0583,,145.875,,334.175
16814,36.0609,,146,,334.2
16815,36.0631,,145.625,,334.2
16816,36.0654,,145.25,,334.2
16817,36.0676,,144.875,,334.2
16818,36.0698,,144.5,,334.2
16819,36.0721,,144.125,,334.2
16820,36.0743,,143.75,,334.2
16821,36.0766,,143.375,,334.2
16822,36.0788,,143,,334.2
16823,36.0808,,142.818,,334.2
16824,36.0827,,142.636,,334.2
16825,36.0846,,142.455,,334.2
16826,36.0865,,142.273,,334.2
16827,36.0885,,142.091,,334.2
16828,36.0904,,141.909,,334.2
16829,36.0923,,141.727,,334.2
16830,36.0943,,141.545,,334.2
16831,36.0962,,141.364,,334.2
16832,36.0981,,141.182,,334.2
16833,36.1001,,141,,334.2
16834,36.1023,,141.3,,334.2
16835,36.1045,,141.6,,334.2
16836,36.1067,,141.9,,334.2
16837,36.1089,,142.2,,334.2
16838,36.1111,,142.5,,334.2
16839,36.1133,,142.8,,334.2
16840,36.1156,,143.1,,334.2
16841,36.1178,,143.4,,334.2
16842,36.12,,143.7,,334.2
16843,36.1222,,144,,334.2
16844,36.1246,,144.222,,334.178
16845,36.1269,,144.444,,334.156
16846,36.1293,,144.667,,334.133
16847,36.1316,,144.889,,334.111
16848,36.134,,145.111,,334.089
16849,36.1363,,145.333,,334.067
16850,36.1387,,145.556,,334.044
16851,36.141,,145.778,,334.022
16852,36.1434,,146,,334
16853,36.1456,,146,,334.022
16854,36.1478,,146,,334.044
16855,36.1501,,146,,334.067
16856,36.1523,,146,,334.089
16857,36.1546,,146,,334.111
16858,36.1568,,146,,334.133
16859,36.159,,146,,334.156
16860,36.1613,,146,,334.178
16861,36.1635,,146,,334.2
16862,36.1657,,146,,334.24
16863,36.1679,,146,,334.28
16864,36.1701,,146,,334.32
16865,36.1722,,146,,334.36
16866,36.1744,,146,,334.4
16867,36.1766,,146,,334.44
16868,36.1788,,146,,334.48
16869,36.181,,146,,334.52
16870,36.1831,,146,,334.56
16871,36.1853,,146,,334.6
16872,36.1875,,146,,334.64
16873,36.1897,,146,,334.68
16874,36.1919,,146,,334.72
16875,36.1941,,146,,334.76
16876,36.1963,,146,,334.8
16877,36.1985,,146,,334.84
16878,36.2007,,146,,334.88
16879,36.2029,,146,,334.92
16880,36.2051,,146,,334.96
16881,36.2073,,146,,335
16882,36.2094,,146.1,,335
16883,36.2116,,146.2,,335
16884,36.2137,,146.3,,335
16885,36.2158,,146.4,,335
16886,36.2179,,146.5,,335
16887,36.2201,,146.6,,335
16888,36.2222,,146.7,,335
16889,36.2243,,146.8,,335
16890,36.2265,,146.9,,335
16891,36.2286,,147,,335
16892,36.2306,,147.091,,335
16893,36.2326,,147.182,,335
16894,36.2346,,147.273,,335
16895,36.2366,,147.364,,335
16896,36.2386,,147.455,,335
16897,36.2406,,147.545,,335
16898,36.2426,,147.636,,335
16899,36.2446,,147.727,,335
16900,36.2467,,147.818,,335
16901,36.2487,,147.909,,335
16902,36.2507,,148,,335
16903,36.2528,,148,,335
16904,36.255,,148,,335
16905,36.2571,,148,,335
16906,36.2593,,148,,335
16907,36.2615,,148,,335
16908,36.2636,,148,,335
16909,36.2658,,148,,335
16910,36.268,,148,,335
16911,36.2701,,148,,335
16912,36.2723,,148,,335
16913,36.2745,,148,,335
16914,36.2766,,148,,335
16915,36.2788,,148,,335
16916,36.281,,148,,335
16917,36.2831,,148,,335
16918,36.2853,,148,,335
16919,36.2875,,148,,335
16920,36.2897,,148,,335
16921,36.2918,,148,,335
16922,36.294,,148,,335
16923,36.2963,,147.889,,335.022
16924,36.2985,,147.778,,335.044
16925,36.3008,,147.667,,335.067
16926,36.3031,,147.556,,335.089
16927,36.3053,,147.444,,335.111
16928,36.3076,,147.333,,335.133
16929,36.3098,,147.222,,335.156
16930,36.3121,,147.111,,335.178
16931,36.3144,,147,,335.2
16932,36.3164,,147,,335.18
16933,36.3184,,147,,335.16
16934,36.3204,,147,,335.14
16935,36.3224,,147,,335.12
16936,36.3244,,147,,335.1
16937,36.3264,,147,,335.08
16938,36.3284,,147,,335.06
16939,36.3304,,147,,335.04
16940,36.3324,,147,,335.02
16941,36.3344,,147,,335
16942,36.3364,,146.909,,335
16943,36.3384,,146.818,,335
16944,36.3404,,146.727,,335
16945,36.3424,,146.636,,335
16946,36.3444,,146.545,,335
16947,36.3464,,146.455,,335
16948,36.3484,,146.364,,335
16949,36.3504,,146.273,,335
16950,36.3524,,146.182,,335
16951,36.3544,,146.091,,335
16952,36.3564,,146,,335
16953,36.3585,,146,,335
16954,36.3606,,146,,335
16955,36.3627,,146,,335
16956,36.3648,,146,,335
16957,36.3669,,146,,335
16958,36.369,,146,,335
16959,36.3711,,146,,335
16960,36.3731,,146,,335
16961,36.3752,,146,,335
16962,36.3773,,146,,335
16963,36.3794,,146,,335.02
16964,36.3814,,146,,335.04
16965,36.3835,,146,,335.06
16966,36.3855,,146,,335.08
16967,36.3876,,146,,335.1
16968,36.3897,,146,,335.12
16969,36.3917,,146,,335.14
16970,36.3938,,146,,335.16
16971,36.3958,,146,,335.18
16972,36.3979,,146,,335.2
16973,36.4001,,146,,335.222
16974,36.4024,,146,,335.244
16975,36.4046,,146,,335.267
16976,36.4069,,146,,335.289
16977,36.4091,,146,,335.311
16978,36.4113,,146,,335.333
16979,36.4136,,146,,335.356
16980,36.4158,,146,,335.378
16981,36.418,,146,,335.4
16982,36.4203,,145.9,,335.44
16983,36.4225,,145.8,,335.48
16984,36.4247,,145.7,,335.52
16985,36.427,,145.6,,335.56
16986,36.4292,,145.5,,335.6
16987,36.4314,,145.4,,335.64
16988,36.4337,,145.3,,335.68
16989,36.4359,,145.2,,335.72
16990,36.4382,,145.1,,335.76
16991,36.4404,,145,,335.8
16992,36.4423,,145.091,,335.818
16993,36.4442,,145.182,,335.836
16994,36.4462,,145.273,,335.855
16995,36.4481,,145.364,,335.873
16996,36.45,,145.455,,335.891
16997,36.4519,,145.545,,335.909
16998,36.4539,,145.636,,335.927
16999,36.4558,,145.727,,335.945
17000,36.4577,,145.818,,335.964
17001,36.4596,,145.909,,335.982
17002,36.4615,,146,,336
17003,36.4635,,146,,336.018
17004,36.4655,,146,,336.036
17005,36.4674,,146,,336.055
17006,36.4694,,146,,336.073
17007,36.4713,,146,,336.091
17008,36.4733,,146,,336.109
17009,36.4752,,146,,336.127
17010,36.4772,,146,,336.145
17011,36.4791,,146,,336.164
17012,36.4811,,146,,336.182
17013,36.483,,146,,336.2
17014,36.4852,,146,,336.18
17015,36.4873,,146,,336.16
17016,36.4894,,146,,336.14
17017,36.4916,,146,,336.12
17018,36.4937,,146,,336.1
17019,36.4958,,146,,336.08
17020,36.498,,146,,336.06
17021,36.5001,,146,,336.04
17022,36.5022,,146,,336.02
17023,36.5044,,146,,336
17024,36.5066,,146.1,,336
17025,36.5087,,146.2,,336
17026,36.5109,,146.3,,336
17027,36.5131,,146.4,,336
17028,36.5153,,146.5,,336
17029,36.5175,,146.6,,336
17030,36.5196,,146.7,,336
17031,36.5218,,146.8,,336
17032,36.524,,146.9,,336
17033,36.5262,,147,,336
17034,36.5282,,147.1,,336
17035,36.5303,,147.2,,336
17036,36.5323,,147.3,,336
17037,36.5343,,147.4,,336
17038,36.5364,,147.5,,336
17039,36.5384,,147.6,,336
17040,36.5404,,147.7,,336
17041,36.5425,,147.8,,336
17042,36.5445,,147.9,,336
17043,36.5466,,148,,336
17044,36.5488,,148,,336.022
17045,36.5511,,148,,336.044
17046,36.5534,,148,,336.067
17047,36.5556,,148,,336.089
17048,36.5579,,148,,336.111
17049,36.5602,,148,,336.133
17050,36.5625,,148,,336.156
17051,36.5647,,148,,336.178
17052,36.567,,148,,336.2
17053,36.5692,,147.9,,336.2
17054,36.5714,,147.8,,336.2
17055,36.5736,,147.7,,336.2
17056,36.5758,,147.6,,336.2
17057,36.578,,147.5,,336.2
17058,36.5802,,147.4,,336.2
17059,36.5824,,147.3,,336.2
17060,36.5846,,147.2,,336.2
17061,36.5868,,147.1,,336.2
17062,36.5889,,147,,336.2
17063,36.5913,,147.111,,336.2
17064,36.5936,,147.222,,336.2
17065,36.5959,,147.333,,336.2
17066,36.5982,,147.444,,336.2
17067,36.6005,,147.556,,336.2
17068,36.6029,,147.667,,336.2
17069,36.6052,,147.778,,336.2
17070,36.6075,,147.889,,336.2
17071,36.6098,,148,,336.2
17072,36.6119,,148,,336.2
17073,36.614,,148,,336.2
17074,36.6161,,148,,336.2
17075,36.6182,,148,,336.2
17076,36.6203,,148,,336.2
17077,36.6224,,148,,336.2
17078,36.6245,,148,,336.2
17079,36.6266,,148,,336.2
17080,36.6287,,148,,336.2
17081,36.6308,,148,,336.2
17082,36.633,,148,,336.2
17083,36.6351,,148,,336.2
17084,36.6373,,148,,336.2
17085,36.6394,,148,,336.2
17086,36.6415,,148,,336.2
17087,36.6437,,148,,336.2
17088,36.6458,,148,,336.2
17089,36.648,,148,,336.2
17090,36.6501,,148,,336.2
17091,36.6522,,148,,336.2
17092,36.6545,,147.889,,336.2
17093,36.6567,,147.778,,336.2
17094,36.6589,,147.667,,336.2
17095,36.6611,,147.556,,336.2
17096,36.6634,,147.444,,336.2
17097,36.6656,,147.333,,336.2
17098,36.6678,,147.222,,336.2
17099,36.67,,147.111,,336.2
17100,36.6723,,147,,336.2
17101,36.6744,,147,,336.28
17102,36.6765,,147,,336.36
17103,36.6787,,147,,336.44
17104,36.6808,,147,,336.52
17105,36.6829,,147,,336.6
17106,36.6849,,146.909,,336.6
17107,36.6869,,146.818,,336.6
17108,36.6889,,146.727,,336.6
17109,36.6909,,146.636,,336.6
17110,36.6929,,146.545,,336.6
17111,36.6949,,146.455,,336.6
17112,36.6969,,146.364,,336.6
17113,36.6989,,146.273,,336.6
17114,36.7009,,146.182,,336.6
17115,36.7029,,146.091,,336.6
17116,36.7049,,146,,336.6
17117,36.7069,,146.1,,336.62
17118,36.709,,146.2,,336.64
17119,36.7111,,146.3,,336.66
17120,36.7132,,146.4,,336.68
17121,36.7153,,146.5,,336.7
17122,36.7173,,146.6,,336.72
17123,36.7194,,146.7,,336.74
17124,36.7215,,146.8,,336.76
17125,36.7236,,146.9,,336.78
17126,36.7257,,147,,336.8
17127,36.7277,,146.9,,336.82
17128,36.7297,,146.8,,336.84
17129,36.7317,,146.7,,336.86
17130,36.7337,,146.6,,336.88
17131,36.7357,,146.5,,336.9
17132,36.7377,,146.4,,336.92
17133,36.7398,,146.3,,336.94
17134,36.7418,,146.2,,336.96
17135,36.7438,,146.1,,336.98
17136,36.7458,,146,,337
17137,36.7478,,146,,337
17138,36.7498,,146,,337
17139,36.7519,,146,,337
17140,36.7539,,146,,337
17141,36.7559,,146,,337
17142,36.758,,146,,337
17143,36.76,,146,,337
17144,36.762,,146,,337
17145,36.764,,146,,337
17146,36.7661,,146,,337
17147,36.7679,,145.909,,337
17148,36.7698,,145.818,,337
17149,36.7717,,145.727,,337
17150,36.7736,,145.636,,337
17151,36.7755,,145.545,,337
17152,36.7774,,145.455,,337
17153,36.7793,,145.364,,337
17154,36.7812,,145.273,,337
17155,36.7831,,145.182,,337
17156,36.7849,,145.091,,337
17157,36.7868,,145,,337
17158,36.7889,,145,,337
17159,36.7909,,145,,337
17160,36.793,,145,,337
17161,36.795,,145,,337
17162,36.797,,145,,337
17163,36.7991,,145,,337
17164,36.8011,,145,,337
17165,36.8032,,145,,337
17166,36.8052,,145,,337
17167,36.8073,,145,,337
17168,36.8094,,144.8,,337
17169,36.8115,,144.6,,337
17170,36.8135,,144.4,,337
17171,36.8156,,144.2,,337
17172,36.8177,,144,,337
17173,36.8198,,143.8,,337
17174,36.8219,,143.6,,337
17175,36.824,,143.4,,337
17176,36.8261,,143.2,,337
17177,36.8282,,143,,337
17178,36.8303,,143.1,,337
17179,36.8325,,143.2,,337
17180,36.8347,,143.3,,337
17181,36.8368,,143.4,,337
17182,36.839,,143.5,,337
17183,36.8412,,143.6,,337
17184,36.8433,,143.7,,337
17185,36.8455,,143.8,,337
17186,36.8477,,143.9,,337
17187,36.8498,,144,,337
17188,36.8519,,144.1,,337
17189,36.8539,,144.2,,337
17190,36.8559,,144.3,,337
17191,36.858,,144.4,,337
17192,36.86,,144.5,,337
17193,36.862,,144.6,,337
17194,36.8641,,144.7,,337
17195,36.8661,,144.8,,337
17196,36.8681,,144.9,,337
17197,36.8702,,145,,337
17198,36.8723,,145,,337.02
17199,36.8744,,145,,337.04
17200,36.8766,,145,,337.06
17201,36.8787,,145,,337.08
17202,36.8808,,145,,337.1
17203,36.8829,,145,,337.12
17204,36.8851,,145,,337.14
17205,36.8872,,145,,337.16
17206,36.8893,,145,,337.18
17207,36.8914,,145,,337.2
17208,36.8935,,144.9,,337.22
17209,36.8956,,144.8,,337.24
17210,36.8977,,144.7,,337.26
17211,36.8997,,144.6,,337.28
17212,36.9018,,144.5,,337.3
17213,36.9039,,144.4,,337.32
17214,36.9059,,144.3,,337.34
17215,36.908,,144.2,,337.36
17216,36.9101,,144.1,,337.38
17217,36.9121,,144,,337.4
17218,36.9143,,144,,337.4
17219,36.9164,,144,,337.4
17220,36.9185,,144,,337.4
17221,36.9207,,144,,337.4
17222,36.9228,,144,,337.4
17223,36.9249,,144,,337.4
17224,36.9271,,144,,337.4
17225,36.9292,,144,,337.4
17226,36.9313,,144,,337.4
17227,36.9335,,144,,337.4
17228,36.9357,,144.111,,337.4
17229,36.938,,144.222,,337.4
17230,36.9402,,144.333,,337.4
17231,36.9425,,144.444,,337.4
17232,36.9447,,144.556,,337.4
17233,36.947,,144.667,,337.4
17234,36.9493,,144.778,,337.4
17235,36.9515,,144.889,,337.4
17236,36.9538,,145,,337.4
17237,36.9559,,144.9,,337.4
17238,36.958,,144.8,,337.4
17239,36.9601,,144.7,,337.4
17240,36.9622,,144.6,,337.4
17241,36.9643,,144.5,,337.4
17242,36.9664,,144.4,,337.4
17243,36.9685,,144.3,,337.4
17244,36.9706,,144.2,,337.4
17245,36.9727,,144.1,,337.4
17246,36.9748,,144,,337.4
17247,36.9768,,144,,337.429
17248,36.9788,,144,,337.457
17249,36.9808,,144,,337.486
17250,36.9828,,144,,337.514
17251,36.9848,,144,,337.543
17252,36.9868,,144,,337.571
17253,36.9888,,144,,337.6
17254,36.9909,,143.8,,337.6
17255,36.9931,,143.6,,337.6
17256,36.9953,,143.4,,337.6
17257,36.9974,,143.2,,337.6
17258,36.9996,,143,,337.6
17259,37.0016,,143,,337.6
17260,37.0036,,143,,337.6
17261,37.0055,,143,,337.6
17262,37.0075,,143,,337.6
17263,37.0095,,143,,337.6
17264,37.0115,,143,,337.6
17265,37.0135,,143,,337.6
17266,37.0155,,143,,337.6
17267,37.0175,,143,,337.6
17268,37.0194,,143,,337.6
17269,37.0214,,143,,337.6
17270,37.0235,,143.1,,337.6
17271,37.0257,,143.2,,337.6
17272,37.0278,,143.3,,337.6
17273,37.0299,,143.4,,337.6
17274,37.032,,143.5,,337.6
17275,37.0341,,143.6,,337.6
17276,37.0363,,143.7,,337.6
17277,37.0384,,143.8,,337.6
17278,37.0405,,143.9,,337.6
17279,37.0426,,144,,337.6
17280,37.0447,,144,,337.62
17281,37.0467,,144,,337.64
17282,37.0487,,144,,337.66
17283,37.0508,,144,,337.68
17284,37.0528,,144,,337.7
17285,37.0548,,144,,337.72
17286,37.0569,,144,,337.74
17287,37.0589,,144,,337.76
17288,37.0609,,144,,337.78
17289,37.063,,144,,337.8
17290,37.065,,144.1,,337.8
17291,37.0671,,144.2,,337.8
17292,37.0691,,144.3,,337.8
17293,37.0712,,144.4,,337.8
17294,37.0733,,144.5,,337.8
17295,37.0753,,144.6,,337.8
17296,37.0774,,144.7,,337.8
17297,37.0794,,144.8,,337.8
17298,37.0815,,144.9,,337.8
17299,37.0836,,145,,337.8
17300,37.0856,,144.9,,337.8
17301,37.0877,,144.8,,337.8
17302,37.0897,,144.7,,337.8
17303,37.0918,,144.6,,337.8
17304,37.0938,,144.5,,337.8
17305,37.0959,,144.4,,337.8
17306,37.0979,,144.3,,337.8
17307,37.0999,,144.2,,337.8
17308,37.102,,144.1,,337.8
17309,37.104,,144,,337.8
17310,37.1061,,144,,337.82
17311,37.1081,,144,,337.84
17312,37.1101,,144,,337.86
17313,37.1122,,144,,337.88
17314,37.1142,,144,,337.9
17315,37.1163,,144,,337.92
17316,37.1183,,144,,337.94
17317,37.1203,,144,,337.96
17318,37.1224,,144,,337.98
17319,37.1244,,144,,338
17320,37.1265,,143.9,,338.04
17321,37.1287,,143.8,,338.08
17322,37.1308,,143.7,,338.12
17323,37.1329,,143.6,,338.16
17324,37.135,,143.5,,338.2
17325,37.1371,,143.4,,338.24
17326,37.1393,,143.3,,338.28
17327,37.1414,,143.2,,338.32
17328,37.1435,,143.1,,338.36
17329,37.1456,,143,,338.4
17330,37.1477,,143,,338.42
17331,37.1498,,143,,338.44
17332,37.1518,,143,,338.46
17333,37.1539,,143,,338.48
17334,37.1559,,143,,338.5
17335,37.158,,143,,338.52
17336,37.16,,143,,338.54
17337,37.1621,,143,,338.56
17338,37.1642,,143,,338.58
17339,37.1662,,143,,338.6
17340,37.1683,,142.9,,338.58
17341,37.1704,,142.8,,338.56
17342,37.1725,,142.7,,338.54
17343,37.1746,,142.6,,338.52
17344,37.1767,,142.5,,338.5
17345,37.1788,,142.4,,338.48
17346,37.181,,142.3,,338.46
17347,37.1831,,142.2,,338.44
17348,37.1852,,142.1,,338.42
17349,37.1873,,142,,338.4
17350,37.1894,,142,,338.4
17351,37.1914,,142,,338.4
17352,37.1935,,142,,338.4
17353,37.1956,,142,,338.4
17354,37.1977,,142,,338.4
17355,37.1998,,142,,338.4
17356,37.2018,,142,,338.4
17357,37.2039,,142,,338.4
17358,37.206,,142,,338.4
17359,37.2081,,142,,338.4
17360,37.2102,,142,,338.38
17361,37.2122,,142,,338.36
17362,37.2143,,142,,338.34
17363,37.2164,,142,,338.32
17364,37.2184,,142,,338.3
17365,37.2205,,142,,338.28
17366,37.2226,,142,,338.26
17367,37.2246,,142,,338.24
17368,37.2267,,142,,338.22
17369,37.2288,,142,,338.2
17370,37.2307,,142,,338.2
17371,37.2326,,142,,338.2
17372,37.2346,,142,,338.2
17373,37.2365,,142,,338.2
17374,37.2384,,142,,338.2
17375,37.2404,,142,,338.2
17376,37.2423,,142,,338.2
17377,37.2442,,142,,338.2
17378,37.2462,,142,,338.2
17379,37.2481,,142,,338.2
17380,37.25,,142,,338.2
17381,37.2522,,142.2,,338.24
17382,37.2543,,142.4,,338.28
17383,37.2564,,142.6,,338.32
17384,37.2585,,142.8,,338.36
17385,37.2607,,143,,338.4
17386,37.2628,,143.2,,338.44
17387,37.2649,,143.4,,338.48
17388,37.267,,143.6,,338.52
17389,37.2692,,143.8,,338.56
17390,37.2713,,144,,338.6
17391,37.2735,,144,,338.6
17392,37.2757,,144,,338.6
17393,37.2778,,144,,338.6
17394,37.28,,144,,338.6
17395,37.2822,,144,,338.6
17396,37.2844,,144,,338.6
17397,37.2866,,144,,338.6
17398,37.2887,,144,,338.6
17399,37.2909,,144,,338.6
17400,37.2931,,144,,338.6
17401,37.2953,,144,,338.56
17402,37.2975,,144,,338.52
17403,37.2996,,144,,338.48
17404,37.3018,,144,,338.44
17405,37.304,,144,,338.4
17406,37.3062,,144,,338.36
17407,37.3084,,144,,338.32
17408,37.3105,,144,,338.28
17409,37.3127,,144,,338.24
17410,37.3149,,144,,338.2
17411,37.317,,143.8,,338.22
17412,37.3191,,143.6,,338.24
17413,37.3212,,143.4,,338.26
17414,37.3234,,143.2,,338.28
17415,37.3255,,143,,338.3
17416,37.3276,,142.8,,338.32
17417,37.3297,,142.6,,338.34
17418,37.3318,,142.4,,338.36
17419,37.334,,142.2,,338.38
17420,37.3361,,142,,338.4
17421,37.3383,,141.778,,338.4
17422,37.3406,,141.556,,338.4
17423,37.3428,,141.333,,338.4
17424,37.345,,141.111,,338.4
17425,37.3473,,140.889,,338.4
17426,37.3495,,140.667,,338.4
17427,37.3518,,140.444,,338.4
17428,37.354,,140.222,,338.4
17429,37.3562,,140,,338.4
17430,37.3583,,140,,338.4
17431,37.3603,,140,,338.4
17432,37.3624,,140,,338.4
17433,37.3644,,140,,338.4
17434,37.3664,,140,,338.4
17435,37.3685,,140,,338.4
17436,37.3705,,140,,338.4
17437,37.3726,,140,,338.4
17438,37.3746,,140,,338.4
17439,37.3766,,140,,338.4
17440,37.3786,,140,,338.4
17441,37.3806,,140,,338.4
17442,37.3826,,140,,338.4
17443,37.3846,,140,,338.4
17444,37.3866,,140,,338.4
17445,37.3886,,140,,338.4
17446,37.3905,,140,,338.4
17447,37.3925,,140,,338.4
17448,37.3945,,140,,338.4
17449,37.3965,,140,,338.4
17450,37.3985,,140,,338.4
17451,37.4005,,140.333,,338.4
17452,37.4025,,140.667,,338.4
17453,37.4045,,141,,338.4
17454,37.4065,,141.333,,338.4
17455,37.4086,,141.667,,338.4
17456,37.4106,,142,,338.4
17457,37.4126,,142.333,,338.4
17458,37.4146,,142.667,,338.4
17459,37.4166,,143,,338.4
17460,37.4187,,143.1,,338.44
17461,37.4208,,143.2,,338.48
17462,37.4229,,143.3,,338.52
17463,37.425,,143.4,,338.56
17464,37.4271,,143.5,,338.6
17465,37.4292,,143.6,,338.64
17466,37.4313,,143.7,,338.68
17467,37.4334,,143.8,,338.72
17468,37.4355,,143.9,,338.76
17469,37.4376,,144,,338.8
17470,37.4398,,144,,338.8
17471,37.442,,144,,338.8
17472,37.4442,,144,,338.8
17473,37.4463,,144,,338.8
17474,37.4485,,144,,338.8
17475,37.4507,,144,,338.8
17476,37.4529,,144,,338.8
17477,37.455,,144,,338.8
17478,37.4572,,144,,338.8
17479,37.4594,,144,,338.8
17480,37.4615,,144.1,,338.8
17481,37.4636,,144.2,,338.8
17482,37.4657,,144.3,,338.8
17483,37.4678,,144.4,,338.8
17484,37.4699,,144.5,,338.8
17485,37.4719,,144.6,,338.8
17486,37.474,,144.7,,338.8
17487,37.4761,,144.8,,338.8
17488,37.4782,,144.9,,338.8
17489,37.4803,,145,,338.8
17490,37.4823,,144.8,,338.82
17491,37.4843,,144.6,,338.84
17492,37.4864,,144.4,,338.86
17493,37.4884,,144.2,,338.88
17494,37.4904,,144,,338.9
17495,37.4924,,143.8,,338.92
17496,37.4944,,143.6,,338.94
17497,37.4965,,143.4,,338.96
17498,37.4985,,143.2,,338.98
17499,37.5005,,143,,339
17500,37.5023,,142.667,,339
17501,37.5041,,142.333,,339
17502,37.5059,,142,,339
17503,37.5077,,141.667,,339
17504,37.5095,,141.333,,339
17505,37.5114,,141,,339
17506,37.5132,,140.667,,339
17507,37.515,,140.333,,339
17508,37.5168,,140,,339
17509,37.5188,,140.2,,339.02
17510,37.5208,,140.4,,339.04
17511,37.5228,,140.6,,339.06
17512,37.5248,,140.8,,339.08
17513,37.5268,,141,,339.1
17514,37.5288,,141.2,,339.12
17515,37.5308,,141.4,,339.14
17516,37.5328,,141.6,,339.16
17517,37.5348,,141.8,,339.18
17518,37.5368,,142,,339.2
17519,37.5388,,142.182,,339.2
17520,37.5407,,142.364,,339.2
17521,37.5427,,142.545,,339.2
17522,37.5446,,142.727,,339.2
17523,37.5466,,142.909,,339.2
17524,37.5485,,143.091,,339.2
17525,37.5505,,143.273,,339.2
17526,37.5524,,143.455,,339.2
17527,37.5543,,143.636,,339.2
17528,37.5563,,143.818,,339.2
17529,37.5582,,144,,339.2
17530,37.5604,,144.1,,339.22
17531,37.5625,,144.2,,339.24
17532,37.5647,,144.3,,339.26
17533,37.5668,,144.4,,339.28
17534,37.569,,144.5,,339.3
17535,37.5711,,144.6,,339.32
17536,37.5733,,144.7,,339.34
17537,37.5754,,144.8,,339.36
17538,37.5776,,144.9,,339.38
17539,37.5797,,145,,339.4
17540,37.5819,,145,,339.44
17541,37.5841,,145,,339.48
17542,37.5863,,145,,339.52
17543,37.5885,,145,,339.56
17544,37.5907,,145,,339.6
17545,37.593,,145,,339.6
17546,37.5953,,145,,339.6
17547,37.5975,,145,,339.6
17548,37.5998,,145,,339.6
17549,37.602,,145,,339.6
17550,37.6043,,145,,339.6
17551,37.6066,,145,,339.6
17552,37.6088,,145,,339.6
17553,37.6111,,145,,339.6
17554,37.6133,,144.889,,339.6
17555,37.6155,,144.778,,339.6
17556,37.6177,,144.667,,339.6
17557,37.62,,144.556,,339.6
17558,37.6222,,144.444,,339.6
17559,37.6244,,144.333,,339.6
17560,37.6266,,144.222,,339.6
17561,37.6289,,144.111,,339.6
17562,37.6311,,144,,339.6
17563,37.6333,,143.9,,339.62
17564,37.6354,,143.8,,339.64
17565,37.6376,,143.7,,339.66
17566,37.6398,,143.6,,339.68
17567,37.642,,143.5,,339.7
17568,37.6442,,143.4,,339.72
17569,37.6464,,143.3,,339.74
17570,37.6486,,143.2,,339.76
17571,37.6507,,143.1,,339.78
17572,37.6529,,143,,339.8
17573,37.655,,143,,339.78
17574,37.6571,,143,,339.76
17575,37.6592,,143,,339.74
17576,37.6612,,143,,339.72
17577,37.6633,,143,,339.7
17578,37.6654,,143,,339.68
17579,37.6675,,143,,339.66
17580,37.6695,,143,,339.64
17581,37.6716,,143,,339.62
17582,37.6737,,143,,339.6
17583,37.6758,,143.1,,339.6
17584,37.6779,,143.2,,339.6
17585,37.6801,,143.3,,339.6
17586,37.6822,,143.4,,339.6
17587,37.6844,,143.5,,339.6
17588,37.6865,,143.6,,339.6
17589,37.6886,,143.7,,339.6
17590,37.6908,,143.8,,339.6
17591,37.6929,,143.9,,339.6
17592,37.695,,144,,339.6
17593,37.697,,143.818,,339.618
17594,37.6989,,143.636,,339.636
17595,37.7008,,143.455,,339.655
17596,37.7028,,143.273,,339.673
17597,37.7047,,143.091,,339.691
17598,37.7066,,142.909,,339.709
17599,37.7086,,142.727,,339.727
17600,37.7105,,142.545,,339.745
17601,37.7124,,142.364,,339.764
17602,37.7144,,142.182,,339.782
17603,37.7163,,142,,339.8
17604,37.7183,,142,,339.8
17605,37.7203,,142,,339.8
17606,37.7223,,142,,339.8
17607,37.7243,,142,,339.8
17608,37.7264,,142,,339.8
17609,37.7284,,142,,339.8
17610,37.7304,,142,,339.8
17611,37.7324,,142,,339.8
17612,37.7344,,142,,339.8
17613,37.7364,,142,,339.8
17614,37.7384,,141.909,,339.818
17615,37.7404,,141.818,,339.836
17616,37.7423,,141.727,,339.855
17617,37.7443,,141.636,,339.873
17618,37.7462,,141.545,,339.891
17619,37.7482,,141.455,,339.909
17620,37.7502,,141.364,,339.927
17621,37.7521,,141.273,,339.945
17622,37.7541,,141.182,,339.964
17623,37.7561,,141.091,,339.982
17624,37.758,,141,,340
17625,37.76,,141,,340.036
17626,37.7619,,141,,340.073
17627,37.7639,,141,,340.109
17628,37.7658,,141,,340.145
17629,37.7678,,141,,340.182
17630,37.7697,,141,,340.218
17631,37.7717,,141,,340.255
17632,37.7736,,141,,340.291
17633,37.7756,,141,,340.327
17634,37.7775,,141,,340.364
17635,37.7795,,141,,340.4
17636,37.7813,,140.5,,340.5
17637,37.7831,,140,,340.6
17638,37.7849,,139.909,,340.6
17639,37.7868,,139.818,,340.6
17640,37.7887,,139.727,,340.6
17641,37.7905,,139.636,,340.6
17642,37.7924,,139.545,,340.6
17643,37.7943,,139.455,,340.6
17644,37.7961,,139.364,,340.6
17645,37.798,,139.273,,340.6
17646,37.7999,,139.182,,340.6
17647,37.8018,,139.091,,340.6
17648,37.8036,,139,,340.6
17649,37.8057,,139,,340.56
17650,37.8078,,139,,340.52
17651,37.8098,,139,,340.48
17652,37.8119,,139,,340.44
17653,37.814,,139,,340.4
17654,37.816,,139,,340.36
17655,37.8181,,139,,340.32
17656,37.8202,,139,,340.28
17657,37.8223,,139,,340.24
17658,37.8243,,139,,340.2
17659,37.8265,,138.8,,340.18
17660,37.8286,,138.6,,340.16
17661,37.8307,,138.4,,340.14
17662,37.8329,,138.2,,340.12
17663,37.835,,138,,340.1
17664,37.8371,,137.8,,340.08
17665,37.8393,,137.6,,340.06
17666,37.8414,,137.4,,340.04
17667,37.8435,,137.2,,340.02
17668,37.8457,,137,,340
17669,37.8481,,137.222,,340.022
17670,37.8505,,137.444,,340.044
17671,37.8529,,137.667,,340.067
17672,37.8553,,137.889,,340.089
17673,37.8577,,138.111,,340.111
17674,37.8601,,138.333,,340.133
17675,37.8625,,138.556,,340.156
17676,37.865,,138.778,,340.178
17677,37.8674,,139,,340.2
17678,37.8695,,139.333,,340.222
17679,37.8716,,139.667,,340.244
17680,37.8738,,140,,340.267
17681,37.8759,,140.333,,340.289
17682,37.878,,140.667,,340.311
17683,37.8802,,141,,340.333
17684,37.8823,,141.333,,340.356
17685,37.8845,,141.667,,340.378
17686,37.8866,,142,,340.4
17687,37.8887,,142.1,,340.42
17688,37.8909,,142.2,,340.44
17689,37.8931,,142.3,,340.46
17690,37.8952,,142.4,,340.48
17691,37.8974,,142.5,,340.5
17692,37.8995,,142.6,,340.52
17693,37.9017,,142.7,,340.54
17694,37.9039,,142.8,,340.56
17695,37.906,,142.9,,340.58
17696,37.9082,,143,,340.6
17697,37.9102,,142.8,,340.66
17698,37.9123,,142.6,,340.72
17699,37.9143,,142.4,,340.78
17700,37.9164,,142.2,,340.84
17701,37.9184,,142,,340.9
17702,37.9205,,141.8,,340.96
17703,37.9225,,141.6,,341.02
17704,37.9245,,141.4,,341.08
17705,37.9266,,141.2,,341.14
17706,37.9286,,141,,341.2
17707,37.9307,,141,,341.18
17708,37.9329,,141,,341.16
17709,37.935,,141,,341.14
17710,37.9371,,141,,341.12
17711,37.9392,,141,,341.1
17712,37.9413,,141,,341.08
17713,37.9435,,141,,341.06
17714,37.9456,,141,,341.04
17715,37.9477,,141,,341.02
17716,37.9498,,141,,341
17717,37.9519,,141,,341
17718,37.9539,,141,,341
17719,37.956,,141,,341
17720,37.9581,,141,,341
17721,37.9601,,141,,341
17722,37.9622,,141,,341
17723,37.9643,,141,,341
17724,37.9663,,141,,341
17725,37.9684,,141,,341
17726,37.9705,,141,,341
17727,37.9723,,140.818,,341
17728,37.9742,,140.636,,341
17729,37.976,,140.455,,341
17730,37.9779,,140.273,,341
17731,37.9798,,140.091,,341
17732,37.9816,,139.909,,341
17733,37.9835,,139.727,,341
17734,37.9854,,139.545,,341
17735,37.9872,,139.364,,341
17736,37.9891,,139.182,,341
17737,37.9909,,139,,341
17738,37.9929,,139,,341
17739,37.9949,,139,,341
17740,37.9969,,139,,341
17741,37.9988,,139,,341
17742,38.0008,,139,,341
17743,38.0027,,139,,341
17744,38.0047,,139,,341
17745,38.0067,,139,,341
17746,38.0086,,139,,341
17747,38.0106,,139,,341
17748,38.0125,,139,,341
17749,38.0145,,139,,341
17750,38.0165,,139,,341
17751,38.0184,,139,,341
17752,38.0204,,139,,341
17753,38.0224,,139.2,,341.02
17754,38.0244,,139.4,,341.04
17755,38.0264,,139.6,,341.06
17756,38.0284,,139.8,,341.08
17757,38.0304,,140,,341.1
17758,38.0324,,140.2,,341.12
17759,38.0345,,140.4,,341.14
17760,38.0365,,140.6,,341.16
17761,38.0385,,140.8,,341.18
17762,38.0405,,141,,341.2
17763,38.0425,,141.1,,341.24
17764,38.0446,,141.2,,341.28
17765,38.0466,,141.3,,341.32
17766,38.0487,,141.4,,341.36
17767,38.0507,,141.5,,341.4
17768,38.0528,,141.6,,341.44
17769,38.0548,,141.7,,341.48
17770,38.0569,,141.8,,341.52
17771,38.0589,,141.9,,341.56
17772,38.061,,142,,341.6
17773,38.0633,,142.111,,341.622
17774,38.0656,,142.222,,341.644
17775,38.0678,,142.333,,341.667
17776,38.0701,,142.444,,341.689
17777,38.0724,,142.556,,341.711
17778,38.0747,,142.667,,341.733
17779,38.077,,142.778,,341.756
17780,38.0793,,142.889,,341.778
17781,38.0816,,143,,341.8
17782,38.0837,,143,,341.82
17783,38.0858,,143,,341.84
17784,38.0879,,143,,341.86
17785,38.09,,143,,341.88
17786,38.0921,,143,,341.9
17787,38.0943,,143,,341.92
17788,38.0964,,143,,341.94
17789,38.0985,,143,,341.96
17790,38.1006,,143,,341.98
17791,38.1028,,143,,342
17792,38.1047,,143,,341.982
17793,38.1067,,143,,341.964
17794,38.1086,,143,,341.945
17795,38.1106,,143,,341.927
17796,38.1125,,143,,341.909
17797,38.1145,,143,,341.891
17798,38.1164,,143,,341.873
17799,38.1184,,143,,341.855
17800,38.1203,,143,,341.836
17801,38.1223,,143,,341.818
17802,38.1242,,143,,341.8
17803,38.1263,,143.1,,341.8
17804,38.1283,,143.2,,341.8
17805,38.1304,,143.3,,341.8
17806,38.1324,,143.4,,341.8
17807,38.1344,,143.5,,341.8
17808,38.1365,,143.6,,341.8
17809,38.1385,,143.7,,341.8
17810,38.1406,,143.8,,341.8
17811,38.1426,,143.9,,341.8
17812,38.1446,,144,,341.8
17813,38.1467,,144,,341.76
17814,38.1487,,144,,341.72
17815,38.1507,,144,,341.68
17816,38.1527,,144,,341.64
17817,38.1547,,144,,341.6
17818,38.1568,,144,,341.56
17819,38.1588,,144,,341.52
17820,38.1608,,144,,341.48
17821,38.1628,,144,,341.44
17822,38.1648,,144,,341.4
17823,38.1671,,143.889,,341.356
17824,38.1693,,143.778,,341.311
17825,38.1716,,143.667,,341.267
17826,38.1738,,143.556,,341.222
17827,38.1761,,143.444,,341.178
17828,38.1783,,143.333,,341.133
17829,38.1806,,143.222,,341.089
17830,38.1828,,143.111,,341.044
17831,38.1851,,143,,341
17832,38.1872,,143,,341
17833,38.1893,,143,,341
17834,38.1914,,143,,341
17835,38.1936,,143,,341
17836,38.1957,,143,,341
17837,38.1978,,143,,341
17838,38.2,,143,,341
17839,38.2021,,143,,341
17840,38.2042,,143,,341
17841,38.2063,,143,,341
17842,38.2084,,143,,341.02
17843,38.2104,,143,,341.04
17844,38.2125,,143,,341.06
17845,38.2145,,143,,341.08
17846,38.2165,,143,,341.1
17847,38.2186,,143,,341.12
17848,38.2206,,143,,341.14
17849,38.2226,,143,,341.16
17850,38.2247,,143,,341.18
17851,38.2267,,143,,341.2
17852,38.2289,,143,,341.26
17853,38.231,,143,,341.32
17854,38.2332,,143,,341.38
17855,38.2353,,143,,341.44
17856,38.2375,,143,,341.5
17857,38.2397,,143,,341.56
17858,38.2418,,143,,341.62
17859,38.244,,143,,341.68
17860,38.2461,,143,,341.74
17861,38.2483,,143,,341.8
17862,38.2505,,143.1,,341.82
17863,38.2526,,143.2,,341.84
17864,38.2548,,143.3,,341.86
17865,38.257,,143.4,,341.88
17866,38.2591,,143.5,,341.9
17867,38.2613,,143.6,,341.92
17868,38.2635,,143.7,,341.94
17869,38.2656,,143.8,,341.96
17870,38.2678,,143.9,,341.98
17871,38.27,,144,,342
17872,38.272,,143.9,,341.98
17873,38.2741,,143.8,,341.96
17874,38.2762,,143.7,,341.94
17875,38.2783,,143.6,,341.92
17876,38.2803,,143.5,,341.9
17877,38.2824,,143.4,,341.88
17878,38.2845,,143.3,,341.86
17879,38.2866,,143.2,,341.84
17880,38.2887,,143.1,,341.82
17881,38.2907,,143,,341.8
17882,38.2929,,142.9,,341.8
17883,38.295,,142.8,,341.8
17884,38.2972,,142.7,,341.8
17885,38.2993,,142.6,,341.8
17886,38.3014,,142.5,,341.8
17887,38.3036,,142.4,,341.8
17888,38.3057,,142.3,,341.8
17889,38.3079,,142.2,,341.8
17890,38.31,,142.1,,341.8
17891,38.3121,,142,,341.8
17892,38.3142,,141.9,,341.8
17893,38.3162,,141.8,,341.8
17894,38.3183,,141.7,,341.8
17895,38.3203,,141.6,,341.8
17896,38.3223,,141.5,,341.8
17897,38.3244,,141.4,,341.8
17898,38.3264,,141.3,,341.8
17899,38.3285,,141.2,,341.8
17900,38.3305,,141.1,,341.8
17901,38.3325,,141,,341.8
17902,38.3347,,141.1,,341.8
17903,38.3368,,141.2,,341.8
17904,38.3389,,141.3,,341.8
17905,38.341,,141.4,,341.8
17906,38.3431,,141.5,,341.8
17907,38.3452,,141.6,,341.8
17908,38.3473,,141.7,,341.8
17909,38.3494,,141.8,,341.8
17910,38.3516,,141.9,,341.8
17911,38.3537,,142,,341.8
17912,38.3558,,142.1,,341.8
17913,38.3578,,142.2,,341.8
17914,38.3599,,142.3,,341.8
17915,38.362,,142.4,,341.8
17916,38.3641,,142.5,,341.8
17917,38.3662,,142.6,,341.8
17918,38.3683,,142.7,,341.8
17919,38.3704,,142.8,,341.8
17920,38.3725,,142.9,,341.8
17921,38.3746,,143,,341.8
17922,38.3766,,143,,341.82
17923,38.3787,,143,,341.84
17924,38.3808,,143,,341.86
17925,38.3829,,143,,341.88
17926,38.3849,,143,,341.9
17927,38.387,,143,,341.92
17928,38.3891,,143,,341.94
17929,38.3911,,143,,341.96
17930,38.3932,,143,,341.98
17931,38.3953,,143,,342
17932,38.3973,,142.8,,342
17933,38.3994,,142.6,,342
17934,38.4014,,142.4,,342
17935,38.4034,,142.2,,342
17936,38.4055,,142,,342
17937,38.4075,,141.8,,342
17938,38.4096,,141.6,,342
17939,38.4116,,141.4,,342
17940,38.4136,,141.2,,342
17941,38.4157,,141,,342
17942,38.4178,,141.1,,341.98
17943,38.4199,,141.2,,341.96
17944,38.422,,141.3,,341.94
17945,38.4242,,141.4,,341.92
17946,38.4263,,141.5,,341.9
17947,38.4284,,141.6,,341.88
17948,38.4305,,141.7,,341.86
17949,38.4327,,141.8,,341.84
17950,38.4348,,141.9,,341.82
17951,38.4369,,142,,341.8
17952,38.4389,,141.909,,341.8
17953,38.4409,,141.818,,341.8
17954,38.4429,,141.727,,341.8
17955,38.4449,,141.636,,341.8
17956,38.4469,,141.545,,341.8
17957,38.4489,,141.455,,341.8
17958,38.4509,,141.364,,341.8
17959,38.4529,,141.273,,341.8
17960,38.4549,,141.182,,341.8
17961,38.4569,,141.091,,341.8
17962,38.4588,,141,,341.8
17963,38.4609,,140.9,,341.78
17964,38.463,,140.8,,341.76
17965,38.4651,,140.7,,341.74
17966,38.4672,,140.6,,341.72
17967,38.4693,,140.5,,341.7
17968,38.4714,,140.4,,341.68
17969,38.4735,,140.3,,341.66
17970,38.4756,,140.2,,341.64
17971,38.4777,,140.1,,341.62
17972,38.4797,,140,,341.6
17973,38.4819,,139.9,,341.54
17974,38.484,,139.8,,341.48
17975,38.4861,,139.7,,341.42
17976,38.4883,,139.6,,341.36
17977,38.4904,,139.5,,341.3
17978,38.4925,,139.4,,341.24
17979,38.4947,,139.3,,341.18
17980,38.4968,,139.2,,341.12
17981,38.4989,,139.1,,341.06
17982,38.501,,139,,341
17983,38.503,,139,,340.84
17984,38.505,,139,,340.68
17985,38.5069,,139,,340.52
17986,38.5089,,139,,340.36
17987,38.5109,,139,,340.2
17988,38.513,,139,,340.033
17989,38.515,,139,,339.867
17990,38.5171,,139,,339.7
17991,38.5192,,139,,339.533
17992,38.5213,,139,,339.367
17993,38.5234,,139,,339.2
17994,38.5257,,138.833,,339.033
17995,38.528,,138.667,,338.867
17996,38.5303,,138.5,,338.7
17997,38.5326,,138.333,,338.533
17998,38.5349,,138.167,,338.367
17999,38.5373,,138,,338.2
18000,38.5396,,138,,338.133
18001,38.5419,,138,,338.067
18002,38.5442,,138,,338
18003,38.5465,,138,,337.933
18004,38.5488,,138,,337.867
18005,38.5511,,138,,337.8
18006,38.5534,,138,,337.733
18007,38.5557,,138,,337.667
18008,38.558,,138,,337.6
18009,38.56,,138,,337.58
18010,38.5621,,138,,337.56
18011,38.5641,,138,,337.54
18012,38.5662,,138,,337.52
18013,38.5682,,138,,337.5
18014,38.5703,,138,,337.48
18015,38.5723,,138,,337.46
18016,38.5744,,138,,337.44
18017,38.5764,,138,,337.42
18018,38.5785,,138,,337.4
18019,38.5805,,138,,337.36
18020,38.5826,,138,,337.32
18021,38.5846,,138,,337.28
18022,38.5866,,138,,337.24
18023,38.5887,,138,,337.2
18024,38.5907,,138.1,,337.18
18025,38.5927,,138.2,,337.16
18026,38.5948,,138.3,,337.14
18027,38.5968,,138.4,,337.12
18028,38.5988,,138.5,,337.1
18029,38.6008,,138.6,,337.08
18030,38.6029,,138.7,,337.06
18031,38.6049,,138.8,,337.04
18032,38.6069,,138.9,,337.02
18033,38.609,,139,,337
18034,38.6111,,139.1,,337
18035,38.6133,,139.2,,337
18036,38.6155,,139.3,,337
18037,38.6177,,139.4,,337
18038,38.6199,,139.5,,337
18039,38.6221,,139.6,,337
18040,38.6242,,139.7,,337
18041,38.6264,,139.8,,337
18042,38.6286,,139.9,,337
18043,38.6308,,140,,337
18044,38.6329,,140,,336.98
18045,38.635,,140,,336.96
18046,38.6372,,140,,336.94
18047,38.6393,,140,,336.92
18048,38.6414,,140,,336.9
18049,38.6435,,140,,336.88
18050,38.6457,,140,,336.86
18051,38.6478,,140,,336.84
18052,38.6499,,140,,336.82
18053,38.652,,140,,336.8
18054,38.6541,,139.9,,336.76
18055,38.6561,,139.8,,336.72
18056,38.6582,,139.7,,336.68
18057,38.6602,,139.6,,336.64
18058,38.6623,,139.5,,336.6
18059,38.6643,,139.4,,336.56
18060,38.6664,,139.3,,336.52
18061,38.6684,,139.2,,336.48
18062,38.6704,,139.1,,336.44
18063,38.6725,,139,,336.4
18064,38.6741,,139,,336.333
18065,38.6758,,139,,336.267
18066,38.6775,,139,,336.2
18067,38.6792,,139,,336.167
18068,38.681,,139,,336.133
18069,38.6827,,139,,336.1
18070,38.6844,,139,,336.067
18071,38.6862,,139,,336.033
18072,38.6879,,139,,336
18073,38.6899,,139,,335.833
18074,38.692,,139,,335.667
18075,38.694,,139,,335.5
18076,38.696,,139,,335.333
18077,38.698,,139,,335.167
18078,38.7,,139,,335
18079,38.7021,,138.833,,334.833
18080,38.7043,,138.667,,334.667
18081,38.7065,,138.5,,334.5
18082,38.7086,,138.333,,334.333
18083,38.7108,,138.167,,334.167
18084,38.713,,138,,334
18085,38.7151,,138.1,,333.94
18086,38.7173,,138.2,,333.88
18087,38.7195,,138.3,,333.82
18088,38.7216,,138.4,,333.76
18089,38.7238,,138.5,,333.7
18090,38.726,,138.6,,333.64
18091,38.7281,,138.7,,333.58
18092,38.7303,,138.8,,333.52
18093,38.7325,,138.9,,333.46
18094,38.7347,,139,,333.4
18095,38.7367,,139.1,,333.42
18096,38.7387,,139.2,,333.44
18097,38.7407,,139.3,,333.46
18098,38.7427,,139.4,,333.48
18099,38.7447,,139.5,,333.5
18100,38.7467,,139.6,,333.52
18101,38.7487,,139.7,,333.54
18102,38.7508,,139.8,,333.56
18103,38.7528,,139.9,,333.58
18104,38.7548,,140,,333.6
18105,38.7571,,140.111,,333.644
18106,38.7594,,140.222,,333.689
18107,38.7617,,140.333,,333.733
18108,38.764,,140.444,,333.778
18109,38.7663,,140.556,,333.822
18110,38.7686,,140.667,,333.867
18111,38.7709,,140.778,,333.911
18112,38.7732,,140.889,,333.956
18113,38.7755,,141,,334
18114,38.7776,,141.1,,334.04
18115,38.7798,,141.2,,334.08
18116,38.7819,,141.3,,334.12
18117,38.784,,141.4,,334.16
18118,38.7862,,141.5,,334.2
18119,38.7883,,141.6,,334.24
18120,38.7905,,141.7,,334.28
18121,38.7926,,141.8,,334.32
18122,38.7947,,141.9,,334.36
18123,38.7969,,142,,334.4
18124,38.799,,142,,334.44
18125,38.8012,,142,,334.48
18126,38.8034,,142,,334.52
18127,38.8055,,142,,334.56
18128,38.8077,,142,,334.6
18129,38.8098,,142,,334.64
18130,38.812,,142,,334.68
18131,38.8141,,142,,334.72
18132,38.8163,,142,,334.76
18133,38.8185,,142,,334.8
18134,38.8205,,142,,334.78
18135,38.8226,,142,,334.76
18136,38.8246,,142,,334.74
18137,38.8266,,142,,334.72
18138,38.8287,,142,,334.7
18139,38.8307,,142,,334.68
18140,38.8328,,142,,334.66
18141,38.8348,,142,,334.64
18142,38.8369,,142,,334.62
18143,38.8389,,142,,334.6
18144,38.841,,142,,334.62
18145,38.8431,,142,,334.64
18146,38.8451,,142,,334.66
18147,38.8472,,142,,334.68
18148,38.8493,,142,,334.7
18149,38.8514,,142,,334.72
18150,38.8534,,142,,334.74
18151,38.8555,,142,,334.76
18152,38.8576,,142,,334.78
18153,38.8597,,142,,334.8
18154,38.8618,,141.75,,334.85
18155,38.864,,141.5,,334.9
18156,38.8661,,141.25,,334.95
18157,38.8683,,141,,335
18158,38.8702,,141.091,,335.073
18159,38.8722,,141.182,,335.145
18160,38.8741,,141.273,,335.218
18161,38.876,,141.364,,335.291
18162,38.878,,141.455,,335.364
18163,38.8799,,141.545,,335.436
18164,38.8819,,141.636,,335.509
18165,38.8838,,141.727,,335.582
18166,38.8857,,141.818,,335.655
18167,38.8877,,141.909,,335.727
18168,38.8896,,142,,335.8
18169,38.8913,,141.917,,335.8
18170,38.893,,141.833,,335.8
18171,38.8947,,141.75,,335.8
18172,38.8965,,141.667,,335.8
18173,38.8982,,141.583,,335.8
18174,38.8999,,141.5,,335.8
18175,38.9016,,141.417,,335.8
18176,38.9033,,141.333,,335.8
18177,38.905,,141.25,,335.8
18178,38.9067,,141.167,,335.8
18179,38.9085,,141.083,,335.8
18180,38.9102,,141,,335.8
18181,38.9122,,140.818,,335.727
18182,38.9142,,140.636,,335.655
18183,38.9162,,140.455,,335.582
18184,38.9182,,140.273,,335.509
18185,38.9202,,140.091,,335.436
18186,38.9222,,139.909,,335.364
18187,38.9242,,139.727,,335.291
18188,38.9263,,139.545,,335.218
18189,38.9283,,139.364,,335.145
18190,38.9303,,139.182,,335.073
18191,38.9323,,139,,335
18192,38.9339,,139,,334.969
18193,38.9355,,139,,334.938
18194,38.9371,,139,,334.908
18195,38.9388,,139,,334.877
18196,38.9404,,139,,334.846
18197,38.942,,139,,334.815
18198,38.9436,,139,,334.785
18199,38.9452,,139,,334.754
18200,38.9468,,139,,334.723
18201,38.9485,,139,,334.692
18202,38.9501,,139,,334.662
18203,38.9517,,139,,334.631
18204,38.9533,,139,,334.6
18205,38.9555,,139.1,,334.6
18206,38.9577,,139.2,,334.6
18207,38.9599,,139.3,,334.6
18208,38.962,,139.4,,334.6
18209,38.9642,,139.5,,334.6
18210,38.9664,,139.6,,334.6
18211,38.9686,,139.7,,334.6
18212,38.9708,,139.8,,334.6
18213,38.9729,,139.9,,334.6
18214,38.9751,,140,,334.6
18215,38.9772,,140.1,,334.6
18216,38.9794,,140.2,,334.6
18217,38.9815,,140.3,,334.6
18218,38.9837,,140.4,,334.6
18219,38.9858,,140.5,,334.6
18220,38.9879,,140.6,,334.6
18221,38.9901,,140.7,,334.6
18222,38.9922,,140.8,,334.6
18223,38.9943,,140.9,,334.6
18224,38.9965,,141,,334.6
18225,38.9984,,140,,334.6
18226,39.001,,140.125,,334.675
18227,39.0035,,140.25,,334.75
18228,39.0061,,140.375,,334.825
18229,39.0086,,140.5,,334.9
18230,39.0112,,140.625,,334.975
18231,39.0137,,140.75,,335.05
18232,39.0163,,140.875,,335.125
18233,39.0188,,141,,335.2
18234,39.021,,141,,335.2
18235,39.0232,,141,,335.2
18236,39.0253,,141,,335.2
18237,39.0275,,141,,335.2
18238,39.0297,,141,,335.2
18239,39.0319,,141,,335.2
18240,39.034,,141,,335.2
18241,39.0362,,141,,335.2
18242,39.0384,,141,,335.2
18243,39.0406,,141,,335.2
18244,39.0428,,140.889,,335.178
18245,39.0451,,140.778,,335.156
18246,39.0474,,140.667,,335.133
18247,39.0496,,140.556,,335.111
18248,39.0519,,140.444,,335.089
18249,39.0542,,140.333,,335.067
18250,39.0564,,140.222,,335.044
18251,39.0587,,140.111,,335.022
18252,39.061,,140,,335
18253,39.063,,140,,334.96
18254,39.065,,140,,334.92
18255,39.067,,140,,334.88
18256,39.069,,140,,334.84
18257,39.0711,,140,,334.8
18258,39.0731,,140,,334.76
18259,39.0751,,140,,334.72
18260,39.0771,,140,,334.68
18261,39.0791,,140,,334.64
18262,39.0811,,140,,334.6
18263,39.0834,,139.9,,334.58
18264,39.0856,,139.8,,334.56
18265,39.0878,,139.7,,334.54
18266,39.0901,,139.6,,334.52
18267,39.0923,,139.5,,334.5
18268,39.0945,,139.4,,334.48
18269,39.0967,,139.3,,334.46
18270,39.099,,139.2,,334.44
18271,39.1012,,139.1,,334.42
18272,39.1034,,139,,334.4
18273,39.1055,,139,,334.42
18274,39.1076,,139,,334.44
18275,39.1097,,139,,334.46
18276,39.1118,,139,,334.48
18277,39.1139,,139,,334.5
18278,39.116,,139,,334.52
18279,39.1181,,139,,334.54
18280,39.1202,,139,,334.56
18281,39.1223,,139,,334.58
18282,39.1244,,139,,334.6
18283,39.1265,,138.9,,334.6
18284,39.1286,,138.8,,334.6
18285,39.1307,,138.7,,334.6
18286,39.1328,,138.6,,334.6
18287,39.1349,,138.5,,334.6
18288,39.137,,138.4,,334.6
18289,39.1391,,138.3,,334.6
18290,39.1412,,138.2,,334.6
18291,39.1433,,138.1,,334.6
18292,39.1454,,138,,334.6
18293,39.1476,,138,,334.58
18294,39.1497,,138,,334.56
18295,39.1518,,138,,334.54
18296,39.1539,,138,,334.52
18297,39.1561,,138,,334.5
18298,39.1582,,138,,334.48
18299,39.1603,,138,,334.46
18300,39.1624,,138,,334.44
18301,39.1645,,138,,334.42
18302,39.1667,,138,,334.4
18303,39.1686,,138,,334.4
18304,39.1706,,138,,334.4
18305,39.1726,,138,,334.4
18306,39.1746,,138,,334.4
18307,39.1766,,138,,334.4
18308,39.1785,,138,,334.4
18309,39.1805,,138,,334.4
18310,39.1825,,138,,334.4
18311,39.1845,,138,,334.4
18312,39.1864,,138,,334.4
18313,39.1884,,138,,334.4
18314,39.1906,,138,,334.38
18315,39.1928,,138,,334.36
18316,39.195,,138,,334.34
18317,39.1972,,138,,334.32
18318,39.1994,,138,,334.3
18319,39.2016,,138,,334.28
18320,39.2038,,138,,334.26
18321,39.2059,,138,,334.24
18322,39.2081,,138,,334.22
18323,39.2103,,138,,334.2
18324,39.2126,,138,,334.2
18325,39.2148,,138,,334.2
18326,39.2171,,138,,334.2
18327,39.2193,,138,,334.2
18328,39.2216,,138,,334.2
18329,39.2238,,138,,334.2
18330,39.2261,,138,,334.2
18331,39.2283,,138,,334.2
18332,39.2305,,138,,334.2
18333,39.2328,,138,,334.2
18334,39.2348,,138,,334.1
18335,39.2368,,138,,334
18336,39.2389,,137.9,,334
18337,39.2411,,137.8,,334
18338,39.2432,,137.7,,334
18339,39.2453,,137.6,,334
18340,39.2475,,137.5,,334
18341,39.2496,,137.4,,334
18342,39.2518,,137.3,,334
18343,39.2539,,137.2,,334
18344,39.256,,137.1,,334
18345,39.2582,,137,,334
18346,39.2601,,136.818,,334.018
18347,39.2621,,136.636,,334.036
18348,39.264,,136.455,,334.055
18349,39.2659,,136.273,,334.073
18350,39.2679,,136.091,,334.091
18351,39.2698,,135.909,,334.109
18352,39.2718,,135.727,,334.127
18353,39.2737,,135.545,,334.145
18354,39.2757,,135.364,,334.164
18355,39.2776,,135.182,,334.182
18356,39.2796,,135,,334.2
18357,39.2816,,135.1,,334.2
18358,39.2837,,135.2,,334.2
18359,39.2857,,135.3,,334.2
18360,39.2877,,135.4,,334.2
18361,39.2898,,135.5,,334.2
18362,39.2918,,135.6,,334.2
18363,39.2939,,135.7,,334.2
18364,39.2959,,135.8,,334.2
18365,39.2979,,135.9,,334.2
18366,39.3,,136,,334.2
18367,39.302,,136,,334.2
18368,39.3039,,136,,334.2
18369,39.3059,,136,,334.2
18370,39.3079,,136,,334.2
18371,39.3098,,136,,334.2
18372,39.3118,,136,,334.2
18373,39.3138,,136,,334.2
18374,39.3157,,136,,334.2
18375,39.3177,,135.818,,334.218
18376,39.3197,,135.636,,334.236
18377,39.3217,,135.455,,334.255
18378,39.3237,,135.273,,334.273
18379,39.3257,,135.091,,334.291
18380,39.3277,,134.909,,334.309
18381,39.3297,,134.727,,334.327
18382,39.3317,,134.545,,334.345
18383,39.3337,,134.364,,334.364
18384,39.3357,,134.182,,334.382
18385,39.3377,,134,,334.4
18386,39.3397,,133.9,,334.4
18387,39.3418,,133.8,,334.4
18388,39.3439,,133.7,,334.4
18389,39.3459,,133.6,,334.4
18390,39.348,,133.5,,334.4
18391,39.35,,133.4,,334.4
18392,39.3521,,133.3,,334.4
18393,39.3542,,133.2,,334.4
18394,39.3562,,133.1,,334.4
18395,39.3583,,133,,334.4
18396,39.3602,,133,,334.418
18397,39.3622,,133,,334.436
18398,39.3641,,133,,334.455
18399,39.3661,,133,,334.473
18400,39.368,,133,,334.491
18401,39.37,,133,,334.509
18402,39.3719,,133,,334.527
18403,39.3739,,133,,334.545
18404,39.3758,,133,,334.564
18405,39.3778,,133,,334.582
18406,39.3798,,133,,334.6
18407,39.3818,,132.9,,334.62
18408,39.3838,,132.8,,334.64
18409,39.3859,,132.7,,334.66
18410,39.3879,,132.6,,334.68
18411,39.3899,,132.5,,334.7
18412,39.392,,132.4,,334.72
18413,39.394,,132.3,,334.74
18414,39.3961,,132.2,,334.76
18415,39.3981,,132.1,,334.78
18416,39.4001,,132,,334.8
18417,39.4022,,132.333,,334.8
18418,39.4042,,132.667,,334.8
18419,39.4062,,133,,334.8
18420,39.4083,,133.333,,334.8
18421,39.4103,,133.667,,334.8
18422,39.4124,,134,,334.8
18423,39.4144,,134.333,,334.8
18424,39.4164,,134.667,,334.8
18425,39.4185,,135,,334.8
18426,39.4205,,135,,334.8
18427,39.4224,,135,,334.8
18428,39.4244,,135,,334.8
18429,39.4264,,135,,334.8
18430,39.4284,,135,,334.8
18431,39.4305,,135,,334.8
18432,39.4325,,135,,334.8
18433,39.4345,,135,,334.8
18434,39.4365,,135,,334.8
18435,39.4386,,135,,334.8
18436,39.4406,,135,,334.8
18437,39.4426,,135.1,,334.8
18438,39.4446,,135.2,,334.8
18439,39.4466,,135.3,,334.8
18440,39.4486,,135.4,,334.8
18441,39.4507,,135.5,,334.8
18442,39.4527,,135.6,,334.8
18443,39.4547,,135.7,,334.8
18444,39.4567,,135.8,,334.8
18445,39.4587,,135.9,,334.8
18446,39.4607,,136,,334.8
18447,39.4629,,136.2,,334.76
18448,39.465,,136.4,,334.72
18449,39.4671,,136.6,,334.68
18450,39.4693,,136.8,,334.64
18451,39.4714,,137,,334.6
18452,39.4736,,137.2,,334.56
18453,39.4757,,137.4,,334.52
18454,39.4778,,137.6,,334.48
18455,39.48,,137.8,,334.44
18456,39.4821,,138,,334.4
18457,39.4842,,138.1,,334.38
18458,39.4863,,138.2,,334.36
18459,39.4884,,138.3,,334.34
18460,39.4905,,138.4,,334.32
18461,39.4926,,138.5,,334.3
18462,39.4947,,138.6,,334.28
18463,39.4968,,138.7,,334.26
18464,39.4989,,138.8,,334.24
18465,39.501,,138.9,,334.22
18466,39.5031,,139,,334.2
18467,39.5051,,139,,334.2
18468,39.5072,,139,,334.2
18469,39.5092,,139,,334.2
18470,39.5113,,139,,334.2
18471,39.5133,,139,,334.2
18472,39.5154,,139,,334.2
18473,39.5174,,139,,334.2
18474,39.5195,,139,,334.2
18475,39.5216,,139,,334.2
18476,39.5236,,139,,334.2
18477,39.5256,,139,,334.2
18478,39.5277,,139,,334.2
18479,39.5297,,139,,334.2
18480,39.5317,,139,,334.2
18481,39.5338,,139,,334.2
18482,39.5358,,139,,334.2
18483,39.5379,,139,,334.2
18484,39.5399,,139,,334.2
18485,39.5419,,139,,334.2
18486,39.544,,139,,334.2
18487,39.546,,139,,334.22
18488,39.548,,139,,334.24
18489,39.55,,139,,334.26
18490,39.552,,139,,334.28
18491,39.554,,139,,334.3
18492,39.556,,139,,334.32
18493,39.558,,139,,334.34
18494,39.56,,139,,334.36
18495,39.562,,139,,334.38
18496,39.5641,,139,,334.4
18497,39.5657,,138.7,,334.4
18498,39.5674,,138.4,,334.4
18499,39.5691,,138.1,,334.4
18500,39.5707,,137.8,,334.4
18501,39.5724,,137.5,,334.4
18502,39.574,,137.2,,334.4
18503,39.5757,,136.9,,334.4
18504,39.5774,,136.6,,334.4
18505,39.579,,136.3,,334.4
18506,39.5807,,136,,334.4
18507,39.5823,,135.923,,334.415
18508,39.584,,135.846,,334.431
18509,39.5856,,135.769,,334.446
18510,39.5873,,135.692,,334.462
18511,39.5889,,135.615,,334.477
18512,39.5906,,135.538,,334.492
18513,39.5922,,135.462,,334.508
18514,39.5939,,135.385,,334.523
18515,39.5955,,135.308,,334.538
18516,39.5972,,135.231,,334.554
18517,39.5988,,135.154,,334.569
18518,39.6005,,135.077,,334.585
18519,39.6021,,135,,334.6
18520,39.6046,,135,,334.622
18521,39.607,,135,,334.644
18522,39.6094,,135,,334.667
18523,39.6119,,135,,334.689
18524,39.6143,,135,,334.711
18525,39.6167,,135,,334.733
18526,39.6192,,135,,334.756
18527,39.6216,,135,,334.778
18528,39.624,,135,,334.8
18529,39.6261,,135.2,,334.82
18530,39.6282,,135.4,,334.84
18531,39.6303,,135.6,,334.86
18532,39.6324,,135.8,,334.88
18533,39.6345,,136,,334.9
18534,39.6366,,136.2,,334.92
18535,39.6386,,136.4,,334.94
18536,39.6407,,136.6,,334.96
18537,39.6428,,136.8,,334.98
18538,39.6449,,137,,335
18539,39.6474,,137,,335.1
18540,39.6499,,137,,335.2
18541,39.6521,,137.222,,335.2
18542,39.6543,,137.444,,335.2
18543,39.6566,,137.667,,335.2
18544,39.6588,,137.889,,335.2
18545,39.661,,138.111,,335.2
18546,39.6633,,138.333,,335.2
18547,39.6655,,138.556,,335.2
18548,39.6677,,138.778,,335.2
18549,39.67,,139,,335.2
18550,39.672,,138.8,,335.18
18551,39.6741,,138.6,,335.16
18552,39.6762,,138.4,,335.14
18553,39.6783,,138.2,,335.12
18554,39.6803,,138,,335.1
18555,39.6824,,137.8,,335.08
18556,39.6845,,137.6,,335.06
18557,39.6866,,137.4,,335.04
18558,39.6887,,137.2,,335.02
18559,39.6907,,137,,335
18560,39.6928,,136.8,,335
18561,39.6949,,136.6,,335
18562,39.697,,136.4,,335
18563,39.6991,,136.2,,335
18564,39.7012,,136,,335
18565,39.7032,,135.8,,335
18566,39.7053,,135.6,,335
18567,39.7074,,135.4,,335
18568,39.7095,,135.2,,335
18569,39.7116,,135,,335
18570,39.7136,,134.9,,334.98
18571,39.7156,,134.8,,334.96
18572,39.7176,,134.7,,334.94
18573,39.7197,,134.6,,334.92
18574,39.7217,,134.5,,334.9
18575,39.7237,,134.4,,334.88
18576,39.7257,,134.3,,334.86
18577,39.7277,,134.2,,334.84
18578,39.7297,,134.1,,334.82
18579,39.7317,,134,,334.8
18580,39.7338,,134.1,,334.76
18581,39.7359,,134.2,,334.72
18582,39.738,,134.3,,334.68
18583,39.7401,,134.4,,334.64
18584,39.7422,,134.5,,334.6
18585,39.7443,,134.6,,334.56
18586,39.7464,,134.7,,334.52
18587,39.7485,,134.8,,334.48
18588,39.7506,,134.9,,334.44
18589,39.7526,,135,,334.4
18590,39.7547,,135.1,,334.4
18591,39.7568,,135.2,,334.4
18592,39.7588,,135.3,,334.4
18593,39.7609,,135.4,,334.4
18594,39.7629,,135.5,,334.4
18595,39.765,,135.6,,334.4
18596,39.7671,,135.7,,334.4
18597,39.7691,,135.8,,334.4
18598,39.7712,,135.9,,334.4
18599,39.7732,,136,,334.4
18600,39.7751,,136,,334.4
18601,39.777,,136,,334.4
18602,39.7788,,136,,334.4
18603,39.7807,,136,,334.4
18604,39.7826,,136,,334.4
18605,39.7845,,136,,334.4
18606,39.7863,,136,,334.4
18607,39.7882,,136,,334.4
18608,39.7901,,136,,334.4
18609,39.7919,,136,,334.4
18610,39.7938,,136,,334.4
18611,39.7959,,135.9,,334.42
18612,39.798,,135.8,,334.44
18613,39.8,,135.7,,334.46
18614,39.8021,,135.6,,334.48
18615,39.8042,,135.5,,334.5
18616,39.8063,,135.4,,334.52
18617,39.8083,,135.3,,334.54
18618,39.8104,,135.2,,334.56
18619,39.8125,,135.1,,334.58
18620,39.8146,,135,,334.6
18621,39.8167,,135,,334.62
18622,39.8189,,135,,334.64
18623,39.821,,135,,334.66
18624,39.8231,,135,,334.68
18625,39.8253,,135,,334.7
18626,39.8274,,135,,334.72
18627,39.8296,,135,,334.74
18628,39.8317,,135,,334.76
18629,39.8338,,135,,334.78
18630,39.836,,135,,334.8
18631,39.838,,135.375,,334.8
18632,39.84,,135.75,,334.8
18633,39.842,,136.125,,334.8
18634,39.844,,136.5,,334.8
18635,39.846,,136.875,,334.8
18636,39.848,,137.25,,334.8
18637,39.85,,137.625,,334.8
18638,39.852,,138,,334.8
18639,39.8541,,138,,334.82
18640,39.8562,,138,,334.84
18641,39.8583,,138,,334.86
18642,39.8604,,138,,334.88
18643,39.8625,,138,,334.9
18644,39.8646,,138,,334.92
18645,39.8667,,138,,334.94
18646,39.8688,,138,,334.96
18647,39.8709,,138,,334.98
18648,39.873,,138,,335
18649,39.875,,138,,335
18650,39.877,,138,,335
18651,39.879,,138,,335
18652,39.8811,,138,,335
18653,39.8831,,138,,335
18654,39.8851,,138,,335
18655,39.8871,,138,,335
18656,39.8892,,138,,335
18657,39.8912,,138,,335
18658,39.8932,,138,,335
18659,39.8952,,137.778,,335
18660,39.8972,,137.556,,335
18661,39.8992,,137.333,,335
18662,39.9013,,137.111,,335
18663,39.9033,,136.889,,335
18664,39.9053,,136.667,,335
18665,39.9073,,136.444,,335
18666,39.9093,,136.222,,335
18667,39.9113,,136,,335
18668,39.9133,,136,,335
18669,39.9154,,136,,335
18670,39.9174,,136,,335
18671,39.9195,,136,,335
18672,39.9215,,136,,335
18673,39.9236,,136,,335
18674,39.9256,,136,,335
18675,39.9276,,136,,335
18676,39.9297,,136,,335
18677,39.9317,,136,,335
18678,39.9336,,135.909,,335
18679,39.9356,,135.818,,335
18680,39.9375,,135.727,,335
18681,39.9394,,135.636,,335
18682,39.9413,,135.545,,335
18683,39.9432,,135.455,,335
18684,39.9451,,135.364,,335
18685,39.947,,135.273,,335
18686,39.949,,135.182,,335
18687,39.9509,,135.091,,335
18688,39.9528,,135,,335
18689,39.9548,,135.1,,335
18690,39.9568,,135.2,,335
18691,39.9588,,135.3,,335
18692,39.9608,,135.4,,335
18693,39.9629,,135.5,,335
18694,39.9649,,135.6,,335
18695,39.9669,,135.7,,335
18696,39.9689,,135.8,,335
18697,39.9709,,135.9,,335
18698,39.9729,,136,,335
18699,39.9749,,136.1,,335.04
18700,39.977,,136.2,,335.08
18701,39.979,,136.3,,335.12
18702,39.981,,136.4,,335.16
18703,39.983,,136.5,,335.2
18704,39.985,,136.6,,335.24
18705,39.987,,136.7,,335.28
18706,39.989,,136.8,,335.32
18707,39.9911,,136.9,,335.36
18708,39.9931,,137,,335.4
18709,39.9951,,137,,335.4
18710,39.9972,,137,,335.4
18711,39.9992,,137,,335.4
18712,40.0012,,137.1,,335.44
18713,40.0032,,137.2,,335.48
18714,40.0052,,137.3,,335.52
18715,40.0072,,137.4,,335.56
18716,40.0092,,137.5,,335.6
18717,40.0112,,137.6,,335.64
18718,40.0132,,137.7,,335.68
18719,40.0152,,137.8,,335.72
18720,40.0172,,137.9,,335.76
18721,40.0192,,138,,335.8
18722,40.0212,,138.111,,335.844
18723,40.0232,,138.222,,335.889
18724,40.0253,,138.333,,335.933
18725,40.0273,,138.444,,335.978
18726,40.0293,,138.556,,336.022
18727,40.0313,,138.667,,336.067
18728,40.0333,,138.778,,336.111
18729,40.0353,,138.889,,336.156
18730,40.0373,,139,,336.2
18731,40.0393,,138.909,,336.218
18732,40.0413,,138.818,,336.236
18733,40.0433,,138.727,,336.255
18734,40.0452,,138.636,,336.273
18735,40.0472,,138.545,,336.291
18736,40.0492,,138.455,,336.309
18737,40.0512,,138.364,,336.327
18738,40.0531,,138.273,,336.345
18739,40.0551,,138.182,,336.364
18740,40.0571,,138.091,,336.382
18741,40.059,,138,,336.4
18742,40.0611,,138,,336.38
18743,40.0631,,138,,336.36
18744,40.0651,,138,,336.34
18745,40.0671,,138,,336.32
18746,40.0691,,138,,336.3
18747,40.0711,,138,,336.28
18748,40.0731,,138,,336.26
18749,40.0751,,138,,336.24
18750,40.0771,,138,,336.22
18751,40.0792,,138,,336.2
18752,40.081,,138.091,,336.2
18753,40.0828,,138.182,,336.2
18754,40.0846,,138.273,,336.2
18755,40.0865,,138.364,,336.2
18756,40.0883,,138.455,,336.2
18757,40.0901,,138.545,,336.2
18758,40.0919,,138.636,,336.2
18759,40.0938,,138.727,,336.2
18760,40.0956,,138.818,,336.2
18761,40.0974,,138.909,,336.2
18762,40.0992,,139,,336.2
18763,40.1011,,139.091,,336.218
18764,40.103,,139.182,,336.236
18765,40.1048,,139.273,,336.255
18766,40.1067,,139.364,,336.273
18767,40.1085,,139.455,,336.291
18768,40.1104,,139.545,,336.309
18769,40.1122,,139.636,,336.327
18770,40.1141,,139.727,,336.345
18771,40.116,,139.818,,336.364
18772,40.1178,,139.909,,336.382
18773,40.1197,,140,,336.4
18774,40.1213,,140,,336.4
18775,40.1229,,140,,336.4
18776,40.1246,,140,,336.4
18777,40.1262,,140,,336.4
18778,40.1275,,140,,336.5
18779,40.1289,,140,,336.6
18780,40.1305,,139.923,,336.631
18781,40.1321,,139.846,,336.662
18782,40.1337,,139.769,,336.692
18783,40.1354,,139.692,,336.723
18784,40.137,,139.615,,336.754
18785,40.1386,,139.538,,336.785
18786,40.1402,,139.462,,336.815
18787,40.1419,,139.385,,336.846
18788,40.1435,,139.308,,336.877
18789,40.1451,,139.231,,336.908
18790,40.1467,,139.154,,336.938
18791,40.1483,,139.077,,336.969
18792,40.15,,139,,337
18793,40.1524,,138.889,,336.956
18794,40.1549,,138.778,,336.911
18795,40.1574,,138.667,,336.867
18796,40.1598,,138.556,,336.822
18797,40.1623,,138.444,,336.778
18798,40.1648,,138.333,,336.733
18799,40.1672,,138.222,,336.689
18800,40.1697,,138.111,,336.644
18801,40.1722,,138,,336.6
18802,40.174,,137.917,,336.55
18803,40.1758,,137.833,,336.5
18804,40.1776,,137.75,,336.45
18805,40.1794,,137.667,,336.4
18806,40.1812,,137.583,,336.35
18807,40.183,,137.5,,336.3
18808,40.1848,,137.417,,336.25
18809,40.1866,,137.333,,336.2
18810,40.1885,,137.25,,336.15
18811,40.1903,,137.167,,336.1
18812,40.1921,,137.083,,336.05
18813,40.1939,,137,,336
18814,40.1959,,136.8,,335.98
18815,40.198,,136.6,,335.96
18816,40.2,,136.4,,335.94
18817,40.2021,,136.2,,335.92
18818,40.2041,,136,,335.9
18819,40.2062,,135.8,,335.88
18820,40.2082,,135.6,,335.86
18821,40.2103,,135.4,,335.84
18822,40.2123,,135.2,,335.82
18823,40.2143,,135,,335.8
18824,40.2168,,134.889,,335.822
18825,40.2193,,134.778,,335.844
18826,40.2218,,134.667,,335.867
18827,40.2243,,134.556,,335.889
18828,40.2267,,134.444,,335.911
18829,40.2292,,134.333,,335.933
18830,40.2317,,134.222,,335.956
18831,40.2342,,134.111,,335.978
18832,40.2366,,134,,336
18833,40.2391,,133.571,,335.914
18834,40.2415,,133.143,,335.829
18835,40.244,,132.714,,335.743
18836,40.2465,,132.286,,335.657
18837,40.2489,,131.857,,335.571
18838,40.2514,,131.429,,335.486
18839,40.2538,,131,,335.4
18840,40.2561,,131.333,,335.333
18841,40.2583,,131.667,,335.267
18842,40.2606,,132,,335.2
18843,40.2625,,131.909,,335.182
18844,40.2644,,131.818,,335.164
18845,40.2663,,131.727,,335.145
18846,40.2683,,131.636,,335.127
18847,40.2702,,131.545,,335.109
18848,40.2721,,131.455,,335.091
18849,40.274,,131.364,,335.073
18850,40.2759,,131.273,,335.055
18851,40.2779,,131.182,,335.036
18852,40.2798,,131.091,,335.018
18853,40.2817,,131,,335
18854,40.284,,130.889,,335
18855,40.2863,,130.778,,335
18856,40.2886,,130.667,,335
18857,40.2909,,130.556,,335
18858,40.2932,,130.444,,335
18859,40.2956,,130.333,,335
18860,40.2979,,130.222,,335
18861,40.3002,,130.111,,335
18862,40.3025,,130,,335
18863,40.3045,,130.2,,334.92
18864,40.3065,,130.4,,334.84
18865,40.3085,,130.6,,334.76
18866,40.3105,,130.8,,334.68
18867,40.3125,,131,,334.6
18868,40.3145,,131.2,,334.52
18869,40.3165,,131.4,,334.44
18870,40.3186,,131.6,,334.36
18871,40.3206,,131.8,,334.28
18872,40.3226,,132,,334.2
18873,40.3247,,132.2,,334.2
18874,40.3268,,132.4,,334.2
18875,40.329,,132.6,,334.2
18876,40.3311,,132.8,,334.2
18877,40.3332,,133,,334.2
18878,40.3353,,133.2,,334.2
18879,40.3375,,133.4,,334.2
18880,40.3396,,133.6,,334.2
18881,40.3417,,133.8,,334.2
18882,40.3439,,134,,334.2
18883,40.3459,,134.2,,334.2
18884,40.348,,134.4,,334.2
18885,40.35,,134.6,,334.2
18886,40.3521,,134.8,,334.2
18887,40.3541,,135,,334.2
18888,40.3561,,135.2,,334.2
18889,40.3582,,135.4,,334.2
18890,40.3602,,135.6,,334.2
18891,40.3623,,135.8,,334.2
18892,40.3643,,136,,334.2
18893,40.3664,,136,,334.2
18894,40.3686,,136,,334.2
18895,40.3707,,136,,334.2
18896,40.3728,,136,,334.2
18897,40.3749,,136,,334.2
18898,40.377,,136,,334.2
18899,40.3791,,136,,334.2
18900,40.3812,,136,,334.2
18901,40.3833,,136,,334.2
18902,40.3854,,136,,334.2
18903,40.3876,,136.1,,334.22
18904,40.3898,,136.2,,334.24
18905,40.3919,,136.3,,334.26
18906,40.3941,,136.4,,334.28
18907,40.3962,,136.5,,334.3
18908,40.3984,,136.6,,334.32
18909,40.4006,,136.7,,334.34
18910,40.4027,,136.8,,334.36
18911,40.4049,,136.9,,334.38
18912,40.407,,137,,334.4
18913,40.4091,,137,,334.46
18914,40.4112,,137,,334.52
18915,40.4133,,137,,334.58
18916,40.4154,,137,,334.64
18917,40.4174,,137,,334.7
18918,40.4195,,137,,334.76
18919,40.4216,,137,,334.82
18920,40.4237,,137,,334.88
18921,40.4257,,137,,334.94
18922,40.4278,,137,,335
18923,40.4298,,137,,335
18924,40.4318,,137,,335
18925,40.4338,,137,,335
18926,40.4358,,137,,335
18927,40.4378,,137,,335
18928,40.4399,,137,,335
18929,40.4419,,137,,335
18930,40.4439,,137,,335
18931,40.4459,,137,,335
18932,40.4479,,137,,335
18933,40.4499,,137,,335
18934,40.4521,,137,,334.978
18935,40.4544,,137,,334.956
18936,40.4566,,137,,334.933
18937,40.4589,,137,,334.911
18938,40.4611,,137,,334.889
18939,40.4633,,137,,334.867
18940,40.4656,,137,,334.844
18941,40.4678,,137,,334.822
18942,40.4701,,137,,334.8
18943,40.4721,,137,,334.8
18944,40.4741,,137,,334.8
18945,40.4761,,137,,334.8
18946,40.4781,,137,,334.8
18947,40.4801,,137,,334.8
18948,40.4821,,137,,334.8
18949,40.4841,,137,,334.8
18950,40.4861,,137,,334.8
18951,40.4881,,137,,334.8
18952,40.4901,,137,,334.8
18953,40.4922,,136.8,,334.76
18954,40.4942,,136.6,,334.72
18955,40.4962,,136.4,,334.68
18956,40.4982,,136.2,,334.64
18957,40.5002,,136,,334.6
18958,40.5022,,135.8,,334.56
18959,40.5042,,135.6,,334.52
18960,40.5062,,135.4,,334.48
18961,40.5082,,135.2,,334.44
18962,40.5102,,135,,334.4
18963,40.5122,,135,,334.418
18964,40.5141,,135,,334.436
18965,40.5161,,135,,334.455
18966,40.518,,135,,334.473
18967,40.52,,135,,334.491
18968,40.5219,,135,,334.509
18969,40.5238,,135,,334.527
18970,40.5258,,135,,334.545
18971,40.5277,,135,,334.564
18972,40.5297,,135,,334.582
18973,40.5316,,135,,334.6
18974,40.5336,,135,,334.6
18975,40.5355,,135,,334.6
18976,40.5375,,135,,334.6
18977,40.5394,,135,,334.6
18978,40.5414,,135,,334.6
18979,40.5433,,135,,334.6
18980,40.5453,,135,,334.6
18981,40.5472,,135,,334.6
18982,40.5491,,135,,334.6
18983,40.5511,,135,,334.6
18984,40.553,,135,,334.6
18985,40.5553,,135.111,,334.6
18986,40.5576,,135.222,,334.6
18987,40.5599,,135.333,,334.6
18988,40.5622,,135.444,,334.6
18989,40.5645,,135.556,,334.6
18990,40.5668,,135.667,,334.6
18991,40.5691,,135.778,,334.6
18992,40.5714,,135.889,,334.6
18993,40.5737,,136,,334.6
18994,40.576,,135.889,,334.622
18995,40.5782,,135.778,,334.644
18996,40.5805,,135.667,,334.667
18997,40.5827,,135.556,,334.689
18998,40.585,,135.444,,334.711
18999,40.5872,,135.333,,334.733
19000,40.5894,,135.222,,334.756
19001,40.5917,,135.111,,334.778
19002,40.5939,,135,,334.8
19003,40.596,,135.1,,334.84
19004,40.5981,,135.2,,334.88
19005,40.6002,,135.3,,334.92
19006,40.6023,,135.4,,334.96
19007,40.6044,,135.5,,335
19008,40.6065,,135.6,,335.04
19009,40.6086,,135.7,,335.08
19010,40.6107,,135.8,,335.12
19011,40.6128,,135.9,,335.16
19012,40.615,,136,,335.2
19013,40.6172,,136,,335.222
19014,40.6194,,136,,335.244
19015,40.6217,,136,,335.267
19016,40.6239,,136,,335.289
19017,40.6262,,136,,335.311
19018,40.6284,,136,,335.333
19019,40.6307,,136,,335.356
19020,40.6329,,136,,335.378
19021,40.6352,,136,,335.4
19022,40.6373,,136.1,,335.42
19023,40.6395,,136.2,,335.44
19024,40.6416,,136.3,,335.46
19025,40.6438,,136.4,,335.48
19026,40.6459,,136.5,,335.5
19027,40.648,,136.6,,335.52
19028,40.6502,,136.7,,335.54
19029,40.6523,,136.8,,335.56
19030,40.6545,,136.9,,335.58
19031,40.6566,,137,,335.6
19032,40.6588,,137,,335.6
19033,40.661,,137,,335.6
19034,40.6631,,137,,335.6
19035,40.6653,,137,,335.6
19036,40.6675,,137,,335.6
19037,40.6697,,137,,335.6
19038,40.6718,,137,,335.6
19039,40.674,,137,,335.6
19040,40.6762,,137,,335.6
19041,40.6783,,137,,335.6
19042,40.6806,,137.111,,335.6
19043,40.6829,,137.222,,335.6
19044,40.6851,,137.333,,335.6
19045,40.6874,,137.444,,335.6
19046,40.6897,,137.556,,335.6
19047,40.6919,,137.667,,335.6
19048,40.6942,,137.778,,335.6
19049,40.6964,,137.889,,335.6
19050,40.6987,,138,,335.6
19051,40.7008,,137.8,,335.6
19052,40.7029,,137.6,,335.6
19053,40.7049,,137.4,,335.6
19054,40.707,,137.2,,335.6
19055,40.7091,,137,,335.6
19056,40.7111,,136.8,,335.6
19057,40.7132,,136.6,,335.6
19058,40.7153,,136.4,,335.6
19059,40.7174,,136.2,,335.6
19060,40.7194,,136,,335.6
19061,40.7214,,135.818,,335.6
19062,40.7234,,135.636,,335.6
19063,40.7254,,135.455,,335.6
19064,40.7273,,135.273,,335.6
19065,40.7293,,135.091,,335.6
19066,40.7313,,134.909,,335.6
19067,40.7333,,134.727,,335.6
19068,40.7352,,134.545,,335.6
19069,40.7372,,134.364,,335.6
19070,40.7392,,134.182,,335.6
19071,40.7411,,134,,335.6
19072,40.7434,,133.8,,335.6
19073,40.7456,,133.6,,335.6
19074,40.7478,,133.4,,335.6
19075,40.75,,133.2,,335.6
19076,40.7522,,133,,335.6
19077,40.7544,,132.8,,335.6
19078,40.7566,,132.6,,335.6
19079,40.7588,,132.4,,335.6
19080,40.7611,,132.2,,335.6
19081,40.7633,,132,,335.6
19082,40.7654,,132,,335.58
19083,40.7675,,132,,335.56
19084,40.7695,,132,,335.54
19085,40.7716,,132,,335.52
19086,40.7737,,132,,335.5
19087,40.7758,,132,,335.48
19088,40.7779,,132,,335.46
19089,40.78,,132,,335.44
19090,40.7821,,132,,335.42
19091,40.7842,,132,,335.4
19092,40.7862,,132,,335.38
19093,40.7882,,132,,335.36
19094,40.7902,,132,,335.34
19095,40.7923,,132,,335.32
19096,40.7943,,132,,335.3
19097,40.7963,,132,,335.28
19098,40.7983,,132,,335.26
19099,40.8003,,132,,335.24
19100,40.8023,,132,,335.22
19101,40.8044,,132,,335.2
19102,40.8066,,132,,335.178
19103,40.8088,,132,,335.156
19104,40.811,,132,,335.133
19105,40.8133,,132,,335.111
19106,40.8155,,132,,335.089
19107,40.8177,,132,,335.067
19108,40.82,,132,,335.044
19109,40.8222,,132,,335.022
19110,40.8244,,132,,335
19111,40.8263,,132.091,,334.982
19112,40.8282,,132.182,,334.964
19113,40.8301,,132.273,,334.945
19114,40.832,,132.364,,334.927
19115,40.8339,,132.455,,334.909
19116,40.8358,,132.545,,334.891
19117,40.8377,,132.636,,334.873
19118,40.8396,,132.727,,334.855
19119,40.8415,,132.818,,334.836
19120,40.8434,,132.909,,334.818
19121,40.8453,,133,,334.8
19122,40.847,,133.167,,334.817
19123,40.8487,,133.333,,334.833
19124,40.8504,,133.5,,334.85
19125,40.852,,133.667,,334.867
19126,40.8537,,133.833,,334.883
19127,40.8554,,134,,334.9
19128,40.8571,,134.167,,334.917
19129,40.8587,,134.333,,334.933
19130,40.8604,,134.5,,334.95
19131,40.8621,,134.667,,334.967
19132,40.8638,,134.833,,334.983
19133,40.8654,,135,,335
19134,40.8675,,135.1,,334.98
19135,40.8696,,135.2,,334.96
19136,40.8716,,135.3,,334.94
19137,40.8737,,135.4,,334.92
19138,40.8758,,135.5,,334.9
19139,40.8778,,135.6,,334.88
19140,40.8799,,135.7,,334.86
19141,40.882,,135.8,,334.84
19142,40.884,,135.9,,334.82
19143,40.8861,,136,,334.8
19144,40.8882,,136,,334.82
19145,40.8902,,136,,334.84
19146,40.8923,,136,,334.86
19147,40.8944,,136,,334.88
19148,40.8965,,136,,334.9
19149,40.8985,,136,,334.92
19150,40.9006,,136,,334.94
19151,40.9027,,136,,334.96
19152,40.9047,,136,,334.98
19153,40.9068,,136,,335
19154,40.9089,,135.9,,335
19155,40.9109,,135.8,,335
19156,40.913,,135.7,,335
19157,40.9151,,135.6,,335
19158,40.9172,,135.5,,335
19159,40.9192,,135.4,,335
19160,40.9213,,135.3,,335
19161,40.9234,,135.2,,335
19162,40.9255,,135.1,,335
19163,40.9275,,135,,335
19164,40.9296,,135.1,,335
19165,40.9316,,135.2,,335
19166,40.9337,,135.3,,335
19167,40.9357,,135.4,,335
19168,40.9378,,135.5,,335
19169,40.9398,,135.6,,335
19170,40.9418,,135.7,,335
19171,40.9439,,135.8,,335
19172,40.9459,,135.9,,335
19173,40.948,,136,,335
19174,40.9499,,136,,334.982
19175,40.9517,,136,,334.964
19176,40.9536,,136,,334.945
19177,40.9555,,136,,334.927
19178,40.9574,,136,,334.909
19179,40.9593,,136,,334.891
19180,40.9612,,136,,334.873
19181,40.9631,,136,,334.855
19182,40.9649,,136,,334.836
19183,40.9668,,136,,334.818
19184,40.9687,,136,,334.8
19185,40.9708,,135.9,,334.82
19186,40.9728,,135.8,,334.84
19187,40.9748,,135.7,,334.86
19188,40.9769,,135.6,,334.88
19189,40.9789,,135.5,,334.9
19190,40.981,,135.4,,334.92
19191,40.983,,135.3,,334.94
19192,40.985,,135.2,,334.96
19193,40.9871,,135.1,,334.98
19194,40.9891,,135,,335
19195,40.9913,,135,,335
19196,40.9935,,135,,335
19197,40.9957,,135,,335
19198,40.9979,,135,,335
19199,40.9998,,134.818,,334.982
19200,41.0016,,134.636,,334.964
19201,41.0035,,134.455,,334.945
19202,41.0053,,134.273,,334.927
19203,41.0072,,134.091,,334.909
19204,41.009,,133.909,,334.891
19205,41.0109,,133.727,,334.873
19206,41.0127,,133.545,,334.855
19207,41.0146,,133.364,,334.836
19208,41.0164,,133.182,,334.818
19209,41.0183,,133,,334.8
19210,41.0202,,132.818,,334.764
19211,41.0221,,132.636,,334.727
19212,41.024,,132.455,,334.691
19213,41.0259,,132.273,,334.655
19214,41.0278,,132.091,,334.618
19215,41.0297,,131.909,,334.582
19216,41.0316,,131.727,,334.545
19217,41.0335,,131.545,,334.509
19218,41.0354,,131.364,,334.473
19219,41.0373,,131.182,,334.436
19220,41.0392,,131,,334.4
19221,41.041,,130.917,,334.417
19222,41.0428,,130.833,,334.433
19223,41.0446,,130.75,,334.45
19224,41.0464,,130.667,,334.467
19225,41.0482,,130.583,,334.483
19226,41.05,,130.5,,334.5
19227,41.0517,,130.417,,334.517
19228,41.0535,,130.333,,334.533
19229,41.0553,,130.25,,334.55
19230,41.0571,,130.167,,334.567
19231,41.0589,,130.083,,334.583
19232,41.0607,,130,,334.6
19233,41.0627,,130,,334.618
19234,41.0648,,130,,334.636
19235,41.0668,,130,,334.655
19236,41.0688,,130,,334.673
19237,41.0708,,130,,334.691
19238,41.0729,,130,,334.709
19239,41.0749,,130,,334.727
19240,41.0769,,130,,334.745
19241,41.0789,,130,,334.764
19242,41.081,,130,,334.782
19243,41.083,,130,,334.8
19244,41.0854,,130,,334.778
19245,41.0877,,130,,334.756
19246,41.0901,,130,,334.733
19247,41.0924,,130,,334.711
19248,41.0948,,130,,334.689
19249,41.0972,,130,,334.667
19250,41.0995,,130,,334.644
19251,41.1019,,130,,334.622
19252,41.1042,,130,,334.6
19253,41.1064,,130.1,,334.6
19254,41.1086,,130.2,,334.6
19255,41.1108,,130.3,,334.6
19256,41.113,,130.4,,334.6
19257,41.1151,,130.5,,334.6
19258,41.1173,,130.6,,334.6
19259,41.1195,,130.7,,334.6
19260,41.1217,,130.8,,334.6
19261,41.1239,,130.9,,334.6
19262,41.126,,131,,334.6
19263,41.1282,,131.1,,334.6
19264,41.1303,,131.2,,334.6
19265,41.1324,,131.3,,334.6
19266,41.1345,,131.4,,334.6
19267,41.1367,,131.5,,334.6
19268,41.1388,,131.6,,334.6
19269,41.1409,,131.7,,334.6
19270,41.143,,131.8,,334.6
19271,41.1452,,131.9,,334.6
19272,41.1473,,132,,334.6
19273,41.1494,,132.1,,334.6
19274,41.1515,,132.2,,334.6
19275,41.1537,,132.3,,334.6
19276,41.1558,,132.4,,334.6
19277,41.1579,,132.5,,334.6
19278,41.16,,132.6,,334.6
19279,41.1622,,132.7,,334.6
19280,41.1643,,132.8,,334.6
19281,41.1664,,132.9,,334.6
19282,41.1685,,133,,334.6
19283,41.1704,,133.182,,334.636
19284,41.1722,,133.364,,334.673
19285,41.1741,,133.545,,334.709
19286,41.176,,133.727,,334.745
19287,41.1778,,133.909,,334.782
19288,41.1797,,134.091,,334.818
19289,41.1816,,134.273,,334.855
19290,41.1834,,134.455,,334.891
19291,41.1853,,134.636,,334.927
19292,41.1872,,134.818,,334.964
19293,41.189,,135,,335
19294,41.1912,,134.9,,335.02
19295,41.1934,,134.8,,335.04
19296,41.1955,,134.7,,335.06
19297,41.1977,,134.6,,335.08
19298,41.1999,,134.5,,335.1
19299,41.2021,,134.4,,335.12
19300,41.2042,,134.3,,335.14
19301,41.2064,,134.2,,335.16
19302,41.2086,,134.1,,335.18
19303,41.2108,,134,,335.2
19304,41.213,,134,,335.2
19305,41.2153,,134,,335.2
19306,41.2175,,134,,335.2
19307,41.2198,,134,,335.2
19308,41.222,,134,,335.2
19309,41.2242,,134,,335.2
19310,41.2265,,134,,335.2
19311,41.2287,,134,,335.2
19312,41.231,,134,,335.2
19313,41.2332,,134.222,,335.2
19314,41.2355,,134.444,,335.2
19315,41.2378,,134.667,,335.2
19316,41.2401,,134.889,,335.2
19317,41.2423,,135.111,,335.2
19318,41.2446,,135.333,,335.2
19319,41.2469,,135.556,,335.2
19320,41.2491,,135.778,,335.2
19321,41.2514,,136,,335.2
19322,41.2535,,136.2,,335.22
19323,41.2557,,136.4,,335.24
19324,41.2579,,136.6,,335.26
19325,41.26,,136.8,,335.28
19326,41.2622,,137,,335.3
19327,41.2643,,137.2,,335.32
19328,41.2665,,137.4,,335.34
19329,41.2686,,137.6,,335.36
19330,41.2708,,137.8,,335.38
19331,41.273,,138,,335.4
19332,41.275,,137.9,,335.42
19333,41.277,,137.8,,335.44
19334,41.279,,137.7,,335.46
19335,41.281,,137.6,,335.48
19336,41.283,,137.5,,335.5
19337,41.2851,,137.4,,335.52
19338,41.2871,,137.3,,335.54
19339,41.2891,,137.2,,335.56
19340,41.2911,,137.1,,335.58
19341,41.2931,,137,,335.6
19342,41.2952,,136.667,,335.6
19343,41.2973,,136.333,,335.6
19344,41.2994,,136,,335.6
19345,41.3015,,135.667,,335.6
19346,41.3036,,135.333,,335.6
19347,41.3057,,135,,335.6
19348,41.3078,,134.667,,335.6
19349,41.3099,,134.333,,335.6
19350,41.312,,134,,335.6
19351,41.3141,,133.9,,335.6
19352,41.3161,,133.8,,335.6
19353,41.3181,,133.7,,335.6
19354,41.3201,,133.6,,335.6
19355,41.3221,,133.5,,335.6
19356,41.3242,,133.4,,335.6
19357,41.3262,,133.3,,335.6
19358,41.3282,,133.2,,335.6
19359,41.3302,,133.1,,335.6
19360,41.3322,,133,,335.6
19361,41.3344,,133.1,,335.58
19362,41.3365,,133.2,,335.56
19363,41.3386,,133.3,,335.54
19364,41.3408,,133.4,,335.52
19365,41.3429,,133.5,,335.5
19366,41.3451,,133.6,,335.48
19367,41.3472,,133.7,,335.46
19368,41.3494,,133.8,,335.44
19369,41.3515,,133.9,,335.42
19370,41.3536,,134,,335.4
19371,41.3557,,134,,335.42
19372,41.3578,,134,,335.44
19373,41.3598,,134,,335.46
19374,41.3619,,134,,335.48
19375,41.3639,,134,,335.5
19376,41.366,,134,,335.52
19377,41.368,,134,,335.54
19378,41.3701,,134,,335.56
19379,41.3721,,134,,335.58
19380,41.3742,,134,,335.6
19381,41.3762,,134,,335.618
19382,41.3781,,134,,335.636
19383,41.3801,,134,,335.655
19384,41.3821,,134,,335.673
19385,41.3841,,134,,335.691
19386,41.386,,134,,335.709
19387,41.388,,134,,335.727
19388,41.39,,134,,335.745
19389,41.3919,,134,,335.764
19390,41.3939,,134,,335.782
19391,41.3959,,134,,335.8
19392,41.3979,,134.1,,335.82
19393,41.4,,134.2,,335.84
19394,41.402,,134.3,,335.86
19395,41.404,,134.4,,335.88
19396,41.4061,,134.5,,335.9
19397,41.4081,,134.6,,335.92
19398,41.4101,,134.7,,335.94
19399,41.4122,,134.8,,335.96
19400,41.4142,,134.9,,335.98
19401,41.4162,,135,,336
19402,41.4182,,135,,336.029
19403,41.4202,,135,,336.057
19404,41.4221,,135,,336.086
19405,41.4241,,135,,336.114
19406,41.426,,135,,336.143
19407,41.428,,135,,336.171
19408,41.43,,135,,336.2
19409,41.4318,,135.167,,336.283
19410,41.4336,,135.333,,336.367
19411,41.4353,,135.5,,336.45
19412,41.4371,,135.667,,336.533
19413,41.4389,,135.833,,336.617
19414,41.4407,,136,,336.7
19415,41.4425,,136.167,,336.783
19416,41.4443,,136.333,,336.867
19417,41.4461,,136.5,,336.95
19418,41.4479,,136.667,,337.033
19419,41.4496,,136.833,,337.117
19420,41.4514,,137,,337.2
19421,41.4533,,137,,337.2
19422,41.4553,,137.182,,337.273
19423,41.4573,,137.364,,337.345
19424,41.4593,,137.545,,337.418
19425,41.4613,,137.727,,337.491
19426,41.4633,,137.909,,337.564
19427,41.4653,,138.091,,337.636
19428,41.4673,,138.273,,337.709
19429,41.4692,,138.455,,337.782
19430,41.4712,,138.636,,337.855
19431,41.4732,,138.818,,337.927
19432,41.4752,,139,,338
19433,41.4773,,138.9,,337.96
19434,41.4794,,138.8,,337.92
19435,41.4815,,138.7,,337.88
19436,41.4836,,138.6,,337.84
19437,41.4857,,138.5,,337.8
19438,41.4877,,138.4,,337.76
19439,41.4898,,138.3,,337.72
19440,41.4919,,138.2,,337.68
19441,41.494,,138.1,,337.64
19442,41.4961,,138,,337.6
19443,41.4981,,137.857,,337.371
19444,41.5001,,137.714,,337.143
19445,41.5021,,137.571,,336.914
19446,41.5041,,137.429,,336.686
19447,41.5061,,137.286,,336.457
19448,41.5081,,137.143,,336.229
19449,41.5101,,137,,336
19450,41.5125,,136.889,,335.911
19451,41.515,,136.778,,335.822
19452,41.5174,,136.667,,335.733
19453,41.5198,,136.556,,335.644
19454,41.5223,,136.444,,335.556
19455,41.5247,,136.333,,335.467
19456,41.5271,,136.222,,335.378
19457,41.5296,,136.111,,335.289
19458,41.532,,136,,335.2
19459,41.5344,,136,,335.15
19460,41.5367,,136,,335.1
19461,41.539,,136,,335.05
19462,41.5414,,136,,335
19463,41.5434,,135.9,,334.92
19464,41.5455,,135.8,,334.84
19465,41.5475,,135.7,,334.76
19466,41.5495,,135.6,,334.68
19467,41.5515,,135.5,,334.6
19468,41.5536,,135.4,,334.52
19469,41.5556,,135.3,,334.44
19470,41.5576,,135.2,,334.36
19471,41.5597,,135.1,,334.28
19472,41.5617,,135,,334.2
19473,41.5639,,135,,334.15
19474,41.566,,135,,334.1
19475,41.5682,,135,,334.05
19476,41.5703,,135,,334
19477,41.5727,,135,,333.978
19478,41.5752,,135,,333.956
19479,41.5776,,135,,333.933
19480,41.58,,135,,333.911
19481,41.5825,,135,,333.889
19482,41.5849,,135,,333.867
19483,41.5873,,135,,333.844
19484,41.5898,,135,,333.822
19485,41.5922,,135,,333.8
19486,41.5941,,135.091,,333.782
19487,41.596,,135.182,,333.764
19488,41.5979,,135.273,,333.745
19489,41.5999,,135.364,,333.727
19490,41.6018,,135.455,,333.709
19491,41.6037,,135.545,,333.691
19492,41.6056,,135.636,,333.673
19493,41.6075,,135.727,,333.655
19494,41.6095,,135.818,,333.636
19495,41.6114,,135.909,,333.618
19496,41.6133,,136,,333.6
19497,41.6154,,136,,333.58
19498,41.6175,,136,,333.56
19499,41.6195,,136,,333.54
19500,41.6216,,136,,333.52
19501,41.6237,,136,,333.5
19502,41.6258,,136,,333.48
19503,41.6279,,136,,333.46
19504,41.63,,136,,333.44
19505,41.6321,,136,,333.42
19506,41.6341,,136,,333.4
19507,41.6362,,136,,333.42
19508,41.6382,,136,,333.44
19509,41.6402,,136,,333.46
19510,41.6423,,136,,333.48
19511,41.6443,,136,,333.5
19512,41.6463,,136,,333.52
19513,41.6483,,136,,333.54
19514,41.6504,,136,,333.56
19515,41.6524,,136,,333.58
19516,41.6544,,136,,333.6
19517,41.6566,,136,,333.62
19518,41.6589,,136,,333.64
19519,41.6611,,136,,333.66
19520,41.6633,,136,,333.68
19521,41.6655,,136,,333.7
19522,41.6677,,136,,333.72
19523,41.6699,,136,,333.74
19524,41.6721,,136,,333.76
19525,41.6743,,136,,333.78
19526,41.6765,,136,,333.8
19527,41.6786,,136,,333.82
19528,41.6806,,136,,333.84
19529,41.6827,,136,,333.86
19530,41.6847,,136,,333.88
19531,41.6868,,136,,333.9
19532,41.6888,,136,,333.92
19533,41.6909,,136,,333.94
19534,41.6929,,136,,333.96
19535,41.695,,136,,333.98
19536,41.697,,136,,334
19537,41.6993,,136.222,,334
19538,41.7016,,136.444,,334
19539,41.7039,,136.667,,334
19540,41.7061,,136.889,,334
19541,41.7084,,137.111,,334
19542,41.7107,,137.333,,334
19543,41.713,,137.556,,334
19544,41.7153,,137.778,,334
19545,41.7175,,138,,334
19546,41.7198,,138.111,,334.022
19547,41.7221,,138.222,,334.044
19548,41.7244,,138.333,,334.067
19549,41.7267,,138.444,,334.089
19550,41.729,,138.556,,334.111
19551,41.7313,,138.667,,334.133
19552,41.7336,,138.778,,334.156
19553,41.7358,,138.889,,334.178
19554,41.7381,,139,,334.2
19555,41.7403,,138.9,,334.22
19556,41.7424,,138.8,,334.24
19557,41.7445,,138.7,,334.26
19558,41.7467,,138.6,,334.28
19559,41.7488,,138.5,,334.3
19560,41.751,,138.4,,334.32
19561,41.7531,,138.3,,334.34
19562,41.7552,,138.2,,334.36
19563,41.7574,,138.1,,334.38
19564,41.7595,,138,,334.4
19565,41.7614,,138,,334.4
19566,41.7633,,138,,334.4
19567,41.7652,,138,,334.4
19568,41.767,,138,,334.4
19569,41.7689,,138,,334.4
19570,41.7708,,138,,334.4
19571,41.7727,,138,,334.4
19572,41.7746,,138,,334.4
19573,41.7764,,138,,334.4
19574,41.7783,,138,,334.4
19575,41.7802,,138,,334.4
19576,41.7822,,137.9,,334.4
19577,41.7843,,137.8,,334.4
19578,41.7863,,137.7,,334.4
19579,41.7884,,137.6,,334.4
19580,41.7904,,137.5,,334.4
19581,41.7925,,137.4,,334.4
19582,41.7945,,137.3,,334.4
19583,41.7966,,137.2,,334.4
19584,41.7986,,137.1,,334.4
19585,41.8007,,137,,334.4
19586,41.8029,,137,,334.4
19587,41.8051,,137,,334.4
19588,41.8073,,137,,334.4
19589,41.8095,,137,,334.4
19590,41.8117,,137,,334.4
19591,41.8139,,137,,334.4
19592,41.8161,,137,,334.4
19593,41.8183,,137,,334.4
19594,41.8205,,137,,334.4
19595,41.8227,,137,,334.4
19596,41.8248,,137.2,,334.38
19597,41.827,,137.4,,334.36
19598,41.8291,,137.6,,334.34
19599,41.8312,,137.8,,334.32
19600,41.8334,,138,,334.3
19601,41.8355,,138.2,,334.28
19602,41.8376,,138.4,,334.26
19603,41.8398,,138.6,,334.24
19604,41.8419,,138.8,,334.22
19605,41.844,,139,,334.2
19606,41.8461,,139,,334.2
19607,41.8482,,139,,334.2
19608,41.8502,,139,,334.2
19609,41.8523,,139,,334.2
19610,41.8543,,139,,334.2
19611,41.8564,,139,,334.2
19612,41.8584,,139,,334.2
19613,41.8605,,139,,334.2
19614,41.8626,,139,,334.2
19615,41.8646,,139,,334.2
19616,41.8668,,138.9,,334.22
19617,41.8689,,138.8,,334.24
19618,41.8711,,138.7,,334.26
19619,41.8732,,138.6,,334.28
19620,41.8754,,138.5,,334.3
19621,41.8775,,138.4,,334.32
19622,41.8797,,138.3,,334.34
19623,41.8819,,138.2,,334.36
19624,41.884,,138.1,,334.38
19625,41.8862,,138,,334.4
19626,41.8882,,138.2,,334.42
19627,41.8903,,138.4,,334.44
19628,41.8923,,138.6,,334.46
19629,41.8944,,138.8,,334.48
19630,41.8964,,139,,334.5
19631,41.8985,,139.2,,334.52
19632,41.9005,,139.4,,334.54
19633,41.9026,,139.6,,334.56
19634,41.9046,,139.8,,334.58
19635,41.9067,,140,,334.6
19636,41.9086,,139.909,,334.618
19637,41.9105,,139.818,,334.636
19638,41.9124,,139.727,,334.655
19639,41.9143,,139.636,,334.673
19640,41.9162,,139.545,,334.691
19641,41.9181,,139.455,,334.709
19642,41.92,,139.364,,334.727
19643,41.9219,,139.273,,334.745
19644,41.9238,,139.182,,334.764
19645,41.9257,,139.091,,334.782
19646,41.9276,,139,,334.8
19647,41.9299,,138.875,,334.825
19648,41.9322,,138.75,,334.85
19649,41.9345,,138.625,,334.875
19650,41.9368,,138.5,,334.9
19651,41.9392,,138.375,,334.925
19652,41.9415,,138.25,,334.95
19653,41.9438,,138.125,,334.975
19654,41.9461,,138,,335
19655,41.9483,,138.1,,335.06
19656,41.9505,,138.2,,335.12
19657,41.9527,,138.3,,335.18
19658,41.9548,,138.4,,335.24
19659,41.957,,138.5,,335.3
19660,41.9592,,138.6,,335.36
19661,41.9614,,138.7,,335.42
19662,41.9636,,138.8,,335.48
19663,41.9657,,138.9,,335.54
19664,41.9679,,139,,335.6
19665,41.9699,,139.222,,335.644
19666,41.972,,139.444,,335.689
19667,41.974,,139.667,,335.733
19668,41.976,,139.889,,335.778
19669,41.978,,140.111,,335.822
19670,41.98,,140.333,,335.867
19671,41.982,,140.556,,335.911
19672,41.984,,140.778,,335.956
19673,41.986,,141,,336
19674,41.9879,,141,,336.029
19675,41.9899,,141,,336.057
19676,41.9918,,141,,336.086
19677,41.9937,,141,,336.114
19678,41.9956,,141,,336.143
19679,41.9975,,141,,336.171
19680,41.9994,,141,,336.2
19681,42.0014,,141,,336.28
19682,42.0035,,141,,336.36
19683,42.0055,,141,,336.44
19684,42.0076,,141,,336.52
19685,42.0096,,141,,336.6
19686,42.0117,,141,,336.68
19687,42.0137,,141,,336.76
19688,42.0158,,141,,336.84
19689,42.0178,,141,,336.92
19690,42.0198,,141,,337
19691,42.0218,,141,,337
19692,42.0236,,141.143,,337.171
19693,42.0255,,141.286,,337.343
19694,42.0273,,141.429,,337.514
19695,42.0292,,141.571,,337.686
19696,42.0311,,141.714,,337.857
19697,42.0329,,141.857,,338.029
19698,42.0348,,142,,338.2
19699,42.0368,,142.222,,338.311
19700,42.0389,,142.444,,338.422
19701,42.0409,,142.667,,338.533
19702,42.043,,142.889,,338.644
19703,42.045,,143.111,,338.756
19704,42.0471,,143.333,,338.867
19705,42.0491,,143.556,,338.978
19706,42.0512,,143.778,,339.089
19707,42.0532,,144,,339.2
19708,42.0551,,144,,339.343
19709,42.057,,144,,339.486
19710,42.0589,,144,,339.629
19711,42.0608,,144,,339.771
19712,42.0627,,144,,339.914
19713,42.0645,,144,,340.057
19714,42.0664,,144,,340.2
19715,42.0683,,144.429,,340.343
19716,42.0701,,144.857,,340.486
19717,42.0719,,145.286,,340.629
19718,42.0738,,145.714,,340.771
19719,42.0756,,146.143,,340.914
19720,42.0775,,146.571,,341.057
19721,42.0793,,147,,341.2
19722,42.0812,,147,,341.343
19723,42.0831,,147,,341.486
19724,42.0851,,147,,341.629
19725,42.087,,147,,341.771
19726,42.0889,,147,,341.914
19727,42.0909,,147,,342.057
19728,42.0928,,147,,342.2
19729,42.0948,,147.25,,342.35
19730,42.0968,,147.5,,342.5
19731,42.0988,,147.75,,342.65
19732,42.1008,,148,,342.8
19733,42.1028,,148.25,,342.95
19734,42.1048,,148.5,,343.1
19735,42.1069,,148.75,,343.25
19736,42.1089,,149,,343.4
19737,42.111,,149.1,,343.42
19738,42.1131,,149.2,,343.44
19739,42.1152,,149.3,,343.46
19740,42.1174,,149.4,,343.48
19741,42.1195,,149.5,,343.5
19742,42.1216,,149.6,,343.52
19743,42.1237,,149.7,,343.54
19744,42.1259,,149.8,,343.56
19745,42.128,,149.9,,343.58
19746,42.1301,,150,,343.6
19747,42.1322,,149.667,,343.511
19748,42.1343,,149.333,,343.422
19749,42.1363,,149,,343.333
19750,42.1384,,148.667,,343.244
19751,42.1405,,148.333,,343.156
19752,42.1426,,148,,343.067
19753,42.1446,,147.667,,342.978
19754,42.1467,,147.333,,342.889
19755,42.1488,,147,,342.8
19756,42.151,,146.833,,342.733
19757,42.1533,,146.667,,342.667
19758,42.1555,,146.5,,342.6
19759,42.1578,,146.333,,342.533
19760,42.16,,146.167,,342.467
19761,42.1623,,146,,342.4
19762,42.1645,,145.8,,342.08
19763,42.1667,,145.6,,341.76
19764,42.1689,,145.4,,341.44
19765,42.1711,,145.2,,341.12
19766,42.1733,,145,,340.8
19767,42.1753,,144.6,,340.6
19768,42.1774,,144.2,,340.4
19769,42.1794,,143.8,,340.2
19770,42.1814,,143.4,,340
19771,42.1835,,143,,339.8
19772,42.1856,,142.8,,339.74
19773,42.1878,,142.6,,339.68
19774,42.1899,,142.4,,339.62
19775,42.192,,142.2,,339.56
19776,42.1942,,142,,339.5
19777,42.1963,,141.8,,339.44
19778,42.1984,,141.6,,339.38
19779,42.2006,,141.4,,339.32
19780,42.2027,,141.2,,339.26
19781,42.2049,,141,,339.2
19782,42.2071,,140.889,,339.222
19783,42.2093,,140.778,,339.244
19784,42.2116,,140.667,,339.267
19785,42.2138,,140.556,,339.289
19786,42.216,,140.444,,339.311
19787,42.2183,,140.333,,339.333
19788,42.2205,,140.222,,339.356
19789,42.2228,,140.111,,339.378
19790,42.225,,140,,339.4
19791,42.2272,,140,,339.4
19792,42.2293,,140,,339.4
19793,42.2315,,140,,339.4
