secs,km,power,hr,cad,alt
0,0,,75,,84
1,0.00302,,75,,84.2
2,0.00629,,75,,84.2
3,0.01031,,76,,84.2
4,0.01386,,77,,84.2
5,0.01842,,78,,85.6
6,0.02255,,80,,85.2
7,0.02641,,82,,84.4
8,0.03102,,84,,84.2
9,0.03618,,87,,84.4
10,0.04097,,88,,84.2
11,0.04568,,90,,83.6
12,0.05036,,91,,83.4
13,0.05476,,94,,83.4
14,0.05869,,94,,83.4
15,0.06389,,96,,82.6
16,0.06886,,97,,82.4
17,0.07346,,97,,82.4
18,0.07787,,107,,82
19,0.08205,,107,,81.8
20,0.08647,,107,,81.8
21,0.09122,,107,,81.6
22,0.09512,,106,,81.4
23,0.09896,,106,,81.2
24,0.10288,,106,,80.8
25,0.10711,,106,,80.6
26,0.11089,,106,,80.6
27,0.11494,,106,,80.6
28,0.11881,,113,,80.6
29,0.12254,,120,,80.8
30,0.12665,,120,,80.6
31,0.13072,,119,,80.4
32,0.13401,,119,,80.2
33,0.13812,,117,,80.2
34,0.14218,,117,,79.8
35,0.14615,,115,,79.4
36,0.15046,,115,,79.2
37,0.15425,,115,,79
38,0.15804,,114,,78.6
39,0.16212,,114,,78.4
40,0.16607,,114,,78.4
41,0.17019,,114,,78
42,0.17423,,114,,77.8
43,0.1778,,114,,77.6
44,0.18064,,114,,77.4
45,0.18607,,115,,77.4
46,0.18974,,115,,77.2
47,0.1939,,116,,77.2
48,0.19775,,116,,77.2
49,0.20122,,116,,77
50,0.20497,,116,,76.8
51,0.20911,,116,,76.8
52,0.21266,,117,,76.8
53,0.21651,,117,,76.6
54,0.2205,,117,,76.6
55,0.225,,118,,76.4
56,0.22897,,118,,76.2
57,0.23322,,118,,75.8
58,0.23705,,119,,76
59,0.24085,,119,,75.8
60,0.24465,,119,,75.6
61,0.2487,,120,,75.4
62,0.25199,,120,,75.4
63,0.25549,,121,,75.4
64,0.25867,,121,,75.4
65,0.26165,,121,,75
66,0.26493,,121,,74.8
67,0.26904,,121,,74.6
68,0.27234,,121,,74.4
69,0.27625,,121,,74.2
70,0.28025,,122,,74.2
71,0.28288,,122,,74.2
72,0.28626,,122,,74
73,0.28912,,121,,74
74,0.29226,,121,,74.2
75,0.29595,,120,,74
76,0.2997,,120,,74
77,0.3034,,120,,74.2
78,0.30692,,120,,74.2
79,0.31007,,119,,74
80,0.3136,,115,,74.2
81,0.31723,,115,,74.2
82,0.32075,,112,,74
83,0.32415,,112,,74
84,0.32722,,112,,74.2
85,0.33083,,112,,74.2
86,0.33459,,112,,74
87,0.33852,,113,,74.2
88,0.34192,,114,,74.2
89,0.34559,,115,,74
90,0.34887,,116,,74.2
91,0.35221,,118,,74.4
92,0.35574,,120,,74.2
93,0.35961,,121,,74.4
94,0.36331,,121,,74.6
95,0.36692,,121,,74.6
96,0.37008,,123,,74.6
97,0.37357,,124,,74.8
98,0.37625,,125,,74.8
99,0.38008,,127,,75
100,0.38396,,128,,75
101,0.38702,,129,,75
102,0.39037,,130,,75.4
103,0.39383,,131,,75.6
104,0.3966,,132,,75.8
105,0.4006,,133,,75.8
106,0.40408,,133,,76
107,0.40755,,133,,76.4
108,0.41054,,134,,76.8
109,0.41387,,134,,76.8
110,0.41706,,134,,77.2
111,0.42004,,134,,77.4
112,0.42294,,133,,77.6
113,0.42664,,133,,77.6
114,0.42997,,133,,77.8
115,0.43361,,133,,77.8
116,0.43696,,133,,77.8
117,0.44076,,132,,77.8
118,0.44476,,132,,77.6
119,0.44879,,132,,77.6
120,0.45219,,132,,77.4
121,0.45602,,132,,77.2
122,0.45926,,132,,77.2
123,0.46333,,132,,77
124,0.46655,,133,,76.8
125,0.46984,,133,,76.6
126,0.47293,,133,,76.6
127,0.47641,,133,,76.4
128,0.47979,,132,,76.4
129,0.48343,,132,,76.2
130,0.48677,,132,,76.2
131,0.49026,,132,,76.2
132,0.49346,,132,,76.2
133,0.49675,,132,,76.2
134,0.49987,,133,,76
135,0.50397,,132,,75.8
136,0.50734,,132,,75.8
137,0.51133,,131,,75.8
138,0.51423,,131,,75.6
139,0.51691,,131,,75.6
140,0.51985,,131,,75.6
141,0.52319,,131,,75.6
142,0.52747,,131,,75.6
143,0.531,,131,,75.6
144,0.53498,,131,,75.6
145,0.53959,,131,,75.6
146,0.54306,,131,,75.6
147,0.54699,,131,,75.6
148,0.55107,,131,,75.8
149,0.55473,,131,,76
150,0.55885,,131,,76
151,0.56249,,131,,76
152,0.56551,,131,,76
153,0.56868,,131,,76
154,0.57282,,131,,75.8
155,0.57671,,131,,76
156,0.58032,,131,,76
157,0.58463,,132,,76
158,0.58805,,132,,76.2
159,0.59168,,132,,76.4
160,0.59547,,132,,76.2
161,0.59782,,132,,76.4
162,0.60281,,132,,76.4
163,0.60637,,133,,76.2
164,0.61023,,133,,76.4
165,0.61395,,133,,76.6
166,0.61724,,133,,76.8
167,0.62087,,133,,76.8
168,0.62431,,133,,77
169,0.62763,,133,,77.2
170,0.63066,,133,,77.4
171,0.6339,,133,,77.6
172,0.63731,,133,,77.8
173,0.6411,,133,,78
174,0.64404,,134,,78.4
175,0.64758,,134,,78.4
176,0.65045,,134,,78.4
177,0.65418,,134,,78.4
178,0.65807,,135,,78.6
179,0.66117,,135,,78.6
180,0.66505,,134,,78.6
181,0.66837,,134,,78.8
182,0.67197,,135,,79
183,0.67545,,134,,78.8
184,0.67856,,135,,79
185,0.68212,,135,,79.2
186,0.68545,,135,,79
187,0.68897,,135,,79
188,0.6925,,135,,79.2
189,0.69619,,136,,79
190,0.70004,,136,,79
191,0.70382,,136,,79
192,0.70677,,136,,79.2
193,0.70994,,135,,79.2
194,0.7122,,136,,79
195,0.71625,,136,,79.2
196,0.72008,,135,,79.2
197,0.72342,,135,,79
198,0.72624,,135,,79.2
199,0.72986,,134,,79.2
200,0.73358,,134,,79
201,0.73748,,133,,79
202,0.74114,,133,,78.8
203,0.74407,,133,,78.8
204,0.74767,,132,,78.6
205,0.75172,,132,,78.4
206,0.75516,,133,,78.2
207,0.75929,,133,,78.2
208,0.76336,,133,,78
209,0.76711,,132,,77.8
210,0.77165,,132,,77.8
211,0.77592,,131,,77.6
212,0.7802,,131,,77.4
213,0.78466,,131,,77.2
214,0.79007,,131,,77.2
215,0.79619,,132,,77
216,0.80031,,131,,76.8
217,0.80417,,131,,76.6
218,0.80775,,131,,76.4
219,0.81185,,131,,76.4
220,0.81606,,131,,76
221,0.8199,,131,,75.8
222,0.82407,,131,,75.6
223,0.82779,,131,,75.6
224,0.83146,,132,,75.2
225,0.83643,,131,,75
226,0.84004,,131,,74.6
227,0.84369,,131,,74.4
228,0.84728,,130,,74
229,0.85105,,130,,73.8
230,0.85433,,130,,73.6
231,0.85788,,130,,73.2
232,0.86042,,129,,73
233,0.86359,,128,,72.6
234,0.86776,,128,,72.2
235,0.87234,,128,,72
236,0.87577,,127,,71.8
237,0.87947,,127,,71.4
238,0.88263,,127,,71.4
239,0.88539,,128,,71.2
240,0.88911,,128,,70.8
241,0.89287,,128,,70.4
242,0.89635,,128,,70.2
243,0.89993,,128,,70.2
244,0.90362,,128,,70
245,0.90762,,128,,70
246,0.9114,,128,,70
247,0.91516,,127,,70
248,0.91891,,126,,70.2
249,0.92275,,127,,70.2
250,0.92748,,127,,70
251,0.93138,,126,,70.2
252,0.93496,,126,,70.2
253,0.93847,,126,,70
254,0.94169,,126,,70.2
255,0.94648,,126,,70.2
256,0.95077,,129,,70
257,0.95513,,129,,70
258,0.95938,,128,,70.2
259,0.96363,,128,,70.2
260,0.96785,,128,,70.4
261,0.97207,,128,,70.8
262,0.976,,128,,71
263,0.97984,,129,,71.2
264,0.98404,,129,,71
265,0.98811,,129,,70.8
266,0.99185,,129,,70.6
267,0.99599,,129,,70.6
268,0.99962,,130,,70.6
269,1.00346,,130,,71
270,1.00738,,130,,71.4
271,1.01141,,130,,71.6
272,1.0152,,131,,71.8
273,1.01753,,131,,71.6
274,1.02167,,132,,71.6
275,1.02539,,132,,71.6
276,1.02906,,133,,71.2
277,1.03285,,133,,70.8
278,1.03616,,134,,70.6
279,1.04024,,133,,70.2
280,1.04443,,133,,70
281,1.04834,,133,,70.2
282,1.05224,,134,,70.2
283,1.05593,,134,,70
284,1.05907,,134,,70.2
285,1.06355,,133,,70.4
286,1.06719,,134,,70.4
287,1.07036,,134,,70.4
288,1.07384,,134,,70.4
289,1.07701,,134,,70.4
290,1.08047,,135,,70.2
291,1.0845,,135,,70
292,1.08809,,135,,70.2
293,1.09156,,135,,70.2
294,1.09531,,135,,70.2
295,1.09916,,135,,70.2
296,1.10247,,135,,70.2
297,1.1065,,136,,70.2
298,1.10971,,136,,70.2
299,1.11301,,136,,70.2
300,1.11664,,136,,70
301,1.1199,,136,,70
302,1.12347,,136,,70
303,1.12725,,136,,70
304,1.13066,,136,,70
305,1.13459,,136,,69.8
306,1.13794,,136,,70
307,1.14143,,136,,70
308,1.14479,,136,,70
309,1.14849,,136,,69.8
310,1.15215,,136,,69.8
311,1.15554,,136,,69.8
312,1.15895,,138,,69.8
313,1.16199,,138,,69.6
314,1.16451,,140,,69.6
315,1.16928,,140,,69.4
316,1.17347,,139,,69.4
317,1.17645,,139,,69.4
318,1.17968,,139,,69.2
319,1.18324,,139,,69.2
320,1.18675,,139,,69.2
321,1.19063,,138,,69
322,1.1941,,138,,69
323,1.19707,,138,,69
324,1.20014,,138,,69
325,1.2038,,137,,68.8
326,1.20729,,137,,68.8
327,1.21075,,137,,68.6
328,1.21476,,136,,68.6
329,1.21848,,136,,68.6
330,1.22224,,135,,68.4
331,1.22577,,135,,68.4
332,1.22924,,134,,68.4
333,1.23314,,134,,68.4
334,1.23672,,134,,68.4
335,1.24037,,134,,68.6
336,1.24429,,133,,68.6
337,1.24814,,133,,68.4
338,1.25146,,133,,68.4
339,1.25475,,134,,68.2
340,1.2586,,133,,68.4
341,1.26192,,133,,68.2
342,1.26496,,133,,68.2
343,1.26815,,133,,68
344,1.27124,,133,,67.8
345,1.27574,,133,,67.6
346,1.27916,,133,,67.6
347,1.28196,,136,,67.6
348,1.28556,,135,,67.4
349,1.28893,,134,,67.4
350,1.2918,,134,,67.4
351,1.29569,,134,,67.4
352,1.29985,,134,,67.4
353,1.30316,,139,,67.2
354,1.30668,,139,,67.2
355,1.31019,,139,,67.2
356,1.31326,,139,,67
357,1.31749,,139,,66.8
358,1.32094,,138,,67
359,1.3236,,138,,67
360,1.32724,,138,,67
361,1.33009,,137,,67.2
362,1.33337,,137,,67.4
363,1.3373,,137,,67.2
364,1.34056,,137,,67.2
365,1.34416,,137,,67.4
366,1.34698,,137,,67.4
367,1.34918,,135,,67.4
368,1.35204,,135,,67.8
369,1.35585,,135,,68
370,1.35965,,135,,67.8
371,1.36309,,135,,68
372,1.36571,,135,,68.2
373,1.36911,,134,,68.2
374,1.37222,,134,,68.2
375,1.37494,,133,,68.2
376,1.37849,,133,,68.4
377,1.38186,,132,,68.6
378,1.38487,,131,,68.6
379,1.388,,130,,68.8
380,1.39114,,130,,68.8
381,1.3943,,129,,68.8
382,1.39788,,129,,68.8
383,1.40115,,127,,69
384,1.40477,,127,,69
385,1.40876,,127,,69
386,1.41249,,124,,69.2
387,1.41642,,123,,69.2
388,1.42011,,123,,69.2
389,1.42336,,121,,69.4
390,1.42705,,121,,69.4
391,1.43065,,120,,69.6
392,1.43391,,120,,69.6
393,1.43776,,120,,69.6
394,1.44121,,121,,69.6
395,1.44471,,122,,69.8
396,1.44813,,122,,69.8
397,1.45184,,122,,69.8
398,1.45494,,124,,69.8
399,1.45821,,126,,70
400,1.46124,,127,,70
401,1.46447,,130,,70.2
402,1.46784,,132,,70.2
403,1.47066,,133,,70.2
404,1.47332,,136,,70.4
405,1.47749,,137,,70.4
406,1.48081,,138,,70.6
407,1.48415,,140,,70.6
408,1.4872,,140,,70.8
409,1.49052,,141,,71
410,1.49423,,142,,71
411,1.49785,,142,,71.2
412,1.50132,,142,,71.4
413,1.50515,,142,,71.2
414,1.50769,,142,,71.4
415,1.51105,,143,,71.6
416,1.51427,,143,,71.6
417,1.51724,,143,,71.8
418,1.52037,,143,,72
419,1.52358,,144,,72.2
420,1.52689,,144,,72
421,1.53023,,144,,72.2
422,1.53281,,144,,72.2
423,1.53578,,144,,72.4
424,1.53901,,144,,72.2
425,1.54157,,144,,72.6
426,1.54491,,144,,72.6
427,1.548,,143,,72.8
428,1.55113,,143,,73
429,1.55426,,143,,73
430,1.55793,,142,,73.2
431,1.56075,,142,,73.2
432,1.56357,,142,,73.4
433,1.56666,,141,,73.4
434,1.56942,,142,,73.6
435,1.57307,,141,,73.6
436,1.57635,,141,,73.8
437,1.5795,,141,,74
438,1.58287,,141,,74
439,1.58609,,140,,74.2
440,1.58915,,140,,74.6
441,1.59245,,140,,74.6
442,1.59565,,140,,74.6
443,1.59877,,140,,74.8
444,1.6022,,139,,75
445,1.60544,,139,,75
446,1.6084,,139,,75.2
447,1.61198,,139,,75.4
448,1.61486,,139,,75.4
449,1.6178,,139,,75.4
450,1.62168,,139,,75.4
451,1.62444,,139,,75.6
452,1.62744,,139,,75.8
453,1.63091,,140,,76
454,1.63402,,140,,76.2
455,1.637,,140,,76.4
456,1.64038,,140,,76.4
457,1.64369,,140,,76.4
458,1.64675,,140,,76.4
459,1.65039,,140,,76.6
460,1.65358,,140,,76.6
461,1.65687,,140,,76.8
462,1.6601,,141,,77
463,1.66291,,141,,77
464,1.66554,,140,,77
465,1.66888,,141,,77
466,1.67168,,141,,77.2
467,1.67489,,141,,77.2
468,1.67779,,141,,77.4
469,1.68073,,141,,77.4
470,1.68384,,141,,77.4
471,1.68627,,141,,77.6
472,1.68909,,141,,77.8
473,1.69236,,142,,77.8
474,1.69555,,142,,77.8
475,1.69936,,142,,78
476,1.70236,,142,,78
477,1.70554,,142,,78
478,1.70841,,142,,78
479,1.71123,,141,,78.2
480,1.71441,,141,,78.2
481,1.71747,,141,,78.2
482,1.72041,,141,,78.4
483,1.7236,,141,,78.6
484,1.72689,,141,,78.6
485,1.73048,,140,,78.8
486,1.73329,,140,,79
487,1.73629,,140,,79
488,1.73854,,140,,79.2
489,1.74155,,140,,79.2
490,1.74504,,140,,79.2
491,1.74788,,140,,79.4
492,1.75056,,140,,79.6
493,1.75347,,140,,80
494,1.75638,,140,,80.2
495,1.75976,,140,,80.4
496,1.76266,,141,,80.6
497,1.76542,,141,,80.6
498,1.76857,,141,,80.6
499,1.77147,,141,,80.8
500,1.77434,,141,,81
501,1.77768,,141,,81.2
502,1.78068,,141,,81.4
503,1.78394,,141,,81.4
504,1.78689,,141,,81.4
505,1.79006,,141,,81.6
506,1.79311,,141,,81.6
507,1.79639,,141,,81.8
508,1.79893,,141,,81.8
509,1.80198,,141,,82
510,1.80493,,141,,82.2
511,1.80773,,141,,82.2
512,1.81044,,141,,82.4
513,1.81335,,141,,82.6
514,1.81607,,141,,82.6
515,1.81927,,141,,82.8
516,1.82226,,142,,82.8
517,1.82512,,142,,83.2
518,1.82764,,142,,83.2
519,1.83049,,142,,83.2
520,1.83385,,142,,83.4
521,1.83628,,142,,83.6
522,1.83849,,142,,83.8
523,1.84093,,142,,83.8
524,1.84295,,142,,84
525,1.84595,,142,,84.2
526,1.84885,,142,,84.4
527,1.8516,,142,,84.4
528,1.85471,,141,,84.8
529,1.8572,,142,,85.2
530,1.85966,,141,,85.4
531,1.86263,,141,,85.8
532,1.86505,,142,,86.2
533,1.86793,,142,,86.4
534,1.87075,,142,,86.8
535,1.87395,,142,,87
536,1.87713,,142,,87
537,1.88015,,143,,87.2
538,1.8826,,143,,87.4
539,1.88577,,142,,87.6
540,1.88843,,143,,87.8
541,1.89159,,142,,88
542,1.89373,,142,,88.4
543,1.89612,,143,,88.6
544,1.89815,,142,,88.8
545,1.90107,,143,,88.8
546,1.90395,,143,,89.2
547,1.90674,,143,,89.4
548,1.90959,,143,,89.4
549,1.91238,,143,,89.8
550,1.91525,,143,,90
551,1.91814,,143,,90.2
552,1.92129,,144,,90.6
553,1.92399,,144,,90.8
554,1.92612,,144,,90.8
555,1.92951,,144,,91
556,1.93262,,144,,91.4
557,1.93552,,144,,91.4
558,1.93874,,144,,91.6
559,1.94163,,145,,91.8
560,1.9445,,144,,92.2
561,1.94751,,145,,92.4
562,1.95004,,145,,92.6
563,1.95344,,145,,92.8
564,1.95658,,145,,93.2
565,1.9598,,145,,93.4
566,1.9623,,145,,93.6
567,1.9645,,145,,94.2
568,1.96716,,145,,94.4
569,1.97005,,145,,94.8
570,1.97273,,146,,94.8
571,1.97565,,146,,95
572,1.97821,,146,,95.4
573,1.98105,,146,,95.6
574,1.98412,,146,,95.6
575,1.98726,,146,,96
576,1.99021,,146,,96.2
577,1.99349,,146,,96.4
578,1.99612,,146,,96.6
579,1.99901,,146,,96.6
580,2.00198,,145,,97
581,2.00396,,145,,97.2
582,2.00645,,145,,97
583,2.00932,,145,,97.4
584,2.01138,,145,,97.4
585,2.01435,,145,,97.6
586,2.01703,,145,,97.8
587,2.01997,,144,,97.8
588,2.02244,,144,,98
589,2.02491,,145,,98
590,2.02766,,144,,98.2
591,2.03093,,144,,98.2
592,2.0339,,145,,98.4
593,2.03696,,145,,98.6
594,2.0401,,144,,98.6
595,2.04341,,145,,98.6
596,2.04637,,145,,98.8
597,2.05016,,145,,98.8
598,2.05315,,145,,99
599,2.05596,,145,,99
600,2.05938,,146,,99
601,2.06231,,145,,99.2
602,2.06522,,145,,99.2
603,2.06856,,145,,99.2
604,2.07149,,145,,99.4
605,2.07485,,144,,99.4
606,2.07734,,144,,99.4
607,2.08017,,144,,99.4
608,2.08265,,143,,99.4
609,2.08523,,143,,99.6
610,2.08769,,142,,99.8
611,2.09045,,142,,100
612,2.09292,,142,,100
613,2.09491,,141,,100
614,2.09717,,141,,100.2
615,2.09987,,141,,100.2
616,2.10241,,141,,100
617,2.10516,,140,,100
618,2.10677,,140,,100
619,2.10929,,140,,100.2
620,2.11191,,139,,100.2
621,2.11486,,139,,100.2
622,2.11788,,139,,100.2
623,2.12133,,138,,100
624,2.12395,,137,,100
625,2.12696,,137,,99.8
626,2.13,,136,,99.8
627,2.13335,,136,,99.8
628,2.13506,,135,,99.8
629,2.13794,,135,,99.8
630,2.14146,,134,,99.6
631,2.14464,,134,,99.6
632,2.14764,,134,,99.6
633,2.15084,,134,,99.4
634,2.15372,,134,,99.4
635,2.15734,,133,,99.2
636,2.16094,,134,,99.2
637,2.16436,,133,,99.2
638,2.16766,,133,,99
639,2.17098,,133,,98.8
640,2.17487,,133,,98.6
641,2.17846,,132,,98.4
642,2.18182,,132,,98.4
643,2.1851,,131,,98
644,2.18836,,130,,98
645,2.19272,,130,,97.8
646,2.19609,,129,,97.6
647,2.19959,,129,,97.6
648,2.20287,,128,,97.4
649,2.20651,,128,,97.2
650,2.21009,,127,,97.2
651,2.21417,,127,,96.8
652,2.21789,,127,,96.6
653,2.22085,,127,,96.4
654,2.2243,,126,,96.4
655,2.22801,,125,,96.2
656,2.23113,,125,,96.2
657,2.23451,,125,,96
658,2.23826,,124,,95.8
659,2.24124,,124,,95.6
660,2.24467,,124,,95.2
661,2.24772,,124,,94.8
662,2.25037,,124,,94.4
663,2.25413,,124,,94.2
664,2.25747,,124,,94
665,2.2615,,123,,93.8
666,2.26522,,124,,93.4
667,2.26929,,124,,93.2
668,2.27303,,124,,92.8
669,2.27763,,124,,92.4
670,2.28155,,123,,92
671,2.28581,,123,,91.6
672,2.2897,,123,,91.2
673,2.29299,,122,,90.8
674,2.29676,,122,,90.6
675,2.30172,,122,,90.4
676,2.3054,,122,,90.4
677,2.30916,,122,,90.2
678,2.31233,,122,,89.8
679,2.31553,,122,,89.6
680,2.31955,,122,,89.4
681,2.32272,,121,,89
682,2.32629,,122,,88.8
683,2.33036,,121,,88.4
684,2.33427,,121,,88.2
685,2.33834,,121,,88
686,2.34197,,121,,87.6
687,2.34545,,121,,87.2
688,2.34897,,121,,87
689,2.35285,,121,,86.6
690,2.35642,,121,,86.2
691,2.36038,,120,,86
692,2.36428,,120,,85.6
693,2.36823,,120,,85.4
694,2.37185,,120,,85.2
695,2.37674,,120,,84.8
696,2.3807,,120,,84.6
697,2.38427,,120,,84.4
698,2.38765,,120,,84.4
699,2.39167,,121,,84.4
700,2.39574,,121,,84
701,2.40099,,122,,83.8
702,2.40504,,122,,83.6
703,2.40827,,122,,83.4
704,2.41152,,123,,83
705,2.41581,,123,,82.8
706,2.41938,,123,,82.6
707,2.42309,,124,,82.4
708,2.42698,,124,,82.2
709,2.43031,,125,,82.2
710,2.43388,,125,,81.8
711,2.43654,,126,,81.6
712,2.4394,,126,,81.6
713,2.44284,,127,,81.4
714,2.44674,,127,,81.2
715,2.45164,,127,,81
716,2.45553,,127,,80.8
717,2.45964,,127,,80.6
718,2.46309,,126,,80.4
719,2.46683,,126,,80.2
720,2.4709,,125,,80.2
721,2.47446,,125,,80.2
722,2.47838,,125,,80
723,2.48256,,125,,80
724,2.48596,,125,,80
725,2.49005,,125,,79.8
726,2.49419,,125,,79.6
727,2.49776,,125,,79.6
728,2.50138,,125,,79.4
729,2.50518,,125,,79.2
730,2.50882,,125,,79
731,2.51268,,125,,79
732,2.51649,,125,,79
733,2.51984,,125,,79
734,2.52294,,125,,79
735,2.52712,,125,,79
736,2.5304,,125,,79
737,2.53432,,124,,78.8
738,2.538,,124,,79
739,2.54126,,125,,78.8
740,2.54505,,125,,78.8
741,2.54899,,125,,78.8
742,2.55241,,125,,78.6
743,2.55615,,125,,78.6
744,2.5596,,125,,78.6
745,2.56349,,125,,78.4
746,2.56692,,125,,78.4
747,2.57057,,125,,78.4
748,2.57475,,124,,78.4
749,2.57864,,125,,78.4
750,2.58262,,125,,78.4
751,2.58645,,125,,78.4
752,2.5901,,125,,78.4
753,2.59377,,125,,78.4
754,2.59726,,125,,78.4
755,2.60138,,124,,78.6
756,2.60492,,125,,78.6
757,2.60852,,125,,78.6
758,2.61208,,125,,78.6
759,2.61559,,126,,78.6
760,2.61958,,126,,78.6
761,2.62351,,126,,78.6
762,2.6269,,126,,78.6
763,2.63051,,127,,78.6
764,2.63378,,127,,78.6
765,2.63774,,128,,78.6
766,2.64135,,128,,78.8
767,2.64507,,129,,78.8
768,2.64846,,129,,78.8
769,2.65175,,130,,78.8
770,2.65535,,130,,78.8
771,2.65886,,131,,78.8
772,2.66256,,131,,78.8
773,2.66607,,132,,79
774,2.66947,,132,,79
775,2.6734,,133,,79
776,2.67716,,133,,79.2
777,2.68022,,133,,79.2
778,2.68377,,134,,79.2
779,2.68724,,134,,79.2
780,2.69087,,134,,79.2
781,2.69458,,134,,79.4
782,2.69795,,134,,79.2
783,2.70167,,135,,79.4
784,2.70525,,134,,79.2
785,2.70876,,135,,79.2
786,2.71202,,135,,79.2
787,2.71561,,135,,79.4
788,2.71752,,134,,79.2
789,2.72091,,134,,79.2
790,2.7243,,134,,79.2
791,2.72776,,134,,79.2
792,2.73163,,134,,79
793,2.73501,,134,,79.2
794,2.73759,,134,,79.2
795,2.74146,,133,,79.2
796,2.74449,,134,,79.2
797,2.74733,,134,,79.2
798,2.75083,,134,,79.2
799,2.75369,,134,,79.2
800,2.75658,,134,,79.2
801,2.75939,,134,,79.2
802,2.76262,,134,,79.2
803,2.76559,,134,,79.4
804,2.76855,,134,,79.4
805,2.7715,,135,,79.4
806,2.7744,,135,,79.6
807,2.77757,,135,,79.8
808,2.78042,,135,,79.8
809,2.78322,,136,,80
810,2.78627,,135,,80.2
811,2.78929,,136,,80.2
812,2.79232,,136,,80.4
813,2.79555,,137,,80.6
814,2.79831,,137,,80.8
815,2.8016,,137,,81
816,2.8047,,137,,81.2
817,2.80833,,137,,81.2
818,2.8106,,138,,81.4
819,2.8137,,138,,81.6
820,2.81611,,138,,81.6
821,2.81879,,139,,81.8
822,2.82177,,139,,82
823,2.82479,,139,,82.2
824,2.82748,,140,,82.2
825,2.83109,,141,,82.4
826,2.83393,,141,,82.6
827,2.83694,,141,,82.6
828,2.83982,,142,,82.8
829,2.84267,,142,,83
830,2.84576,,142,,83
831,2.84954,,143,,83
832,2.85301,,143,,83.2
833,2.85647,,143,,83.4
834,2.85922,,143,,83.4
835,2.86256,,143,,83.6
836,2.86541,,143,,83.8
837,2.86867,,143,,84
838,2.87177,,144,,84
839,2.87462,,144,,84.2
840,2.87796,,144,,84.4
841,2.88115,,144,,84.6
842,2.88403,,144,,84.6
843,2.88735,,145,,84.8
844,2.89013,,145,,85
845,2.89375,,145,,85.2
846,2.8971,,144,,85.4
847,2.90103,,145,,85.6
848,2.90383,,144,,85.8
849,2.90717,,144,,86
850,2.9111,,144,,86.2
851,2.9142,,144,,86.2
852,2.91744,,143,,86.4
853,2.92049,,144,,86.6
854,2.92319,,143,,86.8
855,2.92707,,143,,87
856,2.93006,,143,,87.2
857,2.9331,,143,,87.2
858,2.93611,,143,,87.4
859,2.93895,,143,,87.4
860,2.94196,,142,,87.6
861,2.94557,,142,,87.8
862,2.94886,,142,,87.8
863,2.95186,,142,,88
864,2.95432,,142,,88.2
865,2.95758,,142,,88.4
866,2.96033,,142,,88.4
867,2.9636,,142,,88.4
868,2.96657,,142,,88.6
869,2.96991,,142,,88.8
870,2.97368,,142,,89
871,2.97726,,142,,89
872,2.9802,,142,,89.2
873,2.98386,,142,,89.2
874,2.98711,,142,,89.2
875,2.99074,,142,,89.4
876,2.99378,,142,,89.4
877,2.99734,,142,,89.6
878,2.99986,,142,,89.8
879,3.0035,,142,,89.8
880,3.00686,,142,,90
881,3.00999,,141,,90.2
882,3.01344,,141,,90.4
883,3.01666,,142,,90.6
884,3.01958,,141,,90.6
885,3.0236,,141,,90.6
886,3.02685,,141,,90.8
887,3.03012,,141,,91
888,3.03318,,141,,91
889,3.03627,,141,,91
890,3.03951,,141,,91.2
891,3.04326,,141,,91.4
892,3.04675,,140,,91.6
893,3.05014,,141,,91.6
894,3.05277,,140,,91.6
895,3.05622,,140,,91.8
896,3.05922,,141,,92
897,3.0629,,140,,92.2
898,3.06595,,141,,92.2
899,3.06931,,141,,92.4
900,3.07286,,140,,92.6
901,3.07646,,140,,93
902,3.07953,,141,,93
903,3.083,,140,,93.2
904,3.08593,,141,,93.2
905,3.08881,,140,,93.2
906,3.09156,,140,,93.2
907,3.09458,,140,,93.2
908,3.09707,,140,,93.4
909,3.10027,,141,,93.4
910,3.10382,,140,,93.6
911,3.10689,,141,,93.8
912,3.11035,,141,,93.8
913,3.11366,,141,,94
914,3.11636,,141,,94
915,3.12053,,141,,94
916,3.12363,,141,,94.2
917,3.12682,,141,,94.2
918,3.12988,,141,,94.2
919,3.13328,,141,,94.4
920,3.13634,,141,,94.4
921,3.14,,141,,94.6
922,3.14322,,141,,94.8
923,3.14634,,142,,94.8
924,3.14918,,141,,95
925,3.15278,,141,,95.2
926,3.15565,,142,,95
927,3.15921,,142,,95
928,3.16195,,141,,95
929,3.16534,,142,,95
930,3.16901,,141,,95.2
931,3.17222,,141,,95
932,3.17532,,141,,95
933,3.17861,,141,,95
934,3.18161,,140,,95.2
935,3.18543,,140,,95.2
936,3.18862,,140,,95.2
937,3.19186,,140,,95.2
938,3.19465,,140,,95.2
939,3.19803,,139,,95.2
940,3.20186,,139,,95.4
941,3.2052,,138,,95.4
942,3.20846,,137,,95.2
943,3.21178,,137,,95.4
944,3.21544,,137,,95.4
945,3.21862,,137,,95.4
946,3.22142,,136,,95.4
947,3.22547,,137,,95.4
948,3.22862,,136,,95.4
949,3.23185,,136,,95.6
950,3.23539,,136,,95.4
951,3.23904,,135,,95.2
952,3.24231,,135,,95.4
953,3.24511,,135,,95.4
954,3.24802,,135,,95.4
955,3.25201,,135,,95.4
956,3.25513,,135,,95.4
957,3.25902,,135,,95.6
958,3.26214,,135,,95.6
959,3.26538,,135,,95.6
960,3.26894,,135,,95.6
961,3.27221,,136,,95.6
962,3.27494,,136,,95.6
963,3.2778,,135,,95.4
964,3.28124,,136,,95.6
965,3.28478,,136,,95.6
966,3.28825,,136,,95.6
967,3.29185,,136,,95.6
968,3.29456,,136,,95.6
969,3.29829,,136,,95.6
970,3.3014,,136,,95.6
971,3.30457,,137,,95.6
972,3.30808,,137,,95.6
973,3.31074,,137,,95.6
974,3.31321,,137,,95.6
975,3.317,,137,,95.6
976,3.32023,,137,,95.6
977,3.32343,,137,,95.8
978,3.32677,,137,,95.8
979,3.32977,,136,,95.8
980,3.33344,,136,,95.8
981,3.33704,,136,,96
982,3.33976,,135,,96
983,3.34317,,135,,96
984,3.34609,,135,,96
985,3.34986,,135,,96
986,3.35272,,134,,96
987,3.35642,,135,,96
988,3.35949,,134,,96.2
989,3.36256,,134,,96.2
990,3.36619,,135,,96.2
991,3.36958,,135,,96.2
992,3.37277,,134,,96.4
993,3.37646,,135,,96.2
994,3.37944,,134,,96.2
995,3.38339,,133,,96.4
996,3.38644,,132,,96.4
997,3.38996,,131,,96.4
998,3.39264,,128,,96.4
999,3.39565,,126,,96.6
1000,3.39952,,125,,96.4
1001,3.403,,122,,96.4
1002,3.4064,,120,,96.4
1003,3.41001,,117,,96.4
1004,3.41288,,116,,96.4
1005,3.41688,,115,,96.4
1006,3.4207,,114,,96.2
1007,3.42425,,112,,96.2
1008,3.42781,,112,,96
1009,3.43121,,113,,95.8
1010,3.43491,,114,,95.6
1011,3.43882,,117,,95.6
1012,3.44265,,119,,95.4
1013,3.4461,,121,,95.2
1014,3.44972,,122,,94.8
1015,3.45379,,123,,94.4
1016,3.45727,,125,,94.2
1017,3.46084,,128,,93.8
1018,3.46453,,130,,93.4
1019,3.46804,,130,,93
1020,3.47161,,131,,92.8
1021,3.47523,,132,,92.4
1022,3.47868,,133,,92.2
1023,3.48228,,134,,92.2
1024,3.48561,,134,,92
1025,3.48966,,135,,91.6
1026,3.49337,,135,,91.4
1027,3.49744,,135,,91
1028,3.50058,,136,,90.8
1029,3.50473,,136,,90.4
1030,3.50929,,136,,90
1031,3.51308,,136,,89.8
1032,3.51671,,135,,89.4
1033,3.52005,,135,,89
1034,3.52352,,135,,88.8
1035,3.52764,,135,,88.4
1036,3.53142,,135,,88
1037,3.53514,,135,,87.6
1038,3.53847,,134,,87.6
1039,3.54194,,133,,87.2
1040,3.54564,,133,,87
1041,3.54864,,133,,86.6
1042,3.5525,,133,,86
1043,3.55586,,132,,85.6
1044,3.559,,132,,85.4
1045,3.5632,,132,,85
1046,3.56596,,131,,84.8
1047,3.56933,,131,,84.8
1048,3.57244,,131,,84.4
1049,3.5752,,130,,84.2
1050,3.57838,,130,,84.2
1051,3.58236,,131,,83.8
1052,3.58558,,130,,83.8
1053,3.58833,,129,,83.6
1054,3.59135,,129,,83.4
1055,3.59499,,128,,83.4
1056,3.59836,,128,,83.2
1057,3.6021,,128,,83.2
1058,3.60546,,128,,83.2
1059,3.60875,,128,,83
1060,3.61278,,128,,82.8
1061,3.61636,,127,,82.6
1062,3.62014,,127,,82.4
1063,3.62355,,127,,82.4
1064,3.62676,,127,,82.2
1065,3.62947,,127,,82.4
1066,3.6329,,127,,82.4
1067,3.63595,,127,,82.4
1068,3.63964,,127,,82.2
1069,3.64304,,127,,82
1070,3.64686,,127,,82
1071,3.65006,,128,,81.6
1072,3.65276,,128,,81.8
1073,3.65621,,128,,81.8
1074,3.65999,,128,,81.8
1075,3.6643,,127,,81.8
1076,3.66755,,128,,81.8
1077,3.67086,,127,,81.8
1078,3.67413,,128,,81.6
1079,3.67723,,128,,81.8
1080,3.68026,,128,,81.6
1081,3.68358,,128,,81.6
1082,3.68676,,129,,81.6
1083,3.6905,,129,,81.6
1084,3.69357,,129,,81.8
1085,3.69642,,129,,81.8
1086,3.69955,,129,,81.8
1087,3.70284,,130,,81.8
1088,3.70608,,130,,81.8
1089,3.71061,,130,,81.8
1090,3.71479,,130,,81.6
1091,3.71892,,130,,81.4
1092,3.72248,,130,,81.4
1093,3.72562,,130,,81.4
1094,3.72919,,130,,81.4
1095,3.73341,,131,,81.4
1096,3.73744,,131,,81.4
1097,3.74139,,131,,81.4
1098,3.74461,,131,,81.4
1099,3.74807,,131,,81.4
1100,3.75186,,132,,81.4
1101,3.75569,,132,,81.4
1102,3.75955,,132,,81.4
1103,3.76321,,132,,81.4
1104,3.76647,,132,,81.4
1105,3.77093,,133,,81.4
1106,3.77438,,133,,81.4
1107,3.77817,,134,,81.6
1108,3.78157,,134,,81.4
1109,3.7849,,135,,81.6
1110,3.78845,,135,,81.6
1111,3.79194,,135,,81.4
1112,3.79516,,135,,81.4
1113,3.79912,,135,,81.6
1114,3.80265,,135,,81.6
1115,3.8062,,134,,81.6
1116,3.80983,,134,,81.8
1117,3.8133,,134,,81.8
1118,3.81643,,134,,81.8
1119,3.82048,,135,,81.8
1120,3.82417,,135,,82
1121,3.82755,,135,,82
1122,3.83073,,136,,82
1123,3.83373,,136,,82.2
1124,3.83684,,136,,82.2
1125,3.84129,,137,,82.2
1126,3.8447,,137,,82.2
1127,3.84828,,137,,82.2
1128,3.85217,,137,,82.2
1129,3.85552,,137,,82.2
1130,3.85906,,138,,82.2
1131,3.86273,,137,,82.2
1132,3.86625,,137,,82.2
1133,3.86985,,137,,82.2
1134,3.87366,,137,,82
1135,3.87728,,137,,82
1136,3.8806,,137,,82
1137,3.88451,,137,,82
1138,3.88753,,136,,82
1139,3.89107,,136,,82
1140,3.89472,,136,,82.2
1141,3.89762,,136,,82.2
1142,3.90109,,136,,82.2
1143,3.90495,,136,,82.2
1144,3.90806,,136,,82.2
1145,3.91208,,136,,82
1146,3.91562,,136,,81.8
1147,3.91927,,136,,82
1148,3.9225,,136,,81.8
1149,3.92622,,136,,81.8
1150,3.9296,,136,,82
1151,3.93319,,136,,81.8
1152,3.93658,,137,,81.8
1153,3.93993,,136,,82
1154,3.94253,,137,,82
1155,3.94644,,136,,82
1156,3.9497,,136,,82.2
1157,3.95335,,136,,82.2
1158,3.95648,,136,,82.2
1159,3.95984,,135,,82.4
1160,3.96319,,135,,82.6
1161,3.96666,,136,,82.6
1162,3.97029,,136,,82.8
1163,3.97347,,136,,83
1164,3.97688,,136,,83
1165,3.98085,,136,,83
1166,3.98396,,136,,83.2
1167,3.98775,,137,,83.2
1168,3.99094,,137,,83.2
1169,3.9942,,137,,83.2
1170,3.99767,,138,,83.4
1171,4.00136,,138,,83.4
1172,4.00401,,138,,83.4
1173,4.00743,,139,,83.4
1174,4.01083,,139,,83.6
1175,4.01446,,139,,83.6
1176,4.01793,,139,,83.6
1177,4.02139,,139,,83.8
1178,4.02424,,140,,84
1179,4.02738,,140,,84
1180,4.03092,,140,,84.4
1181,4.03416,,140,,84.6
1182,4.0373,,141,,84.6
1183,4.04,,141,,84.8
1184,4.04326,,141,,85
1185,4.0472,,141,,85
1186,4.05044,,141,,85.2
1187,4.05391,,141,,85.6
1188,4.057,,141,,85.6
1189,4.06003,,141,,85.8
1190,4.06337,,140,,86.2
1191,4.06678,,141,,86.2
1192,4.07023,,140,,86
1193,4.07327,,140,,86.4
1194,4.07613,,140,,86.6
1195,4.07985,,140,,86.2
1196,4.08256,,139,,86.4
1197,4.08626,,139,,86.8
1198,4.08969,,139,,86.6
1199,4.09231,,138,,86.4
1200,4.09601,,138,,86.8
1201,4.09966,,138,,87
1202,4.10259,,138,,86.8
1203,4.10614,,138,,86.8
1204,4.10951,,137,,87.2
1205,4.11342,,138,,87
1206,4.11647,,137,,86.8
1207,4.11939,,138,,87
1208,4.12189,,138,,87.2
1209,4.12492,,138,,87.2
1210,4.12812,,138,,87.2
1211,4.13105,,139,,87.4
1212,4.13387,,139,,87.8
1213,4.13656,,139,,87.8
1214,4.13872,,139,,87.8
1215,4.14043,,139,,88.2
1216,4.14227,,139,,88.6
1217,4.14532,,139,,88.8
1218,4.14809,,139,,88.8
1219,4.15114,,139,,89
1220,4.15432,,140,,89.2
1221,4.15745,,140,,89
1222,4.16028,,140,,88.8
1223,4.16343,,140,,88.6
1224,4.1668,,140,,88.4
1225,4.17047,,139,,88.4
1226,4.17389,,140,,87.8
1227,4.17759,,139,,87.8
1228,4.18082,,138,,87.4
1229,4.18408,,138,,87.2
1230,4.18724,,138,,87.2
1231,4.19036,,137,,87
1232,4.1938,,137,,86.8
1233,4.19736,,136,,86.8
1234,4.20057,,136,,86.4
1235,4.20448,,135,,86.4
1236,4.20794,,135,,86.4
1237,4.21148,,135,,86
1238,4.21488,,135,,86.2
1239,4.21823,,135,,86.2
1240,4.22225,,134,,85.6
1241,4.22575,,134,,85.8
1242,4.22901,,134,,85.6
1243,4.2321,,134,,85.4
1244,4.2351,,134,,85.4
1245,4.23864,,134,,85.4
1246,4.24173,,133,,85.2
1247,4.24506,,133,,85.2
1248,4.24816,,133,,85.2
1249,4.25151,,133,,84.8
1250,4.25552,,133,,84.8
1251,4.25899,,133,,84.6
1252,4.26203,,133,,84.4
1253,4.26569,,133,,84.4
1254,4.26881,,133,,84.2
1255,4.2727,,133,,84.2
1256,4.27581,,134,,84.2
1257,4.2792,,134,,83.8
1258,4.28237,,133,,83.8
1259,4.28582,,134,,83.8
1260,4.28959,,134,,83.6
1261,4.29325,,134,,83.4
1262,4.29669,,134,,83.4
1263,4.30045,,134,,83.4
1264,4.3041,,133,,83.2
1265,4.30782,,133,,83.2
1266,4.3113,,133,,83
1267,4.31461,,132,,83
1268,4.31766,,132,,83
1269,4.32106,,131,,82.8
1270,4.32499,,131,,82.8
1271,4.32833,,131,,83
1272,4.33171,,131,,82.8
1273,4.33545,,130,,82.6
1274,4.33861,,130,,82.8
1275,4.34228,,130,,82.6
1276,4.34581,,130,,82.8
1277,4.34899,,131,,82.6
1278,4.35248,,130,,82.6
1279,4.35585,,131,,82.6
1280,4.35899,,131,,82.6
1281,4.36224,,132,,82.4
1282,4.36579,,132,,82.2
1283,4.36877,,132,,82.4
1284,4.37216,,132,,82
1285,4.3761,,132,,82.2
1286,4.37944,,132,,82.2
1287,4.38335,,133,,82
1288,4.38644,,132,,82
1289,4.38949,,133,,82.2
1290,4.39299,,133,,82
1291,4.39586,,133,,82
1292,4.3989,,133,,82.2
1293,4.40196,,134,,82
1294,4.40493,,134,,82
1295,4.4083,,134,,82.4
1296,4.41179,,134,,82.2
1297,4.4152,,134,,82
1298,4.41814,,135,,82.2
1299,4.42154,,135,,82.6
1300,4.42504,,135,,82.6
1301,4.42885,,135,,82.6
1302,4.43192,,136,,83
1303,4.43546,,136,,83
1304,4.43877,,136,,82.8
1305,4.44248,,137,,82.6
1306,4.44573,,136,,82.6
1307,4.44944,,136,,82.6
1308,4.45283,,136,,82.6
1309,4.45625,,135,,82.8
1310,4.45984,,135,,82.8
1311,4.46342,,134,,82.8
1312,4.46698,,134,,82.8
1313,4.47031,,133,,82.8
1314,4.47332,,133,,82.8
1315,4.47674,,133,,82.6
1316,4.47991,,133,,82.6
1317,4.48313,,132,,82.6
1318,4.48641,,133,,82.4
1319,4.48967,,132,,82.2
1320,4.49306,,133,,82.2
1321,4.49647,,133,,82
1322,4.4998,,133,,82.2
1323,4.50346,,133,,82.2
1324,4.50725,,133,,82.2
1325,4.51089,,134,,82.2
1326,4.51362,,133,,82.6
1327,4.51663,,134,,82.2
1328,4.51926,,133,,82.4
1329,4.52234,,134,,82.4
1330,4.52628,,133,,82
1331,4.5299,,133,,82
1332,4.53322,,133,,82
1333,4.53685,,133,,81.8
1334,4.54004,,133,,81.8
1335,4.54318,,133,,82
1336,4.54765,,133,,82
1337,4.5507,,133,,81.8
1338,4.55399,,133,,82
1339,4.5572,,133,,81.8
1340,4.56041,,133,,81.8
1341,4.56422,,133,,81.8
1342,4.56775,,133,,81.8
1343,4.57146,,133,,81.6
1344,4.57416,,133,,81.8
1345,4.57723,,133,,81.8
1346,4.58015,,133,,81.6
1347,4.58349,,133,,81.6
1348,4.58651,,133,,81.8
1349,4.58953,,133,,81.6
1350,4.59301,,133,,81.6
1351,4.59605,,134,,81.8
1352,4.59863,,134,,82
1353,4.60276,,134,,81.8
1354,4.60605,,134,,81.8
1355,4.60975,,134,,81.8
1356,4.613,,134,,82
1357,4.61605,,134,,82
1358,4.61951,,135,,82
1359,4.62302,,135,,82
1360,4.62658,,135,,82
1361,4.62997,,135,,82
1362,4.63319,,135,,82.2
1363,4.63633,,135,,82.2
1364,4.63948,,135,,82.4
1365,4.64315,,136,,82.4
1366,4.6467,,135,,82.4
1367,4.64975,,136,,82.4
1368,4.65249,,135,,82.6
1369,4.6552,,135,,82.6
1370,4.65823,,135,,82.6
1371,4.66162,,135,,82.8
1372,4.66492,,135,,82.8
1373,4.66797,,135,,82.8
1374,4.67098,,135,,83.2
1375,4.67438,,135,,83.2
1376,4.67731,,135,,83.2
1377,4.68096,,135,,83.4
1378,4.68416,,136,,83.6
1379,4.68683,,136,,83.6
1380,4.6901,,137,,83.6
1381,4.69294,,137,,84
1382,4.69528,,138,,84
1383,4.69846,,138,,83.8
1384,4.70144,,138,,84
1385,4.70508,,139,,84.4
1386,4.70889,,139,,84.2
1387,4.71206,,139,,84.4
1388,4.71481,,139,,84.6
1389,4.71807,,140,,84.8
1390,4.72142,,140,,84.8
1391,4.7244,,140,,85
1392,4.72719,,140,,85.4
1393,4.73021,,140,,85.4
1394,4.73289,,140,,85.4
1395,4.73533,,140,,85.6
1396,4.73789,,141,,85.8
1397,4.74085,,141,,86
1398,4.74341,,141,,86.2
1399,4.74633,,141,,86.4
1400,4.74901,,142,,86.6
1401,4.75214,,142,,86.8
1402,4.75528,,142,,87
1403,4.75833,,142,,87.2
1404,4.76169,,142,,87.4
1405,4.7651,,142,,87.6
1406,4.76806,,142,,87.6
1407,4.77151,,142,,87.8
1408,4.77426,,143,,88.2
1409,4.77707,,143,,88.2
1410,4.78054,,143,,88.6
1411,4.78351,,143,,88.8
1412,4.78654,,143,,89.2
1413,4.78967,,143,,89.4
1414,4.79231,,143,,89.4
1415,4.7957,,143,,90
1416,4.79871,,144,,90.2
1417,4.80167,,144,,90.4
1418,4.80442,,144,,91
1419,4.8074,,145,,91.2
1420,4.81063,,145,,91.4
1421,4.81317,,145,,91.6
1422,4.81556,,146,,92
1423,4.81822,,146,,92
1424,4.82096,,146,,92.2
1425,4.82436,,146,,92.6
1426,4.82735,,146,,92.8
1427,4.83034,,147,,93
1428,4.8331,,147,,93.4
1429,4.83636,,147,,93.6
1430,4.83921,,147,,93.8
1431,4.842,,147,,94
1432,4.84489,,147,,94.4
1433,4.84766,,148,,94.4
1434,4.85052,,148,,94.6
1435,4.853,,148,,94.8
1436,4.85567,,148,,95.2
1437,4.85912,,148,,95.2
1438,4.86148,,148,,95.4
1439,4.8644,,148,,95.8
1440,4.86735,,148,,95.8
1441,4.87023,,148,,96
1442,4.87335,,148,,96
1443,4.87641,,148,,96.2
1444,4.87889,,148,,96.2
1445,4.8821,,148,,96.2
1446,4.88534,,148,,96.4
1447,4.88839,,148,,96.4
1448,4.89141,,147,,96.4
1449,4.89488,,147,,96.4
1450,4.89834,,147,,96.4
1451,4.90151,,147,,96.4
1452,4.90477,,147,,96.6
1453,4.90811,,147,,96.6
1454,4.91144,,146,,96.6
1455,4.91545,,146,,96.6
1456,4.91874,,146,,96.6
1457,4.9223,,146,,96.6
1458,4.9257,,146,,96.6
1459,4.92858,,146,,96.4
1460,4.93163,,146,,96.6
1461,4.93474,,146,,96.4
1462,4.93778,,145,,96.4
1463,4.94077,,145,,96.2
1464,4.94389,,145,,96.2
1465,4.94719,,145,,96.2
1466,4.9502,,144,,96.2
1467,4.95361,,144,,96.2
1468,4.95649,,144,,96
1469,4.95978,,144,,96
1470,4.96328,,143,,96
1471,4.96679,,143,,96
1472,4.97003,,143,,95.8
1473,4.9733,,142,,95.8
1474,4.97637,,141,,95.8
1475,4.98023,,141,,95.6
1476,4.98342,,140,,95.6
1477,4.98625,,140,,95.6
1478,4.98873,,139,,95.4
1479,4.99176,,139,,95.4
1480,4.99516,,139,,95.4
1481,4.99849,,139,,95.2
1482,5.00185,,139,,95.2
1483,5.005,,139,,95.4
1484,5.00825,,138,,95.2
1485,5.01174,,138,,95
1486,5.01525,,138,,95.4
1487,5.01898,,137,,95.4
1488,5.02217,,138,,95.4
1489,5.02539,,137,,95.4
1490,5.02864,,137,,95.6
1491,5.03164,,137,,95.4
1492,5.03479,,136,,95.4
1493,5.03811,,137,,95.4
1494,5.04108,,136,,95.4
1495,5.04458,,136,,95.6
1496,5.0475,,136,,95.8
1497,5.05074,,136,,95.8
1498,5.05366,,135,,95.8
1499,5.05684,,135,,95.8
1500,5.05995,,135,,95.8
1501,5.06327,,135,,95.8
1502,5.06654,,134,,95.6
1503,5.06971,,135,,95.6
1504,5.07284,,134,,95.6
1505,5.07659,,134,,95.6
1506,5.08013,,134,,95.4
1507,5.08339,,135,,95.4
1508,5.08619,,134,,95.4
1509,5.08967,,134,,95.4
1510,5.09366,,134,,95.6
1511,5.09702,,134,,95.4
1512,5.10031,,134,,95.6
1513,5.10386,,134,,95.6
1514,5.1072,,134,,95.6
1515,5.11105,,134,,95.8
1516,5.11465,,134,,95.8
1517,5.11825,,133,,95.6
1518,5.12163,,134,,95.8
1519,5.12511,,133,,95.8
1520,5.12844,,134,,95.6
1521,5.13215,,134,,95.6
1522,5.13571,,134,,95.6
1523,5.13881,,134,,95.6
1524,5.14203,,133,,95.6
1525,5.14572,,134,,95.4
1526,5.14855,,133,,95.2
1527,5.15201,,133,,95.4
1528,5.15542,,133,,95.2
1529,5.15858,,134,,95.2
1530,5.162,,134,,95.2
1531,5.16545,,134,,95.2
1532,5.16853,,134,,95
1533,5.17161,,134,,95
1534,5.17557,,135,,95
1535,5.17913,,134,,94.8
1536,5.18269,,134,,94.8
1537,5.18629,,134,,94.6
1538,5.18939,,134,,94.6
1539,5.19323,,134,,94.6
1540,5.197,,134,,94.4
1541,5.20046,,134,,94.4
1542,5.20416,,134,,94.2
1543,5.20778,,134,,94
1544,5.21059,,134,,93.8
1545,5.21469,,134,,93.8
1546,5.21814,,134,,93.6
1547,5.22149,,134,,93.4
1548,5.22496,,134,,93.4
1549,5.22848,,133,,93.4
1550,5.23169,,133,,93.2
1551,5.23563,,133,,93.2
1552,5.23899,,132,,93
1553,5.24204,,131,,93
1554,5.24565,,131,,93
1555,5.24952,,131,,92.6
1556,5.25257,,130,,92.6
1557,5.25644,,130,,92.4
1558,5.25977,,130,,92.2
1559,5.26268,,129,,92.2
1560,5.26632,,129,,91.8
1561,5.26975,,129,,91.8
1562,5.27278,,129,,91.8
1563,5.27634,,129,,91.6
1564,5.27954,,129,,91.4
1565,5.28306,,129,,91.4
1566,5.28668,,129,,91
1567,5.29014,,129,,91
1568,5.2932,,129,,91
1569,5.2967,,128,,90.8
1570,5.30034,,128,,90.6
1571,5.30369,,128,,90.6
1572,5.30726,,128,,90.4
1573,5.31056,,129,,90.2
1574,5.31353,,128,,90.2
1575,5.31751,,129,,90
1576,5.32108,,128,,90
1577,5.32449,,129,,90
1578,5.32811,,128,,89.8
1579,5.33129,,128,,89.8
1580,5.33459,,128,,89.6
1581,5.33838,,128,,89.4
1582,5.3416,,128,,89.2
1583,5.34494,,128,,89.2
1584,5.34856,,128,,89
1585,5.35237,,128,,88.8
1586,5.35542,,128,,88.6
1587,5.35912,,127,,88.6
1588,5.36248,,127,,88.6
1589,5.3657,,127,,88.4
1590,5.36947,,127,,88.2
1591,5.373,,126,,88.2
1592,5.37614,,126,,88
1593,5.37979,,126,,88
1594,5.38299,,126,,87.6
1595,5.38647,,126,,87.4
1596,5.39014,,126,,87.4
1597,5.39361,,126,,87.4
1598,5.39672,,125,,87
1599,5.40048,,124,,86.8
1600,5.40414,,123,,86.6
1601,5.40746,,122,,86.6
1602,5.41114,,118,,86
1603,5.41464,,117,,86
1604,5.41775,,116,,85.8
1605,5.42195,,114,,85.4
1606,5.42563,,112,,85.2
1607,5.42901,,112,,85.2
1608,5.43257,,111,,84.8
1609,5.43591,,109,,84.6
1610,5.43921,,108,,84.6
1611,5.44325,,108,,84.2
1612,5.4468,,108,,84.2
1613,5.44983,,108,,84
1614,5.45337,,108,,83.8
1615,5.45724,,110,,83.6
1616,5.46013,,111,,83.6
1617,5.46403,,114,,83.2
1618,5.4676,,116,,83.2
1619,5.47097,,119,,83
1620,5.4748,,120,,82.8
1621,5.47822,,122,,82.8
1622,5.48122,,123,,82.8
1623,5.48501,,124,,82.6
1624,5.48855,,125,,82.6
1625,5.49228,,127,,82.4
1626,5.49599,,127,,82.2
1627,5.49961,,128,,82
1628,5.5027,,129,,82
1629,5.50632,,129,,81.8
1630,5.51023,,130,,81.8
1631,5.51376,,130,,81.6
1632,5.51728,,130,,81.6
1633,5.52063,,131,,81.4
1634,5.52403,,131,,81.4
1635,5.52765,,132,,81.2
1636,5.53135,,132,,81.2
1637,5.53484,,132,,81.2
1638,5.53829,,132,,81.2
1639,5.5417,,132,,81
1640,5.54522,,132,,80.8
1641,5.54879,,132,,81
1642,5.55237,,132,,80.8
1643,5.55556,,132,,80.6
1644,5.55889,,132,,80.6
1645,5.56234,,132,,80.4
1646,5.56542,,132,,80.2
1647,5.56922,,133,,80.4
1648,5.57273,,133,,80.2
1649,5.57624,,133,,80.2
1650,5.58045,,133,,80.2
1651,5.58397,,134,,80.2
1652,5.5874,,134,,80
1653,5.59093,,134,,80
1654,5.59413,,135,,80.2
1655,5.59774,,135,,79.8
1656,5.60099,,135,,79.8
1657,5.60475,,135,,80
1658,5.60802,,136,,79.8
1659,5.61141,,136,,79.8
1660,5.61498,,136,,80
1661,5.61843,,137,,79.8
1662,5.62184,,136,,79.6
1663,5.62539,,137,,79.6
1664,5.62855,,137,,79.8
1665,5.63219,,136,,79.6
1666,5.63578,,136,,79.4
1667,5.63899,,137,,79.6
1668,5.64197,,136,,79.2
1669,5.64513,,136,,79
1670,5.64848,,137,,79.2
1671,5.65194,,136,,79.2
1672,5.65532,,137,,79.2
1673,5.65848,,136,,79.4
1674,5.662,,136,,79.6
1675,5.6657,,136,,79.4
1676,5.66873,,136,,79.4
1677,5.6722,,136,,79.6
1678,5.67584,,136,,79.6
1679,5.67907,,135,,79.6
1680,5.6829,,135,,79.8
1681,5.68666,,135,,79.8
1682,5.68961,,135,,79.6
1683,5.69286,,135,,79.6
1684,5.69611,,135,,79.8
1685,5.69984,,134,,79.8
1686,5.70353,,135,,79.6
1687,5.70707,,135,,79.6
1688,5.71007,,135,,79.6
1689,5.71342,,135,,79.6
1690,5.71689,,135,,79.6
1691,5.72004,,135,,79.4
1692,5.72347,,135,,79.4
1693,5.72646,,136,,79.6
1694,5.72935,,136,,79.6
1695,5.73311,,136,,79.8
1696,5.7363,,136,,79.6
1697,5.73989,,136,,79.6
1698,5.74324,,136,,79.6
1699,5.74669,,136,,79.8
1700,5.75016,,136,,79.6
1701,5.75358,,136,,79.6
1702,5.75687,,137,,79.6
1703,5.7603,,137,,79.6
1704,5.76355,,137,,79.4
1705,5.76742,,137,,79.4
1706,5.77052,,138,,79
1707,5.77384,,137,,79
1708,5.7772,,138,,79
1709,5.78023,,138,,79.2
1710,5.78357,,138,,79.6
1711,5.78674,,138,,79.8
1712,5.7896,,139,,80
1713,5.79271,,139,,80.4
1714,5.79572,,139,,80.2
1715,5.79875,,139,,80.4
1716,5.80189,,139,,80.6
1717,5.8051,,139,,80.6
1718,5.80783,,139,,80.6
1719,5.81129,,139,,80.6
1720,5.81445,,139,,80.8
1721,5.81745,,140,,80.8
1722,5.82046,,139,,80.8
1723,5.8235,,140,,81
1724,5.82636,,139,,81.2
1725,5.83004,,139,,81.2
1726,5.83302,,139,,81.4
1727,5.83598,,139,,81.6
1728,5.83856,,139,,81.8
1729,5.84123,,139,,81.8
1730,5.8444,,139,,82
1731,5.84796,,140,,82.2
1732,5.85124,,140,,82.4
1733,5.85433,,140,,82.6
1734,5.85719,,141,,82.6
1735,5.86055,,141,,82.8
1736,5.86313,,141,,83
1737,5.86607,,141,,83.2
1738,5.86912,,141,,83.2
1739,5.87178,,142,,83.4
1740,5.87451,,142,,83.4
1741,5.87737,,142,,83.8
1742,5.87983,,142,,83.8
1743,5.88268,,143,,84
1744,5.88541,,143,,84.4
1745,5.88852,,143,,84.8
1746,5.89166,,143,,84.8
1747,5.89473,,144,,85
1748,5.89721,,144,,85.2
1749,5.89997,,144,,85.2
1750,5.90281,,144,,85.4
1751,5.90565,,144,,85.6
1752,5.90873,,145,,85.8
1753,5.91135,,145,,86
1754,5.91423,,145,,86.2
1755,5.91743,,145,,86.6
1756,5.92015,,145,,86.6
1757,5.92325,,145,,86.8
1758,5.92613,,146,,87.2
1759,5.92948,,145,,87.4
1760,5.93256,,146,,87.4
1761,5.93554,,146,,87.8
1762,5.93872,,146,,88
1763,5.94164,,146,,88.2
1764,5.94468,,146,,88.4
1765,5.94808,,146,,88.6
1766,5.95082,,146,,88.8
1767,5.95412,,147,,89
1768,5.95729,,147,,89
1769,5.95988,,146,,89
1770,5.96301,,147,,89.6
1771,5.96591,,147,,89.6
1772,5.96862,,147,,89.6
1773,5.97213,,147,,89.8
1774,5.97481,,147,,90
1775,5.97805,,146,,90.4
1776,5.98102,,146,,90.4
1777,5.98368,,147,,90.6
1778,5.98624,,146,,90.8
1779,5.98928,,146,,91
1780,5.9922,,147,,91.2
1781,5.99494,,147,,91.4
1782,5.99734,,146,,91.8
1783,6.00006,,147,,92
1784,6.00262,,147,,92.4
1785,6.00566,,147,,92.6
1786,6.00853,,147,,92.8
1787,6.01108,,148,,93
1788,6.01338,,148,,93.2
1789,6.01586,,149,,93.4
1790,6.01854,,149,,93.6
1791,6.02123,,149,,93.8
1792,6.02404,,150,,94.2
1793,6.02404,,150,,94.2
1794,6.02987,,150,,94.6
1795,6.0328,,150,,94.8
1796,6.03508,,151,,95.2
1797,6.03811,,151,,95.4
1798,6.04066,,152,,95.6
1799,6.04359,,152,,95.8
1800,6.04688,,152,,96
1801,6.04989,,152,,96.2
1802,6.0528,,152,,96.6
1803,6.05596,,153,,96.8
1804,6.05839,,153,,97
1805,6.06163,,152,,97.2
1806,6.0644,,153,,97.4
1807,6.0672,,152,,97.6
1808,6.07002,,153,,97.8
1809,6.07301,,153,,97.8
1810,6.07611,,152,,98.2
1811,6.07895,,153,,98.2
1812,6.08136,,153,,98.4
1813,6.08357,,153,,98.6
1814,6.08583,,152,,98.8
1815,6.08874,,152,,98.8
1816,6.09166,,153,,99.2
1817,6.0947,,152,,99.4
1818,6.09693,,152,,99.6
1819,6.09976,,152,,99.6
1820,6.10246,,152,,99.8
1821,6.10522,,151,,99.8
1822,6.10789,,151,,99.8
1823,6.11046,,151,,100
1824,6.11327,,150,,100
1825,6.11657,,150,,100
1826,6.11935,,150,,100
1827,6.12221,,150,,100.2
1828,6.12477,,150,,100.4
1829,6.12777,,150,,100.4
1830,6.13051,,150,,100.6
1831,6.1334,,150,,100.6
1832,6.13586,,150,,100.8
1833,6.13902,,149,,100.8
1834,6.14181,,150,,101
1835,6.1446,,149,,101.2
1836,6.14764,,149,,101.2
1837,6.15035,,149,,101.4
1838,6.15288,,149,,101.4
1839,6.15554,,149,,101.4
1840,6.15824,,149,,101.6
1841,6.16097,,149,,101.8
1842,6.16373,,149,,101.8
1843,6.16655,,148,,101.8
1844,6.16878,,149,,102
1845,6.17134,,149,,102
1846,6.17436,,148,,102
1847,6.17744,,148,,102.2
1848,6.18017,,149,,102.2
1849,6.18346,,149,,102.2
1850,6.18668,,149,,102.2
1851,6.18992,,148,,102.2
1852,6.1932,,149,,102.2
1853,6.19658,,148,,102.2
1854,6.19974,,148,,102.2
1855,6.20306,,148,,102
1856,6.2064,,148,,102
1857,6.21038,,147,,101.8
1858,6.21387,,147,,101.8
1859,6.21748,,147,,101.8
1860,6.22158,,146,,101.6
1861,6.22493,,146,,101.6
1862,6.2282,,146,,101.6
1863,6.2319,,145,,101.6
1864,6.23528,,145,,101.4
1865,6.23914,,144,,101.4
1866,6.24257,,144,,101.4
1867,6.24593,,144,,101.2
1868,6.24918,,143,,101.2
1869,6.253,,143,,101
1870,6.25683,,142,,100.8
1871,6.26052,,142,,100.8
1872,6.26399,,141,,100.8
1873,6.26738,,141,,100.4
1874,6.2708,,140,,100.2
1875,6.27444,,140,,100
1876,6.27754,,140,,99.8
1877,6.28067,,139,,99.8
1878,6.28361,,139,,99.6
1879,6.28684,,139,,99.4
1880,6.29045,,138,,99.4
1881,6.29416,,138,,99.2
1882,6.29776,,137,,99
1883,6.30134,,137,,99
1884,6.30487,,137,,98.8
1885,6.30867,,136,,98.4
1886,6.31223,,136,,98.4
1887,6.31618,,136,,98
1888,6.31968,,136,,97.6
1889,6.32384,,135,,97.4
1890,6.32793,,136,,97.2
1891,6.33153,,135,,96.8
1892,6.33502,,135,,96.2
1893,6.33865,,135,,96
1894,6.34246,,134,,95.8
1895,6.34705,,134,,95.6
1896,6.35135,,134,,95.4
1897,6.35547,,133,,95.4
1898,6.35933,,133,,95.2
1899,6.36327,,133,,95
1900,6.36735,,132,,94.6
1901,6.37132,,131,,94.4
1902,6.37516,,131,,94
1903,6.3789,,131,,93.4
1904,6.38303,,130,,93.2
1905,6.38772,,131,,92.8
1906,6.39194,,130,,92.4
1907,6.3961,,131,,92
1908,6.39992,,130,,91.8
1909,6.40377,,130,,91.6
1910,6.40767,,130,,91.4
1911,6.4115,,130,,91.2
1912,6.41519,,129,,90.8
1913,6.41867,,129,,90.6
1914,6.42218,,129,,90.4
1915,6.42576,,129,,90.2
1916,6.42933,,129,,90
1917,6.43338,,128,,89.6
1918,6.43761,,128,,89.2
1919,6.44145,,128,,89.2
1920,6.44543,,128,,88.8
1921,6.44931,,128,,88.4
1922,6.45302,,127,,88
1923,6.45692,,127,,87.6
1924,6.46062,,128,,87.4
1925,6.46454,,128,,87
1926,6.46822,,128,,86.4
1927,6.47198,,128,,86.4
1928,6.47515,,128,,86
1929,6.47921,,128,,85.8
1930,6.48317,,128,,85.6
1931,6.48696,,127,,85.4
1932,6.49074,,128,,85
1933,6.49443,,128,,84.8
1934,6.49763,,128,,84.6
1935,6.50189,,128,,84.4
1936,6.50575,,128,,84
1937,6.50919,,128,,84
1938,6.51236,,128,,83.8
1939,6.51602,,128,,83.6
1940,6.51965,,128,,83.6
1941,6.52377,,128,,83.8
1942,6.52749,,128,,83.6
1943,6.5311,,128,,83.4
1944,6.53483,,129,,83.4
1945,6.53898,,129,,83.2
1946,6.54235,,129,,82.8
1947,6.54631,,129,,82.8
1948,6.55014,,129,,82.4
1949,6.55385,,129,,82.2
1950,6.55817,,130,,82
1951,6.56207,,130,,81.8
1952,6.56569,,130,,81.4
1953,6.56988,,130,,81.4
1954,6.57352,,130,,81.2
1955,6.57726,,130,,80.8
1956,6.58133,,130,,80.8
1957,6.58507,,130,,80.8
1958,6.58862,,131,,80.6
1959,6.59259,,131,,80.6
1960,6.59674,,131,,80.4
1961,6.60062,,131,,80.4
1962,6.60419,,131,,80.4
1963,6.60805,,131,,80.4
1964,6.61144,,132,,80.2
1965,6.61597,,132,,80
1966,6.61972,,132,,80
1967,6.62351,,132,,79.8
1968,6.62737,,132,,79.6
1969,6.63079,,132,,79.2
1970,6.63473,,133,,79.2
1971,6.63875,,133,,79
1972,6.64233,,133,,79
1973,6.64593,,133,,78.8
1974,6.64963,,133,,78.8
1975,6.65351,,132,,78.8
1976,6.65716,,132,,78.4
1977,6.66121,,132,,78.4
1978,6.6647,,133,,78.2
1979,6.66837,,132,,78
1980,6.67231,,133,,77.8
1981,6.67598,,133,,78
1982,6.67941,,133,,77.8
1983,6.68306,,133,,77.6
1984,6.68667,,133,,77.6
1985,6.69075,,132,,77.4
1986,6.69427,,133,,77.2
1987,6.69769,,132,,77
1988,6.70087,,133,,77
1989,6.70433,,133,,76.8
1990,6.70794,,133,,76.8
1991,6.71174,,133,,76.8
1992,6.71535,,133,,76.6
1993,6.71885,,133,,76.4
1994,6.72237,,133,,76.4
1995,6.72636,,133,,76.2
1996,6.73001,,133,,76
1997,6.73371,,134,,76
1998,6.73739,,134,,75.8
1999,6.74099,,135,,75.6
2000,6.74482,,135,,75.4
2001,6.74881,,135,,75.4
2002,6.75264,,135,,75.2
2003,6.75608,,136,,75
2004,6.75971,,136,,75
2005,6.76373,,136,,74.8
2006,6.76694,,137,,74.6
2007,6.77075,,137,,74.6
2008,6.77435,,137,,74.4
2009,6.77781,,137,,74.2
2010,6.78168,,138,,74.4
2011,6.78549,,138,,74.2
2012,6.78854,,138,,74.2
2013,6.79224,,138,,74
2014,6.79588,,138,,73.8
2015,6.79976,,138,,73.6
2016,6.80352,,138,,73.6
2017,6.80728,,139,,73.4
2018,6.81042,,139,,73.4
2019,6.81422,,139,,73
2020,6.81813,,140,,73
2021,6.82166,,140,,73
2022,6.82553,,140,,72.8
2023,6.82896,,140,,72.6
2024,6.83227,,140,,72.6
2025,6.83645,,140,,72.6
2026,6.84002,,141,,72.4
2027,6.84336,,141,,72.4
2028,6.84663,,140,,72.2
2029,6.84981,,140,,72
2030,6.8533,,140,,72
2031,6.85721,,140,,72
2032,6.86061,,140,,71.8
2033,6.86393,,140,,72
2034,6.86702,,140,,71.8
2035,6.87039,,140,,71.8
2036,6.87339,,140,,71.8
2037,6.8769,,140,,71.6
2038,6.87964,,140,,71.6
2039,6.88286,,140,,71.4
2040,6.88614,,140,,71.4
2041,6.88904,,140,,71.4
2042,6.89206,,140,,71.4
2043,6.89508,,141,,71.4
2044,6.89508,,143,,71.4
2045,6.90257,,142,,71.4
2046,6.90596,,142,,71.2
2047,6.9095,,141,,71.2
2048,6.91275,,141,,71.2
2049,6.91601,,141,,71.2
2050,6.91962,,142,,71.2
2051,6.92325,,142,,71
2052,6.92656,,143,,71
2053,6.92967,,142,,70.8
2054,6.9328,,143,,70.8
2055,6.93658,,143,,70.8
2056,6.94016,,143,,70.6
2057,6.9438,,142,,70.6
2058,6.94695,,143,,70.4
2059,6.95011,,143,,70.4
2060,6.95346,,142,,70.4
2061,6.95641,,143,,70.2
2062,6.96,,143,,70.2
2063,6.96368,,142,,70
2064,6.96682,,142,,69.8
2065,6.97046,,143,,69.6
2066,6.97344,,143,,69.4
2067,6.97703,,143,,69.4
2068,6.98038,,143,,69.2
2069,6.9835,,142,,69.2
2070,6.98754,,142,,69.2
2071,6.99127,,142,,69.2
2072,6.99432,,142,,69.2
2073,6.99764,,142,,69
2074,7.00105,,143,,69
2075,7.00445,,142,,69
2076,7.00752,,142,,69
2077,7.01062,,142,,69
2078,7.01361,,142,,69
2079,7.01711,,142,,69
2080,7.02075,,142,,69
2081,7.0243,,142,,69.2
2082,7.02792,,142,,69.4
2083,7.03087,,142,,69.4
2084,7.03369,,141,,69.4
2085,7.03739,,142,,69.6
2086,7.04052,,141,,69.6
2087,7.04352,,141,,69.6
2088,7.04629,,142,,69.8
2089,7.04947,,141,,69.8
2090,7.053,,141,,69.8
2091,7.05658,,141,,70
2092,7.05993,,141,,70.2
2093,7.06345,,141,,70
2094,7.06668,,141,,70
2095,7.07033,,140,,70.2
2096,7.07351,,141,,70.2
2097,7.0767,,141,,70
2098,7.07991,,141,,70
2099,7.08308,,141,,70.2
2100,7.0865,,141,,70.2
2101,7.08982,,142,,70.2
2102,7.09296,,142,,70.2
2103,7.09602,,142,,70.2
2104,7.09921,,142,,70.4
2105,7.1025,,142,,70.4
2106,7.10526,,142,,70.4
2107,7.10836,,143,,70.4
2108,7.11104,,143,,70.6
2109,7.1144,,143,,70.8
2110,7.11772,,143,,70.8
2111,7.12075,,143,,71
2112,7.12403,,142,,71.2
2113,7.12721,,143,,71
2114,7.13012,,143,,71.2
2115,7.13389,,143,,71.2
2116,7.13688,,143,,71
2117,7.13957,,143,,71.2
2118,7.14273,,143,,71.4
2119,7.14591,,143,,71.4
2120,7.14913,,144,,71.6
2121,7.15252,,143,,71.8
2122,7.15554,,143,,71.8
2123,7.15887,,144,,71.6
2124,7.1619,,143,,71.8
2125,7.16526,,143,,72
2126,7.16843,,143,,71.8
2127,7.17199,,144,,71.8
2128,7.17494,,144,,72
2129,7.17806,,143,,72
2130,7.18136,,144,,72
2131,7.18397,,143,,72.4
2132,7.18684,,144,,72.2
2133,7.18986,,144,,72.2
2134,7.19253,,143,,72.4
2135,7.19565,,143,,72.4
2136,7.19825,,143,,72.4
2137,7.20125,,143,,72.4
2138,7.2041,,142,,72.4
2139,7.20759,,142,,72.4
2140,7.21138,,142,,72.4
2141,7.21492,,142,,72.4
2142,7.21826,,142,,72.4
2143,7.22159,,142,,72.4
2144,7.22467,,142,,72.4
2145,7.22836,,141,,72.4
2146,7.23187,,141,,72.2
2147,7.23553,,141,,72.4
2148,7.2387,,140,,72.4
2149,7.24207,,140,,72.2
2150,7.24538,,140,,72.2
2151,7.24885,,140,,72.2
2152,7.25189,,140,,72.2
2153,7.25493,,140,,72.2
2154,7.25795,,139,,72.2
2155,7.26163,,140,,72
2156,7.2649,,139,,72.2
2157,7.26812,,139,,72.2
2158,7.27162,,139,,72.2
2159,7.27511,,139,,72.2
2160,7.27861,,140,,72.2
2161,7.28198,,139,,72.2
2162,7.28494,,139,,72.2
2163,7.28798,,139,,72.2
2164,7.29114,,138,,72.2
2165,7.29428,,138,,72.2
2166,7.2974,,138,,72.2
2167,7.3008,,139,,72.2
2168,7.30382,,139,,72
2169,7.30734,,139,,72
2170,7.31103,,139,,72.2
2171,7.31448,,138,,72
2172,7.31784,,138,,71.8
2173,7.32109,,138,,72.2
2174,7.32421,,138,,72.2
2175,7.32836,,138,,72
2176,7.33192,,137,,72.2
2177,7.33538,,137,,72.2
2178,7.33877,,137,,72
2179,7.34187,,136,,72
2180,7.34524,,136,,72.2
2181,7.34907,,136,,72.2
2182,7.35244,,136,,72
2183,7.35604,,136,,72.2
2184,7.35935,,136,,72.2
2185,7.36281,,136,,72
2186,7.36615,,136,,72
2187,7.36978,,136,,72
2188,7.37285,,136,,72
2189,7.37602,,136,,72
2190,7.37951,,136,,72
2191,7.38245,,136,,72
2192,7.38523,,137,,71.8
2193,7.38889,,137,,71.8
2194,7.39191,,137,,71.6
2195,7.39546,,138,,71.6
2196,7.39843,,138,,71.8
2197,7.40132,,138,,71.6
2198,7.40438,,138,,71.6
2199,7.40787,,139,,71.6
2200,7.41148,,139,,71.6
2201,7.41469,,139,,71.8
2202,7.4177,,139,,72
2203,7.42094,,140,,72.2
2204,7.42404,,139,,72.4
2205,7.42761,,140,,72.6
2206,7.43064,,140,,73
2207,7.43377,,141,,73.4
2208,7.43681,,141,,73.8
2209,7.44034,,141,,74
2210,7.44366,,142,,74.4
2211,7.44677,,142,,74.8
2212,7.44966,,142,,75
2213,7.45242,,142,,75.4
2214,7.45459,,142,,75.6
2215,7.45709,,143,,76
2216,7.45926,,143,,76
2217,7.46203,,143,,76
2218,7.46538,,143,,76.2
2219,7.46834,,144,,76.4
2220,7.47147,,144,,76.4
2221,7.47471,,144,,76.4
2222,7.47764,,144,,76.6
2223,7.48016,,144,,76.8
2224,7.48408,,144,,77
2225,7.48758,,144,,77
2226,7.49074,,144,,77.4
2227,7.49383,,145,,77.6
2228,7.49694,,144,,77.6
2229,7.50054,,144,,77.6
2230,7.50418,,145,,78
2231,7.50724,,145,,78.2
2232,7.51059,,145,,78.2
2233,7.51365,,145,,78.4
2234,7.51639,,146,,78.6
2235,7.52075,,146,,78.8
2236,7.52376,,146,,78.8
2237,7.52713,,146,,78.8
2238,7.53013,,146,,79
2239,7.5329,,146,,79
2240,7.53583,,146,,79.2
2241,7.539,,147,,79.2
2242,7.54216,,147,,79.4
2243,7.54528,,147,,79.6
2244,7.54819,,147,,79.8
2245,7.55139,,148,,80
2246,7.55446,,148,,80
2247,7.55754,,148,,80.4
2248,7.56076,,148,,80.4
2249,7.56408,,148,,80.4
2250,7.56755,,149,,80.6
2251,7.57152,,149,,80.8
2252,7.57463,,148,,80.8
2253,7.57771,,148,,81
2254,7.58093,,149,,81.2
2255,7.58429,,149,,81
2256,7.58745,,149,,81.4
2257,7.59086,,149,,81.4
2258,7.59412,,149,,81.2
2259,7.59773,,149,,81.4
2260,7.60158,,149,,81.4
2261,7.60516,,149,,81.2
2262,7.60864,,148,,81.2
2263,7.61193,,148,,81.2
2264,7.6153,,148,,81.2
2265,7.61925,,148,,81.2
2266,7.62285,,148,,81.2
2267,7.62608,,148,,81.2
2268,7.62944,,147,,81.2
2269,7.63292,,148,,81.2
2270,7.63613,,148,,81.2
2271,7.6394,,147,,81
2272,7.64345,,147,,81.2
2273,7.6467,,147,,81.2
2274,7.65006,,147,,81
2275,7.65389,,147,,81
2276,7.65704,,147,,80.8
2277,7.6607,,146,,80.8
2278,7.66421,,146,,80.6
2279,7.66772,,146,,80.6
2280,7.67152,,145,,80.4
2281,7.67523,,145,,80.2
2282,7.67842,,144,,80.2
2283,7.68204,,144,,80
2284,7.68547,,144,,79.8
2285,7.68922,,144,,79.6
2286,7.69232,,144,,79.4
2287,7.6952,,143,,79.2
2288,7.69795,,143,,79.2
2289,7.70132,,142,,79
2290,7.7047,,142,,79
2291,7.70763,,142,,79
2292,7.71015,,141,,79
2293,7.71301,,141,,79
2294,7.71597,,141,,79
2295,7.71963,,141,,79
2296,7.72291,,140,,79
2297,7.7262,,140,,79
2298,7.72937,,140,,79
2299,7.73262,,140,,79
2300,7.73588,,140,,79
2301,7.73938,,140,,78.8
2302,7.74279,,140,,78.8
2303,7.74582,,139,,78.8
2304,7.7491,,139,,78.6
2305,7.75259,,139,,78.6
2306,7.75576,,139,,78.8
2307,7.7593,,138,,78.4
2308,7.76289,,138,,78.4
2309,7.7662,,138,,78.4
2310,7.77005,,138,,78.2
2311,7.77364,,138,,78.2
2312,7.77663,,138,,78.2
2313,7.7796,,138,,78.2
2314,7.78256,,138,,78.2
2315,7.78612,,138,,78.4
2316,7.78923,,138,,78.2
2317,7.79204,,138,,78.2
2318,7.79483,,138,,78.4
2319,7.79811,,139,,78.4
2320,7.80165,,138,,78.4
2321,7.80511,,139,,78.4
2322,7.80835,,139,,78.6
2323,7.81111,,139,,78.6
2324,7.81428,,139,,78.6
2325,7.81798,,139,,78.8
2326,7.82138,,139,,79
2327,7.82484,,139,,79
2328,7.82788,,139,,79.2
2329,7.83093,,140,,79.4
2330,7.83385,,140,,79.4
2331,7.8374,,140,,79.2
2332,7.8408,,140,,79.2
2333,7.84378,,140,,79.2
2334,7.84672,,141,,79.2
2335,7.84987,,141,,79.2
2336,7.85267,,141,,79.2
2337,7.85611,,141,,79.2
2338,7.85914,,141,,79.4
2339,7.86195,,142,,79.6
2340,7.86545,,142,,79.6
2341,7.86878,,142,,79.6
2342,7.87184,,142,,79.8
2343,7.87517,,142,,80
2344,7.87829,,142,,80
2345,7.88197,,142,,79.8
2346,7.88542,,143,,80
2347,7.88892,,142,,79.8
2348,7.89216,,142,,79.8
2349,7.89597,,142,,79.6
2350,7.89935,,142,,79.6
2351,7.90277,,142,,79.4
2352,7.90619,,141,,79.2
2353,7.90912,,141,,79
2354,7.9121,,140,,78.8
2355,7.91587,,140,,78.6
2356,7.91936,,140,,78.4
2357,7.92264,,139,,78.2
2358,7.92624,,139,,77.8
2359,7.9296,,139,,77.6
2360,7.93297,,138,,77.4
2361,7.93637,,138,,77
2362,7.93953,,138,,77.2
2363,7.94265,,138,,77.2
2364,7.94593,,137,,77
2365,7.9495,,137,,77
2366,7.95283,,137,,77.2
2367,7.95654,,137,,77
2368,7.95957,,137,,76.8
2369,7.96198,,137,,77
2370,7.96503,,137,,77
2371,7.9677,,137,,77
2372,7.97126,,137,,77
2373,7.97495,,137,,77
2374,7.97835,,137,,76.8
2375,7.98156,,137,,77
2376,7.98445,,137,,76.8
2377,7.98717,,137,,76.6
2378,7.99022,,137,,76.8
2379,7.99321,,136,,76.8
2380,7.99657,,136,,76.8
2381,7.99976,,136,,76.8
2382,8.00333,,136,,76.8
2383,8.00641,,135,,76.8
2384,8.00914,,135,,77
2385,8.0125,,135,,76.8
2386,8.01563,,135,,76.8
2387,8.01922,,135,,76.8
2388,8.02209,,135,,76.6
2389,8.02519,,135,,76.8
2390,8.02792,,135,,76.8
2391,8.03146,,135,,76.8
2392,8.03462,,136,,76.8
2393,8.03766,,136,,76.8
2394,8.04068,,136,,77
2395,8.04413,,136,,77
2396,8.04739,,137,,77.2
2397,8.05122,,136,,77.4
2398,8.05442,,137,,77.4
2399,8.05768,,137,,77.4
2400,8.06114,,137,,77.6
2401,8.06467,,137,,77.8
2402,8.06738,,137,,78
2403,8.07037,,138,,78
2404,8.07307,,137,,78.2
2405,8.07665,,138,,78.2
2406,8.0798,,138,,78.2
2407,8.08285,,138,,78.2
2408,8.08521,,139,,78.6
2409,8.08795,,139,,78.6
2410,8.09082,,139,,78.6
2411,8.09431,,139,,78.8
2412,8.09743,,139,,79.2
2413,8.10035,,140,,79.2
2414,8.10303,,140,,79.2
2415,8.10617,,140,,79.4
2416,8.1093,,140,,79.6
2417,8.11204,,141,,79.6
2418,8.11482,,141,,79.6
2419,8.11783,,141,,79.8
2420,8.121,,141,,80
2421,8.12379,,142,,80
2422,8.12661,,141,,80.2
2423,8.12927,,142,,80.4
2424,8.1321,,142,,80.4
2425,8.1351,,142,,80.6
2426,8.13759,,142,,80.8
2427,8.14042,,143,,81
2428,8.1431,,143,,81
2429,8.14574,,143,,81
2430,8.14857,,143,,81
2431,8.15115,,143,,81.2
2432,8.15372,,143,,81.2
2433,8.15687,,143,,81.4
2434,8.15925,,144,,81.4
2435,8.16193,,144,,81.4
2436,8.16448,,143,,81.6
2437,8.16728,,143,,81.8
2438,8.16986,,144,,81.8
2439,8.17277,,143,,82
2440,8.1755,,143,,82.2
2441,8.17861,,143,,82.2
2442,8.18192,,143,,82.4
2443,8.1851,,143,,82.6
2444,8.18793,,143,,82.6
2445,8.19128,,143,,82.8
2446,8.19399,,142,,83
2447,8.1976,,142,,83
2448,8.20018,,142,,83.2
2449,8.2029,,142,,83.2
2450,8.20566,,142,,83.4
2451,8.20833,,141,,83.8
2452,8.21103,,141,,83.8
2453,8.21353,,141,,84
2454,8.21537,,141,,84.2
