secs,km,power,hr,cad,alt
0,0,,80,,-4.8
1,0.00098,,79,,-4
2,0.002,,80,,-3.4
3,0.00291,,81,,-3.2
4,0.00423,,82,,-1.2
5,0.00565,,84,,0.2
6,0.00664,,84,,1.2
7,0.00745,,88,,1.2
8,0.00801,,89,,1.8
9,0.00801,,90,,1.8
10,0.00895,,90,,1.6
11,0.00989,,93,,1.4
12,0.01085,,91,,0.8
13,0.012,,89,,0.4
14,0.01311,,89,,1.2
15,0.01418,,90,,1
16,0.01505,,89,,1
17,0.01599,,88,,1.4
18,0.01708,,87,,1.8
19,0.01818,,85,,2.2
20,0.01928,,86,,2.4
21,0.0205,,84,,2.8
22,0.02183,,82,,3.4
23,0.02317,,83,,3.8
24,0.02449,,82,,4
25,0.02585,,80,,4.2
26,0.02673,,80,,5
27,0.02766,,81,,6
28,0.02858,,83,,6.8
29,0.0296,,83,,7.2
30,0.03038,,84,,7.6
31,0.03131,,82,,7.6
32,0.0323,,82,,7.6
33,0.03326,,83,,7.6
34,0.03385,,85,,7.6
35,0.03421,,86,,7.6
36,0.03447,,87,,7.8
37,0.03447,,85,,8
38,0.03472,,83,,8.2
39,0.0348,,83,,8.2
40,0.0348,,82,,8.6
41,0.0348,,82,,8.8
42,0.03532,,83,,8.6
43,0.03584,,83,,8.4
44,0.03638,,83,,8.4
45,0.03721,,83,,8.2
46,0.03834,,83,,8.4
47,0.03981,,83,,8.2
48,0.04145,,84,,8.4
49,0.04342,,87,,8.2
50,0.04549,,92,,8.2
51,0.04757,,94,,8
52,0.04997,,96,,8
53,0.05239,,97,,8
54,0.05491,,102,,8
55,0.05746,,105,,8
56,0.05997,,108,,7.8
57,0.06266,,111,,7.8
58,0.06548,,112,,7.6
59,0.06821,,113,,7.4
60,0.0708,,113,,7.6
61,0.07355,,116,,7.4
62,0.07643,,120,,7.6
63,0.07936,,122,,7.6
64,0.08205,,125,,7.6
65,0.08488,,126,,7.8
66,0.08771,,129,,8
67,0.09054,,126,,8.2
68,0.09359,,125,,8.2
69,0.09628,,120,,8.4
70,0.09865,,121,,8.4
71,0.10104,,121,,8.4
72,0.10344,,126,,8.4
73,0.10593,,129,,8.4
74,0.10855,,133,,8.4
75,0.11129,,137,,8.4
76,0.11411,,137,,8.4
77,0.11689,,137,,8.2
78,0.11981,,136,,8.2
79,0.12274,,134,,8
80,0.12558,,133,,8
81,0.12849,,133,,7.8
82,0.1309,,133,,7.8
83,0.13315,,133,,8
84,0.13595,,133,,8
85,0.13876,,136,,8.2
86,0.14149,,136,,8.2
87,0.14416,,134,,8.2
88,0.14699,,136,,8.2
89,0.14977,,135,,8.2
90,0.15234,,138,,8.2
91,0.15457,,140,,8.2
92,0.15654,,145,,8
93,0.15807,,150,,7.8
94,0.15901,,154,,8
95,0.15963,,154,,8
96,0.16114,,155,,8.2
97,0.16257,,153,,8.4
98,0.16465,,150,,8.6
99,0.16704,,150,,8.8
100,0.16985,,150,,9
101,0.17285,,151,,9.4
102,0.17582,,149,,9.6
103,0.17883,,150,,9.8
104,0.18175,,151,,10
105,0.18451,,153,,10.2
106,0.18752,,148,,10.4
107,0.19067,,146,,10.8
108,0.19383,,146,,11
109,0.19713,,144,,11.4
110,0.20033,,141,,11.8
111,0.20347,,136,,12.2
112,0.20658,,131,,12.4
113,0.20954,,128,,12.6
114,0.21229,,125,,12.8
115,0.21527,,123,,13
116,0.21835,,121,,13.2
117,0.22142,,120,,13.4
118,0.2246,,119,,13.6
119,0.22772,,119,,13.8
120,0.23083,,118,,14.2
121,0.23388,,118,,14.2
122,0.23692,,118,,14.2
123,0.2398,,118,,14.2
124,0.24271,,118,,14.4
125,0.24554,,119,,14.4
126,0.24835,,120,,14.4
127,0.25118,,120,,14.4
128,0.25368,,120,,14.4
129,0.25622,,120,,14.6
130,0.25876,,121,,14.8
131,0.26156,,121,,15
132,0.26445,,120,,15
133,0.26746,,120,,15.2
134,0.27062,,120,,15.2
135,0.27374,,119,,15.4
136,0.27659,,119,,15.6
137,0.27963,,119,,15.6
138,0.28273,,119,,15.8
139,0.28608,,119,,15.8
140,0.28946,,119,,15.8
141,0.29265,,119,,15.8
142,0.29557,,119,,15.8
143,0.29838,,119,,15.8
144,0.30131,,119,,15.8
145,0.30448,,119,,15.8
146,0.30767,,119,,15.8
147,0.31085,,119,,15.8
148,0.31396,,120,,16
149,0.31707,,119,,16
150,0.32007,,118,,16
151,0.32295,,118,,16
152,0.32587,,118,,16
153,0.32918,,118,,16.2
154,0.33234,,117,,16.4
155,0.33542,,116,,16.6
156,0.33851,,116,,16.8
157,0.34124,,116,,16.8
158,0.34422,,116,,17
159,0.34731,,116,,17
160,0.35035,,116,,17.2
161,0.35329,,116,,17.2
162,0.35623,,115,,17.2
163,0.35897,,114,,17.4
164,0.36149,,114,,17.4
165,0.36397,,115,,17.6
166,0.36663,,115,,17.6
167,0.36934,,115,,17.6
168,0.37224,,115,,17.6
169,0.37545,,115,,17.8
170,0.37893,,116,,17.8
171,0.38213,,116,,17.8
172,0.3852,,116,,18
173,0.38804,,116,,18
174,0.39073,,117,,18
175,0.39357,,117,,18
176,0.39664,,117,,18.2
177,0.39979,,120,,18.2
178,0.40312,,120,,18.2
179,0.40657,,121,,18.4
180,0.41,,120,,18.4
181,0.41331,,120,,18.4
182,0.41644,,121,,18.4
183,0.4196,,123,,18.2
184,0.42281,,122,,18.2
185,0.42604,,122,,18.2
186,0.4292,,122,,18.4
187,0.43241,,121,,18.2
188,0.43556,,121,,18.2
189,0.43871,,121,,18.2
190,0.44167,,119,,18.2
191,0.44423,,119,,18
192,0.44674,,119,,18
193,0.44908,,118,,17.8
194,0.45164,,118,,17.8
195,0.45477,,118,,18
196,0.45826,,118,,18.2
197,0.46169,,118,,18.2
198,0.46512,,118,,18.4
199,0.46847,,118,,18.6
200,0.47191,,118,,18.8
201,0.47562,,118,,19
202,0.4799,,118,,19
203,0.48369,,118,,19.2
204,0.48746,,118,,19.2
205,0.49103,,118,,19.4
206,0.49448,,118,,19.6
207,0.49819,,118,,19.6
208,0.50175,,119,,19.8
209,0.50512,,119,,20
210,0.50874,,119,,20
211,0.51223,,120,,20.2
212,0.51573,,120,,20.2
213,0.51914,,121,,20.2
214,0.52206,,121,,20.4
215,0.52504,,121,,20.4
216,0.52791,,121,,20.2
217,0.53074,,121,,20.2
218,0.53328,,121,,20
219,0.5357,,122,,19.8
220,0.53816,,122,,19.8
221,0.54082,,122,,19.6
222,0.54328,,122,,19.6
223,0.54585,,122,,19.6
224,0.54836,,122,,19.4
225,0.55128,,122,,19
226,0.55422,,123,,18.8
227,0.55704,,123,,18.4
228,0.55981,,123,,18.2
229,0.5626,,123,,18
230,0.56569,,123,,18
231,0.56879,,123,,18
232,0.5721,,123,,17.8
233,0.57537,,123,,17.8
234,0.57878,,122,,17.6
235,0.58233,,122,,17.6
236,0.58537,,121,,17.6
237,0.58829,,121,,17.4
238,0.59106,,119,,17.6
239,0.59389,,115,,17.6
240,0.59722,,115,,17.6
241,0.60055,,115,,17.8
242,0.60349,,114,,17.8
243,0.60656,,111,,17.8
244,0.61011,,110,,18.2
245,0.61361,,110,,18.4
246,0.61709,,111,,18.6
247,0.62049,,110,,18.8
248,0.62359,,110,,18.8
249,0.62674,,109,,19
250,0.62972,,110,,19.2
251,0.63272,,110,,19.4
252,0.63578,,110,,19.4
253,0.63859,,110,,19.6
254,0.64133,,111,,19.8
255,0.6444,,111,,20
256,0.64783,,110,,20.2
257,0.651,,111,,20.4
258,0.65344,,111,,20.6
259,0.65577,,111,,20.8
260,0.65816,,111,,20.8
261,0.66062,,112,,21.2
262,0.66308,,113,,21.4
263,0.66549,,113,,21.8
264,0.66839,,112,,22
265,0.67141,,112,,22.2
266,0.67453,,112,,22.2
267,0.67738,,112,,22.4
268,0.68019,,112,,22.6
269,0.68356,,112,,22.6
270,0.68673,,112,,22.8
271,0.6899,,112,,23
272,0.69303,,112,,23
273,0.69624,,111,,23
274,0.69913,,110,,23
275,0.70256,,111,,23
276,0.70589,,112,,22.8
277,0.70903,,111,,23
278,0.71198,,111,,23.2
279,0.71503,,111,,23.4
280,0.71842,,111,,23.6
281,0.72191,,111,,23.6
282,0.72545,,112,,23.6
283,0.72894,,112,,23.6
284,0.73242,,112,,23.6
285,0.73584,,112,,23.8
286,0.73875,,113,,23.8
287,0.74162,,113,,24
288,0.74456,,113,,24
289,0.74773,,113,,24.2
290,0.75101,,113,,24.2
291,0.75407,,113,,24.4
292,0.75735,,113,,24.4
293,0.76065,,113,,24.4
294,0.76389,,113,,24.4
295,0.76717,,113,,24.6
296,0.77044,,113,,24.6
297,0.77367,,113,,24.6
298,0.77706,,113,,24.6
299,0.78031,,113,,24.4
300,0.78329,,113,,24.6
301,0.78676,,113,,24.6
302,0.79011,,114,,24.8
303,0.79323,,114,,25
304,0.79606,,115,,25
305,0.79869,,115,,25
306,0.80176,,116,,25.2
307,0.80495,,116,,25.2
308,0.80837,,116,,25.4
309,0.81215,,116,,25.2
310,0.81562,,116,,25.4
311,0.81913,,115,,25.4
312,0.8226,,115,,24.6
313,0.82615,,115,,24
314,0.82988,,115,,23.4
315,0.83365,,115,,22.4
316,0.83714,,115,,21.6
317,0.84103,,114,,20.8
318,0.84462,,114,,20.4
319,0.84783,,114,,20.4
320,0.85066,,114,,19.8
321,0.85416,,114,,18.4
322,0.85749,,114,,18
323,0.86113,,114,,17.8
324,0.86506,,115,,17
325,0.86903,,115,,16.8
326,0.87258,,115,,16
327,0.87625,,115,,16
328,0.87996,,115,,15.6
329,0.8836,,115,,15.4
330,0.88739,,115,,15.4
331,0.89096,,115,,15.6
332,0.89462,,115,,15.8
333,0.89826,,114,,16
334,0.9018,,114,,16.2
335,0.90547,,114,,15.8
336,0.90882,,114,,15.6
337,0.91275,,113,,15
338,0.91652,,113,,14.2
339,0.91988,,113,,14.2
340,0.92343,,113,,13.8
341,0.92712,,114,,13
342,0.93076,,114,,12.6
343,0.93435,,115,,12.2
344,0.93777,,115,,12.8
345,0.94128,,116,,13
346,0.94464,,116,,13.8
347,0.94792,,116,,14.2
348,0.95136,,117,,14.6
349,0.95466,,116,,15
350,0.95803,,116,,15.2
351,0.96149,,116,,14.8
352,0.96468,,115,,14.6
353,0.96815,,115,,14
354,0.97149,,114,,14
355,0.97514,,114,,13.6
356,0.97851,,114,,13.4
357,0.98181,,114,,13
358,0.98506,,114,,12.8
359,0.98833,,114,,12.8
360,0.99163,,114,,12.6
361,0.99509,,114,,12
362,0.99876,,115,,11.2
363,1.0024,,115,,10.8
364,1.00599,,115,,10.8
365,1.00951,,115,,11.2
366,1.013,,115,,11.2
367,1.01661,,115,,11
368,1.01997,,115,,11.6
369,1.02297,,115,,11.8
370,1.02566,,115,,12.2
371,1.02839,,116,,13
372,1.03075,,116,,13.6
373,1.03289,,116,,13.8
374,1.03571,,116,,14.2
375,1.03892,,116,,14.2
376,1.04253,,116,,14.2
377,1.04588,,116,,14.2
378,1.04906,,116,,14.2
379,1.05267,,116,,14.8
380,1.05588,,117,,15.2
381,1.06003,,119,,16
382,1.06385,,118,,16.6
383,1.06695,,117,,17
384,1.06987,,116,,17.2
385,1.07289,,118,,17.6
386,1.07607,,118,,18
387,1.07947,,118,,18.8
388,1.08289,,117,,18.8
389,1.0862,,117,,19.2
390,1.08926,,117,,19.6
391,1.09254,,117,,19.8
392,1.09576,,117,,20
393,1.09915,,117,,20.2
394,1.10256,,117,,20.2
395,1.106,,117,,19.6
396,1.10976,,117,,19
397,1.1132,,117,,18.4
398,1.11655,,117,,17.6
399,1.12009,,117,,17.6
400,1.12363,,117,,17.6
401,1.12681,,117,,17.4
402,1.12989,,117,,16.6
403,1.13316,,118,,15.8
404,1.13665,,118,,15.8
405,1.13994,,118,,15.4
406,1.14328,,118,,15
407,1.14717,,118,,15.6
408,1.15049,,118,,15.4
409,1.1538,,118,,15
410,1.15729,,121,,14.6
411,1.16077,,121,,13.8
412,1.16452,,121,,13.8
413,1.16809,,121,,13.4
414,1.17166,,120,,13.2
415,1.17523,,117,,13.4
416,1.17851,,117,,13
417,1.18182,,118,,13.4
418,1.18479,,118,,13.8
419,1.1877,,118,,13.8
420,1.19071,,118,,14.4
421,1.19403,,118,,15
422,1.19765,,121,,16.2
423,1.20089,,123,,17.4
424,1.20402,,123,,17.6
425,1.20715,,123,,18.8
426,1.21021,,123,,19
427,1.21345,,123,,19
428,1.21652,,122,,19.2
429,1.21967,,122,,19.2
430,1.22289,,122,,20
431,1.226,,119,,20.6
432,1.229,,121,,21
433,1.2321,,122,,21.2
434,1.23525,,124,,21.4
435,1.23887,,128,,22
436,1.24214,,128,,22
437,1.24539,,128,,22.4
438,1.24883,,128,,22.6
439,1.25212,,128,,22
440,1.25525,,127,,21.6
441,1.25826,,127,,21.6
442,1.26134,,126,,21.6
443,1.26482,,126,,21.8
444,1.26783,,125,,21.4
445,1.27117,,125,,21.4
446,1.27437,,122,,21.2
447,1.27764,,117,,21.4
448,1.28107,,117,,21.8
449,1.28445,,116,,21.8
450,1.28778,,115,,22
451,1.29096,,116,,22.2
452,1.2943,,117,,22.8
453,1.29763,,118,,23.4
454,1.30064,,118,,24.2
455,1.30355,,118,,24.6
456,1.30678,,117,,24.4
457,1.30986,,118,,24.4
458,1.31277,,119,,23.8
459,1.31603,,120,,23.8
460,1.31912,,120,,23.2
461,1.32249,,119,,23.4
462,1.32604,,119,,23.6
463,1.32961,,119,,24.6
464,1.33315,,119,,25.8
465,1.33657,,118,,26.6
466,1.33952,,118,,26.8
467,1.34271,,118,,27.2
468,1.34581,,117,,27.4
469,1.34874,,117,,27.4
470,1.35172,,116,,28
471,1.35464,,117,,27.8
472,1.35768,,118,,27.8
473,1.36058,,118,,27.4
474,1.36342,,118,,27
475,1.36631,,118,,26.8
476,1.3697,,118,,27
477,1.37349,,118,,27.4
478,1.37687,,117,,27.2
479,1.3799,,117,,27.2
480,1.38251,,117,,27.2
481,1.38541,,117,,27.2
482,1.38822,,118,,26.4
483,1.39089,,119,,25.4
484,1.3938,,119,,25.4
485,1.39689,,120,,25.2
486,1.39999,,120,,25
487,1.403,,120,,24.8
488,1.40605,,120,,24.8
489,1.40912,,119,,24.6
490,1.41205,,119,,23.8
491,1.41504,,119,,23.4
492,1.41796,,119,,23.8
493,1.42122,,118,,23.4
494,1.42489,,118,,23.8
495,1.42839,,118,,24.2
496,1.43178,,118,,24.4
497,1.43516,,117,,24.8
498,1.43868,,118,,25.2
499,1.44198,,118,,25.6
500,1.44504,,118,,26
501,1.44783,,118,,26.2
502,1.45097,,118,,26.2
503,1.45409,,119,,26.2
504,1.45757,,119,,26.6
505,1.46131,,120,,27.8
506,1.46491,,120,,28.4
507,1.46867,,120,,29.2
508,1.4723,,120,,28.6
509,1.47613,,120,,28.4
510,1.47972,,119,,28.4
511,1.48338,,119,,28.4
512,1.4871,,120,,28
513,1.49073,,123,,27
514,1.49428,,121,,27
515,1.49777,,121,,27
516,1.50184,,124,,27.8
517,1.50565,,124,,27.8
518,1.50918,,124,,27
519,1.51258,,123,,26.6
520,1.51582,,123,,26.2
521,1.51866,,123,,25.6
522,1.52199,,122,,25.6
523,1.52542,,122,,25.8
524,1.52859,,121,,25.6
525,1.53144,,121,,25.4
526,1.53444,,120,,25.2
527,1.53716,,120,,24.2
528,1.53994,,120,,24
529,1.54284,,120,,23
530,1.54589,,120,,23
531,1.54902,,120,,23.2
532,1.55253,,120,,23.4
533,1.55587,,121,,23.6
534,1.55938,,121,,23.8
535,1.56266,,121,,23.8
536,1.56613,,121,,23.8
537,1.56958,,121,,24
538,1.57301,,121,,24.2
539,1.57651,,121,,24
540,1.57995,,120,,24.2
541,1.58308,,120,,24.6
542,1.5868,,120,,24.8
543,1.59023,,120,,24.6
544,1.59401,,120,,25
545,1.59771,,120,,24.6
546,1.60102,,120,,24.4
547,1.60455,,120,,24.8
548,1.60778,,120,,25.8
549,1.61088,,120,,26.4
550,1.61402,,120,,27.6
551,1.61729,,120,,28.6
552,1.62085,,120,,28.8
553,1.6241,,119,,28.8
554,1.62735,,120,,28.8
555,1.6308,,120,,29
556,1.63394,,120,,29.4
557,1.63734,,121,,29.4
558,1.6411,,121,,29
559,1.64456,,121,,28.8
560,1.64809,,121,,28.8
561,1.65149,,121,,28.4
562,1.65398,,121,,27.8
563,1.65677,,122,,27.8
564,1.65951,,121,,28
565,1.66228,,122,,28.6
566,1.66442,,122,,29.4
567,1.66739,,122,,29.6
568,1.6704,,122,,29.6
569,1.6734,,122,,28.8
570,1.67634,,122,,28.6
571,1.6795,,122,,27.8
572,1.68329,,122,,26.8
573,1.68705,,121,,26.2
574,1.69088,,121,,25.4
575,1.69459,,121,,24.4
576,1.69833,,121,,23.8
577,1.70204,,121,,23
578,1.70571,,122,,22.6
579,1.70939,,122,,21.8
580,1.71322,,122,,20.8
581,1.71709,,123,,20.4
582,1.72074,,123,,20.2
583,1.72431,,123,,19.4
584,1.72799,,124,,18.8
585,1.73165,,123,,18
586,1.73527,,123,,17.6
587,1.73859,,123,,18
588,1.74194,,121,,18
589,1.74528,,122,,18.2
590,1.74848,,122,,17.8
591,1.75212,,122,,17.6
592,1.75599,,122,,16.8
593,1.75953,,123,,17
594,1.76279,,123,,16.8
595,1.76638,,123,,16
596,1.76984,,122,,15.4
597,1.77321,,121,,14.8
598,1.77626,,121,,14.2
599,1.77931,,123,,14.4
600,1.78213,,123,,14.6
601,1.78527,,123,,14.2
602,1.78853,,123,,13.8
603,1.79203,,123,,13.4
604,1.79547,,123,,12.2
605,1.79896,,124,,11.4
606,1.80233,,124,,11.2
607,1.80568,,123,,11.4
608,1.80915,,123,,11.4
609,1.8127,,123,,11.4
610,1.81603,,123,,11
611,1.81937,,123,,10.6
612,1.82279,,121,,10.2
613,1.82619,,122,,10
614,1.82949,,120,,9
615,1.83278,,120,,8.4
616,1.83614,,120,,7.8
617,1.83964,,120,,7.2
618,1.84312,,120,,6.8
619,1.84632,,120,,7.6
620,1.8491,,120,,8.2
621,1.85176,,119,,8.6
622,1.85432,,118,,9.6
623,1.85741,,117,,9.8
624,1.8608,,116,,10
625,1.86411,,116,,10.4
626,1.86738,,115,,11
627,1.87061,,115,,12
628,1.87387,,115,,12.4
629,1.87728,,115,,13.4
630,1.88067,,117,,14.2
631,1.88412,,117,,15
632,1.8874,,117,,15.6
633,1.89028,,117,,16.6
634,1.89342,,118,,17.4
635,1.89642,,117,,18.2
636,1.89938,,117,,18.8
637,1.90255,,117,,19.4
638,1.90551,,118,,20.2
639,1.90839,,118,,21.2
640,1.91139,,118,,22
641,1.9144,,118,,23
642,1.91761,,118,,23.4
643,1.92083,,118,,23.6
644,1.92406,,118,,23.8
645,1.92717,,118,,24.2
646,1.93029,,118,,24.6
647,1.93326,,118,,25.6
648,1.93571,,118,,26.8
649,1.93876,,119,,27.4
650,1.94145,,119,,28.4
651,1.94441,,119,,29.4
652,1.9476,,119,,29.8
653,1.95086,,119,,30.4
654,1.95401,,119,,31
655,1.9576,,118,,31.4
656,1.96129,,118,,31.4
657,1.96507,,118,,31.2
658,1.96874,,115,,30.8
659,1.97312,,115,,28.4
660,1.97731,,114,,26.4
661,1.9814,,114,,24.2
662,1.98578,,114,,21.8
663,1.98978,,113,,20.2
664,1.99367,,113,,18.8
665,1.99732,,113,,18.4
666,2.00107,,114,,17.6
667,2.00481,,114,,16
668,2.00845,,114,,15.4
669,2.01178,,114,,15.2
670,2.01489,,114,,14.4
671,2.01773,,115,,13.6
672,2.02048,,117,,13.8
673,2.02333,,116,,13.8
674,2.02602,,116,,13.4
675,2.02849,,116,,12.8
676,2.03085,,116,,12.6
677,2.03362,,116,,13
678,2.03692,,116,,13
679,2.04031,,116,,13.4
680,2.04393,,116,,13.6
681,2.04751,,115,,13.6
682,2.05082,,115,,13.6
683,2.05398,,115,,13.6
684,2.05699,,115,,14
685,2.05996,,115,,14.6
686,2.06236,,115,,15
687,2.06488,,115,,15
688,2.068,,115,,15.2
689,2.07114,,115,,15
690,2.07453,,115,,15.2
691,2.07773,,115,,16
692,2.08092,,115,,16.8
693,2.08377,,115,,17
694,2.08669,,113,,17.2
695,2.08963,,113,,16.6
696,2.09278,,114,,16
697,2.09622,,114,,15.8
698,2.09959,,113,,15.4
699,2.10276,,113,,14.6
700,2.10617,,113,,13.4
701,2.10967,,113,,12.6
702,2.11305,,113,,12.8
703,2.11638,,116,,12.2
704,2.11996,,118,,11
705,2.12306,,118,,9.4
706,2.1266,,118,,8.6
707,2.1299,,118,,7.8
708,2.13231,,119,,6.8
709,2.13546,,118,,5.2
710,2.13899,,119,,4.2
711,2.14295,,119,,3.4
712,2.14653,,120,,2.2
713,2.15019,,120,,1.4
714,2.15417,,120,,1.4
715,2.15831,,120,,1.8
716,2.16263,,120,,2.6
717,2.16651,,121,,3.2
718,2.17013,,121,,4.4
719,2.17341,,121,,5
720,2.17654,,121,,5.4
721,2.17987,,121,,5.8
722,2.18317,,120,,6.4
723,2.18647,,120,,7
724,2.19,,120,,8
725,2.19323,,120,,8.4
726,2.19669,,120,,9
727,2.20025,,120,,10
728,2.20338,,120,,10.2
729,2.20668,,120,,10.4
730,2.20999,,120,,10.4
731,2.21338,,120,,11
732,2.21705,,120,,11.8
733,2.22045,,120,,12.2
734,2.22364,,121,,12.8
735,2.2269,,121,,13.4
736,2.23009,,121,,14
737,2.23318,,121,,14.6
738,2.23655,,121,,15.2
739,2.24024,,121,,16.4
740,2.24381,,121,,17.2
741,2.24718,,120,,17.6
742,2.25033,,120,,17.4
743,2.25357,,120,,18
744,2.25679,,120,,18.2
745,2.26033,,120,,18.8
746,2.26396,,119,,19.2
747,2.26748,,119,,19.2
748,2.27098,,119,,19
749,2.27443,,119,,19.2
750,2.27794,,118,,19.4
751,2.28156,,118,,19.2
752,2.28517,,118,,19
753,2.28873,,118,,19.2
754,2.29196,,118,,19.4
755,2.29543,,118,,19.8
756,2.29905,,118,,20.6
757,2.30268,,118,,21
758,2.30616,,118,,21.4
759,2.30946,,118,,22
760,2.31274,,118,,22.2
761,2.31581,,117,,22
762,2.3184,,117,,21.8
763,2.32103,,117,,21.2
764,2.32346,,117,,20.6
765,2.32589,,117,,20.8
766,2.32863,,117,,21.6
767,2.33188,,117,,22.6
768,2.33504,,117,,22.8
769,2.3383,,117,,22.8
770,2.34175,,117,,23
771,2.34509,,118,,23.4
772,2.34825,,118,,23.2
773,2.35152,,119,,22.6
774,2.35484,,119,,22
775,2.35814,,119,,21.6
776,2.36135,,120,,21.6
777,2.36452,,120,,21.6
778,2.36803,,120,,21.6
779,2.37133,,120,,21.4
780,2.37439,,120,,21.2
781,2.37769,,120,,21.6
782,2.38069,,119,,20.8
783,2.38396,,119,,21.2
784,2.38682,,119,,20.8
785,2.38974,,119,,20.8
786,2.39284,,119,,20.6
787,2.39617,,119,,20.6
788,2.39954,,120,,20
789,2.4031,,120,,20
790,2.40679,,121,,19.8
791,2.41038,,121,,19.2
792,2.41417,,122,,19.2
793,2.41789,,122,,19.4
794,2.42174,,123,,19.6
795,2.42544,,123,,19.8
796,2.42902,,123,,20.2
797,2.43254,,123,,20.2
798,2.43579,,123,,19.8
799,2.43893,,123,,19.8
800,2.44193,,123,,19.8
801,2.44461,,123,,19.8
802,2.44764,,123,,20
803,2.45119,,123,,20.6
804,2.45472,,123,,21.2
805,2.45844,,120,,22
806,2.46208,,121,,23
807,2.46566,,120,,23.8
808,2.46905,,120,,23.6
809,2.47242,,119,,23.6
810,2.47586,,120,,23.6
811,2.4794,,119,,23.8
812,2.48283,,119,,23.8
813,2.48637,,119,,24
814,2.48965,,117,,23.4
815,2.49289,,117,,23.2
816,2.49624,,115,,23
817,2.49981,,117,,23.8
818,2.50317,,117,,23.8
819,2.50637,,117,,24.4
820,2.50954,,117,,24.8
821,2.51288,,118,,24.4
822,2.51583,,118,,24.6
823,2.51869,,118,,24.8
824,2.52158,,118,,25.8
825,2.52425,,119,,25.4
826,2.52728,,119,,25.4
827,2.53066,,119,,25.8
828,2.53374,,119,,26
829,2.53701,,119,,25.6
830,2.5402,,120,,26
831,2.54307,,120,,26
832,2.54594,,120,,25.8
833,2.54915,,120,,26.4
834,2.55211,,121,,27.2
835,2.55497,,121,,27.4
836,2.55805,,121,,27.2
837,2.56121,,121,,27.8
838,2.56488,,121,,27.8
839,2.56838,,122,,27.2
840,2.57192,,124,,27.4
841,2.57517,,123,,27
842,2.57837,,120,,26.8
843,2.58179,,120,,26.4
844,2.58524,,120,,26
845,2.58868,,120,,26
846,2.59218,,120,,25.8
847,2.59538,,120,,25.4
848,2.59837,,120,,25.4
849,2.60148,,120,,25.2
850,2.60458,,120,,25.4
851,2.6079,,120,,25.8
852,2.61138,,120,,26.4
853,2.61475,,121,,27
854,2.61789,,121,,27.4
855,2.62106,,123,,27.2
856,2.62432,,122,,27.6
857,2.62772,,120,,27.2
858,2.63111,,120,,26.8
859,2.6346,,120,,26.8
860,2.63785,,120,,26.8
861,2.64062,,120,,27
862,2.64354,,121,,27
863,2.64659,,121,,26.6
864,2.64964,,123,,26.4
865,2.65266,,124,,26.4
866,2.65624,,124,,25.8
867,2.65938,,124,,25.6
868,2.66188,,121,,25.8
869,2.66418,,119,,26.2
870,2.66714,,119,,25.8
871,2.67023,,119,,25
872,2.67336,,118,,24.2
873,2.67668,,118,,23.8
874,2.67977,,118,,23
875,2.68278,,118,,22.4
876,2.68601,,118,,21.4
877,2.68925,,118,,20.8
878,2.69269,,118,,20.4
879,2.69622,,116,,19.4
880,2.69969,,114,,18.4
881,2.70298,,114,,17.8
882,2.7068,,114,,16.6
883,2.7105,,113,,16.6
884,2.71407,,112,,15.8
885,2.71734,,111,,15.6
886,2.7207,,111,,15.4
887,2.72416,,109,,15.2
888,2.72788,,107,,15
889,2.73146,,107,,14.8
890,2.73527,,107,,14.4
891,2.73881,,107,,14
892,2.74191,,108,,14
893,2.74473,,108,,14
894,2.74766,,108,,13.4
895,2.75129,,108,,13
896,2.75519,,109,,12.6
897,2.75928,,109,,11.8
898,2.76339,,109,,11.2
899,2.76704,,109,,10.8
900,2.77061,,110,,10.2
901,2.77407,,113,,9.4
902,2.77741,,113,,9
903,2.78043,,113,,8.8
904,2.78387,,112,,8
905,2.78765,,114,,7.2
906,2.79179,,113,,6.6
907,2.79601,,112,,5.6
908,2.79962,,112,,4.6
909,2.80319,,110,,3.8
910,2.80671,,112,,3.8
911,2.81027,,112,,4
912,2.81365,,113,,3.4
913,2.81698,,113,,3.6
914,2.82039,,113,,4
915,2.82387,,113,,4.2
916,2.82724,,118,,4.6
917,2.83053,,118,,5
918,2.83404,,117,,4.8
919,2.8373,,117,,5
920,2.84056,,115,,5
921,2.84403,,114,,5.2
922,2.84671,,116,,5.6
923,2.84919,,114,,5.4
924,2.85203,,112,,5.4
925,2.85521,,113,,5.4
926,2.85886,,113,,5.2
927,2.86271,,113,,5
928,2.86624,,113,,5
929,2.86979,,115,,5.2
930,2.87357,,116,,5.2
931,2.87704,,117,,6.2
932,2.88047,,118,,6.4
933,2.88413,,118,,7.2
934,2.88755,,118,,8.2
935,2.89065,,118,,9.2
936,2.89382,,118,,10.2
937,2.89707,,119,,11.6
938,2.9,,119,,12.8
939,2.90284,,119,,13.8
940,2.9059,,119,,14.6
941,2.90913,,119,,15
942,2.91217,,118,,15.8
943,2.91469,,116,,17.2
944,2.91724,,116,,18.8
945,2.92019,,115,,19.6
946,2.92348,,115,,20
947,2.92661,,116,,20.6
948,2.92966,,116,,21
949,2.93249,,116,,21.6
950,2.935,,116,,22.4
951,2.93736,,116,,23
952,2.93986,,116,,23.6
953,2.94239,,116,,24
954,2.9445,,117,,25
955,2.94655,,117,,26.8
956,2.94969,,118,,28
957,2.95276,,119,,28.2
958,2.95661,,119,,27.2
959,2.96188,,119,,24.6
960,2.96564,,119,,24.2
961,2.97013,,119,,22.6
962,2.97439,,119,,23.2
963,2.97854,,119,,23.2
964,2.98281,,119,,22.4
965,2.98697,,119,,22
966,2.99089,,119,,21.2
967,2.99431,,118,,21
968,2.99826,,118,,20
969,3.00201,,118,,20
970,3.00574,,118,,19.4
971,3.00927,,118,,19.4
972,3.01278,,118,,18.6
973,3.01635,,118,,18
974,3.0199,,118,,17.2
975,3.02337,,118,,16.4
976,3.02657,,119,,15.8
977,3.02951,,119,,15
978,3.03172,,119,,14.4
979,3.03401,,118,,14.8
980,3.03733,,116,,15.4
981,3.03994,,116,,15.6
982,3.04307,,116,,15.8
983,3.04656,,116,,16.4
984,3.05,,116,,16.8
985,3.0535,,115,,17.2
986,3.05721,,115,,17.6
987,3.06062,,115,,18.2
988,3.06376,,115,,18.4
989,3.06666,,116,,18.2
990,3.0696,,117,,18.4
991,3.07198,,117,,18.4
992,3.0742,,117,,18.4
993,3.07687,,118,,18.6
994,3.07972,,118,,19
995,3.08267,,118,,18.8
996,3.08536,,118,,18.6
997,3.08822,,116,,18.2
998,3.09169,,116,,18.2
999,3.09456,,117,,17.8
1000,3.09708,,115,,16.6
1001,3.1003,,115,,16.2
1002,3.1038,,115,,16
1003,3.1073,,115,,15.8
1004,3.11029,,115,,15.8
1005,3.11352,,115,,15.6
1006,3.11676,,115,,15.2
1007,3.12022,,115,,15
1008,3.12363,,115,,14.4
1009,3.12689,,115,,14
1010,3.13045,,115,,14.4
1011,3.13516,,117,,14.2
1012,3.13925,,119,,14.4
1013,3.14354,,120,,14.8
1014,3.14805,,118,,14.4
1015,3.15203,,117,,14
1016,3.15678,,119,,14.4
1017,3.16075,,120,,13.8
1018,3.16487,,120,,13.4
1019,3.16888,,120,,13.6
1020,3.17244,,122,,13.8
1021,3.17654,,122,,14
1022,3.18005,,122,,14
1023,3.18417,,122,,14.4
1024,3.18824,,122,,15
1025,3.19219,,122,,15.2
1026,3.19615,,122,,15.6
1027,3.19941,,122,,15.4
1028,3.20317,,121,,16
1029,3.20668,,121,,16
1030,3.20998,,121,,16
1031,3.21328,,121,,15.8
1032,3.21605,,118,,15.6
1033,3.21876,,119,,14.8
1034,3.2217,,121,,14.8
1035,3.22499,,121,,15
1036,3.22843,,122,,15
1037,3.23185,,125,,14.8
1038,3.23531,,126,,14.6
1039,3.2389,,126,,15
1040,3.24203,,126,,14.6
1041,3.24549,,126,,14.2
1042,3.24851,,126,,13.4
1043,3.2519,,126,,13.8
1044,3.25567,,125,,14.8
1045,3.25893,,125,,14.4
1046,3.26222,,125,,14.4
1047,3.26586,,126,,14.8
1048,3.26956,,126,,14.8
1049,3.27378,,126,,14.8
1050,3.27718,,126,,14.6
1051,3.28047,,125,,14.6
1052,3.28388,,125,,15
1053,3.28747,,125,,16
1054,3.29091,,124,,16.6
1055,3.29404,,124,,17
1056,3.2974,,124,,17.8
1057,3.30074,,123,,18.6
1058,3.30386,,123,,19
1059,3.30679,,118,,19.2
1060,3.30933,,120,,18.8
1061,3.31183,,121,,18.8
1062,3.31449,,121,,19.6
1063,3.31731,,121,,20.2
1064,3.3206,,123,,21.2
1065,3.32384,,123,,22.4
1066,3.32658,,123,,23
1067,3.32913,,123,,23.2
1068,3.33185,,123,,22.6
1069,3.33467,,123,,22
1070,3.33784,,123,,21.8
1071,3.34101,,123,,22.8
1072,3.3436,,123,,23
1073,3.34657,,123,,22.8
1074,3.34928,,124,,22.2
1075,3.35237,,124,,21.6
1076,3.35581,,124,,21.2
1077,3.35904,,124,,21
1078,3.36225,,124,,20.2
1079,3.36525,,123,,20
1080,3.36834,,123,,19.6
1081,3.37137,,123,,19.6
1082,3.3755,,123,,21
1083,3.37927,,123,,21
1084,3.38303,,123,,21
1085,3.38737,,122,,21.2
1086,3.39123,,122,,21
1087,3.39532,,121,,21.2
1088,3.39981,,121,,21.4
1089,3.40338,,120,,20.8
1090,3.40673,,120,,20.2
1091,3.41022,,117,,19.8
1092,3.41399,,118,,20.4
1093,3.41809,,118,,20.6
1094,3.42217,,119,,20.4
1095,3.42633,,119,,20.6
1096,3.43016,,120,,20.2
1097,3.43366,,120,,21.2
1098,3.43716,,120,,20.8
1099,3.44035,,121,,20.4
1100,3.44308,,121,,20.2
1101,3.44595,,121,,20.2
1102,3.4494,,121,,20.4
1103,3.45287,,121,,21
1104,3.45669,,121,,21
1105,3.46098,,121,,21.2
1106,3.46529,,121,,21.2
1107,3.46948,,122,,21.4
1108,3.47369,,124,,21.8
1109,3.47817,,126,,22.8
1110,3.48243,,124,,24
1111,3.4867,,124,,25
1112,3.49077,,124,,25.8
1113,3.49467,,124,,26.8
1114,3.49853,,124,,27.8
1115,3.50229,,124,,28.4
1116,3.50591,,124,,28.6
1117,3.50934,,123,,28.4
1118,3.51297,,123,,27.8
1119,3.51675,,123,,27.8
1120,3.5207,,124,,28.2
1121,3.52418,,124,,27.6
1122,3.52731,,124,,27
1123,3.53067,,125,,26.2
1124,3.534,,125,,26.2
1125,3.53706,,125,,26.4
1126,3.53983,,125,,26.2
1127,3.54299,,125,,25.4
1128,3.54636,,125,,24.2
1129,3.54977,,125,,23.8
1130,3.55323,,125,,24
1131,3.55637,,125,,23.6
1132,3.55968,,125,,23.4
1133,3.56335,,126,,23.4
1134,3.56706,,126,,23.2
1135,3.57071,,126,,23.2
1136,3.57434,,126,,23.2
1137,3.57812,,127,,22.6
1138,3.58163,,128,,22.6
1139,3.58523,,128,,21.8
1140,3.58877,,128,,21.4
1141,3.59198,,128,,21
1142,3.59529,,128,,20.8
1143,3.59902,,128,,20.2
1144,3.60286,,128,,20.2
1145,3.60698,,128,,19.8
1146,3.61095,,128,,20
1147,3.61558,,128,,19.8
1148,3.62002,,128,,19.2
1149,3.62366,,128,,19.2
1150,3.62706,,128,,19.4
1151,3.63085,,128,,19.6
1152,3.63493,,127,,19.6
1153,3.63854,,128,,20.4
1154,3.64221,,128,,20.4
1155,3.64591,,128,,19.4
1156,3.64926,,128,,19.6
1157,3.65293,,128,,19.8
1158,3.65658,,129,,20
1159,3.65993,,129,,20.4
1160,3.66357,,128,,20.6
1161,3.66734,,128,,21
1162,3.67111,,128,,21.4
1163,3.67478,,128,,21.4
1164,3.67849,,128,,21
1165,3.68204,,128,,20.2
1166,3.68597,,128,,19.8
1167,3.69015,,128,,18.8
1168,3.69384,,128,,18
1169,3.69745,,128,,17.4
1170,3.70109,,127,,17
1171,3.7051,,126,,16.8
1172,3.70904,,126,,17
1173,3.71289,,126,,16.6
1174,3.71695,,125,,16
1175,3.72093,,126,,15.6
1176,3.72483,,126,,16
1177,3.72889,,126,,16.2
1178,3.73253,,127,,16.6
1179,3.73619,,127,,16.6
1180,3.73983,,128,,17.2
1181,3.7434,,128,,17
1182,3.7468,,128,,17
1183,3.75011,,128,,17.2
1184,3.75348,,128,,17.4
1185,3.75701,,128,,17.2
1186,3.76072,,128,,16.6
1187,3.76486,,129,,15.2
1188,3.76909,,128,,14.2
1189,3.77292,,128,,14
1190,3.77651,,128,,13.8
1191,3.78015,,128,,13.6
1192,3.7838,,128,,13.2
1193,3.78735,,128,,13.6
1194,3.79088,,128,,13
1195,3.79501,,128,,12
1196,3.79928,,128,,11.2
1197,3.8037,,128,,10
1198,3.80776,,128,,10
1199,3.81155,,129,,10.4
1200,3.81575,,129,,10
1201,3.82007,,129,,9.6
1202,3.82408,,129,,10
1203,3.82804,,129,,10
1204,3.83212,,128,,10.2
1205,3.83584,,128,,10.4
1206,3.83939,,125,,10.4
1207,3.84326,,121,,10.6
1208,3.84696,,116,,10.4
1209,3.85067,,120,,10.2
1210,3.85469,,125,,9.8
1211,3.85873,,131,,9.6
1212,3.8627,,134,,9.8
1213,3.86672,,133,,10.4
1214,3.87078,,133,,10.8
1215,3.87448,,133,,11.6
1216,3.87823,,134,,12.4
1217,3.88216,,134,,12.8
1218,3.88624,,134,,13.6
1219,3.89024,,134,,14.4
1220,3.89395,,134,,15.4
1221,3.89777,,134,,16.4
1222,3.90157,,134,,17.4
1223,3.90572,,134,,18
1224,3.90935,,134,,19.4
1225,3.91323,,134,,20.4
1226,3.91668,,134,,22.4
1227,3.92026,,134,,23.8
1228,3.92303,,134,,27
1229,3.92666,,134,,27.8
1230,3.92991,,134,,28.6
1231,3.93337,,133,,29
1232,3.93655,,133,,31
1233,3.93981,,133,,32.2
1234,3.94215,,133,,34
1235,3.94472,,133,,35
1236,3.94714,,132,,35.8
1237,3.94997,,131,,36.8
1238,3.95311,,131,,38
1239,3.95765,,130,,37.6
1240,3.96248,,130,,36.4
1241,3.96699,,129,,35
1242,3.97137,,129,,33
1243,3.97611,,129,,31.4
1244,3.98126,,130,,30.6
1245,3.9864,,130,,29.8
1246,3.99189,,130,,29
1247,3.99661,,130,,28.2
1248,4.00091,,130,,27.4
1249,4.00553,,130,,26.8
1250,4.01006,,130,,25.6
1251,4.01413,,129,,24.8
1252,4.01787,,129,,24.4
1253,4.02135,,129,,23.6
1254,4.02442,,129,,23
1255,4.02697,,129,,23
1256,4.02971,,129,,23.4
1257,4.03247,,129,,23.4
1258,4.03595,,129,,23.6
1259,4.03935,,128,,23.4
1260,4.04273,,128,,22.2
1261,4.04639,,128,,21.8
1262,4.04964,,128,,21.8
1263,4.05327,,128,,21.8
1264,4.05687,,128,,22
1265,4.06034,,128,,21.8
1266,4.06332,,129,,21.2
1267,4.06646,,129,,21.4
1268,4.06955,,129,,21.4
1269,4.07285,,129,,21.4
1270,4.07639,,129,,21.2
1271,4.08035,,128,,21.8
1272,4.08371,,128,,21.4
1273,4.08673,,128,,20.8
1274,4.08999,,129,,20.8
1275,4.09316,,129,,20.4
1276,4.09693,,129,,20
1277,4.10052,,129,,19.6
1278,4.1039,,130,,18.6
1279,4.1075,,130,,18.6
1280,4.11086,,130,,18.2
1281,4.11498,,130,,18
1282,4.11887,,131,,17.4
1283,4.12236,,131,,17.2
1284,4.12609,,131,,17.4
1285,4.13017,,133,,17.4
1286,4.1342,,133,,16.2
1287,4.1384,,133,,15.4
1288,4.14244,,133,,14.6
1289,4.14713,,133,,14.8
1290,4.15188,,133,,15.2
1291,4.15655,,133,,15.2
1292,4.16134,,129,,16.4
1293,4.16605,,129,,17.2
1294,4.17023,,129,,17
1295,4.17438,,129,,17.4
1296,4.17867,,129,,18
1297,4.18296,,129,,18.2
1298,4.18713,,129,,18.6
1299,4.19148,,129,,20.2
1300,4.19565,,128,,20.8
1301,4.19925,,128,,20.8
1302,4.20273,,128,,21.2
1303,4.20654,,128,,21.6
1304,4.20998,,128,,21.6
1305,4.21354,,128,,21.4
1306,4.21692,,128,,20.8
1307,4.22048,,131,,21
1308,4.22427,,131,,21.4
1309,4.22814,,130,,22
1310,4.23216,,131,,22.6
1311,4.23604,,131,,23.2
1312,4.24006,,131,,23.2
1313,4.24397,,131,,23
1314,4.24729,,131,,22.6
1315,4.25114,,130,,23
1316,4.25508,,131,,23.4
1317,4.25891,,133,,24
1318,4.26283,,133,,24.8
1319,4.26664,,133,,25
1320,4.27071,,135,,24.8
1321,4.27441,,136,,24.4
1322,4.27841,,135,,24
1323,4.28249,,134,,23.6
1324,4.28645,,135,,24
1325,4.28989,,136,,23.8
1326,4.2938,,135,,25.4
1327,4.2973,,134,,25.8
1328,4.30034,,137,,25.6
1329,4.303,,137,,24.8
1330,4.30532,,137,,23.4
1331,4.30715,,137,,22.8
1332,4.30847,,136,,22.2
1333,4.30912,,136,,20.6
1334,4.30912,,135,,20.6
1335,4.3099,,135,,20
1336,4.31079,,134,,19.4
1337,4.31213,,134,,18.2
1338,4.31213,,133,,18.2
1339,4.31271,,133,,17.4
1340,4.31324,,133,,17
1341,4.31328,,133,,16.6
1342,4.31332,,133,,16
1343,4.31368,,132,,16
1344,4.31428,,132,,14.8
1345,4.31464,,132,,14.2
1346,4.31496,,131,,14
1347,4.31535,,131,,13.6
1348,4.31575,,131,,13.6
1349,4.3161,,131,,13.2
1350,4.31637,,130,,13
1351,4.31662,,130,,13
1352,4.31674,,130,,11.8
1353,4.31739,,130,,11.8
1354,4.31794,,130,,11.6
1355,4.31828,,130,,11.6
1356,4.31866,,130,,11.4
1357,4.31882,,130,,11.2
1358,4.31921,,130,,10
1359,4.31951,,130,,10.2
1360,4.31965,,130,,10.4
1361,4.31978,,129,,10
1362,4.32041,,129,,9.2
1363,4.32084,,128,,8.8
1364,4.32177,,127,,8.6
1365,4.32223,,127,,7.8
1366,4.32238,,127,,7.2
1367,4.32238,,126,,7.2
1368,4.32238,,125,,7.8
1369,4.3225,,125,,8.4
1370,4.32302,,124,,9.2
1371,4.32386,,124,,9.8
1372,4.32421,,123,,10
1373,4.32424,,122,,9.8
1374,4.32424,,122,,9.8
1375,4.32428,,122,,9.8
1376,4.32436,,121,,9.8
1377,4.32451,,121,,9.6
1378,4.32455,,121,,9.6
1379,4.32456,,121,,9.4
1380,4.32463,,120,,9.4
1381,4.32471,,119,,9.2
1382,4.32471,,119,,9.2
1383,4.32473,,118,,9.2
1384,4.32473,,118,,9.2
1385,4.32475,,115,,9.2
1386,4.32477,,114,,9.2
1387,4.32485,,114,,9.2
1388,4.32485,,114,,9.2
1389,4.32491,,113,,9
1390,4.32503,,112,,9
1391,4.32526,,112,,8.8
1392,4.32556,,110,,8.8
1393,4.32582,,110,,8.6
1394,4.32611,,109,,8.6
1395,4.32629,,107,,8.6
1396,4.32642,,107,,8.6
1397,4.32657,,106,,8.4
1398,4.3267,,105,,8.4
1399,4.3267,,103,,8.4
1400,4.32684,,102,,8.4
1401,4.32692,,101,,8.2
1402,4.32715,,99,,8.2
1403,4.32721,,98,,8
1404,4.32733,,98,,8
1405,4.32757,,97,,8
1406,4.32768,,96,,7.8
1407,4.3278,,96,,7.6
1408,4.32789,,96,,7.4
1409,4.328,,95,,7.4
1410,4.32808,,95,,7.4
1411,4.32815,,95,,7.2
1412,4.32857,,94,,7
1413,4.32875,,94,,7
1414,4.32875,,94,,6.4
1415,4.32917,,93,,6.2
1416,4.3293,,92,,5.8
1417,4.32956,,92,,5.8
1418,4.32972,,92,,5.6
1419,4.33002,,91,,5.6
1420,4.33073,,90,,5.2
1421,4.33097,,90,,5.2
1422,4.33115,,89,,5.2
1423,4.33135,,89,,5
1424,4.3317,,81,,5.2
1425,4.3317,,76,,5.2
1426,4.33193,,75,,5.2
1427,4.33196,,74,,5.4
1428,4.33203,,73,,5.4
1429,4.33217,,72,,5.4
1430,4.3323,,72,,5.2
1431,4.33242,,72,,5.2
1432,4.33246,,72,,5
1433,4.33246,,72,,5
1434,4.33246,,72,,4.8
1435,4.33246,,72,,4.8
1436,4.33259,,72,,4.8
1437,4.3326,,71,,4.6
1438,4.33264,,71,,4.6
1439,4.33275,,72,,4.6
1440,4.33291,,73,,4.4
1441,4.33316,,75,,4.4
1442,4.33336,,77,,4.2
1443,4.33336,,78,,4.2
1444,4.3334,,78,,4.2
1445,4.3334,,78,,4
1446,4.33353,,79,,4
1447,4.33362,,83,,4
1448,4.3338,,83,,4
1449,4.33399,,83,,3.8
1450,4.33399,,84,,3.8
1451,4.33399,,85,,3.8
1452,4.33399,,85,,3.8
1453,4.33399,,85,,3.8
1454,4.33399,,85,,3.8
1455,4.33399,,85,,4
1456,4.33399,,85,,4
1457,4.3341,,85,,4.2
1458,4.33413,,85,,4.2
1459,4.33413,,84,,4.2
1460,4.33415,,84,,4.2
1461,4.33424,,83,,4
1462,4.33432,,83,,4
1463,4.33439,,82,,4
1464,4.33439,,81,,4
1465,4.33439,,81,,4
1466,4.33439,,80,,4.2
1467,4.3344,,80,,4.2
1468,4.33442,,79,,4.2
1469,4.33442,,79,,4.2
1470,4.33442,,79,,4.2
1471,4.33445,,78,,4.2
1472,4.33452,,78,,4.2
1473,4.33462,,78,,4.2
1474,4.3349,,78,,4.2
1475,4.33525,,77,,4
1476,4.33553,,77,,4.2
1477,4.33586,,77,,4.2
1478,4.33586,,77,,4.6
1479,4.33595,,77,,4.6
1480,4.33595,,76,,4.8
1481,4.3361,,76,,4.6
1482,4.33635,,76,,4.4
1483,4.33683,,76,,4.6
1484,4.33709,,76,,4.6
1485,4.33734,,75,,5
1486,4.33752,,75,,5.2
1487,4.33756,,75,,5.4
1488,4.33769,,74,,5.8
1489,4.33782,,73,,6.4
1490,4.33784,,73,,6.6
1491,4.33817,,72,,6.8
1492,4.33856,,72,,6.8
1493,4.33882,,72,,7
1494,4.33893,,73,,7
1495,4.33907,,75,,7.2
1496,4.33926,,77,,7.2
1497,4.33942,,80,,7.4
1498,4.33967,,81,,7.6
1499,4.34011,,83,,7.8
1500,4.34041,,87,,8
1501,4.34075,,86,,8.2
1502,4.34114,,88,,8.2
1503,4.34176,,93,,8.2
1504,4.34222,,97,,8.4
1505,4.34222,,102,,8.2
1506,4.34234,,107,,8.2
1507,4.34275,,109,,8.4
1508,4.34343,,109,,8.4
1509,4.34418,,109,,8.6
1510,4.34472,,108,,8.4
1511,4.34518,,106,,8.4
1512,4.34575,,107,,8.4
1513,4.34611,,107,,8.4
1514,4.3463,,110,,8.4
1515,4.34636,,112,,8.6
1516,4.34669,,112,,9
1517,4.34688,,115,,9.4
1518,4.34717,,118,,9.8
1519,4.34747,,119,,10.4
1520,4.34801,,118,,10.6
1521,4.34837,,113,,11
1522,4.34876,,114,,11.2
1523,4.34907,,114,,11.4
1524,4.34939,,114,,11.6
1525,4.34957,,113,,11.6
1526,4.34979,,111,,11.2
1527,4.34993,,109,,11
1528,4.34993,,108,,11.2
1529,4.34993,,107,,11.8
1530,4.34993,,107,,12.4
1531,4.34993,,107,,12.4
1532,4.35042,,107,,12.2
1533,4.35073,,107,,11.8
1534,4.35188,,107,,11.8
1535,4.35263,,107,,12
1536,4.35324,,107,,11.8
1537,4.35364,,107,,11.4
1538,4.35429,,107,,10.2
1539,4.3545,,107,,10
1540,4.35628,,107,,9.8
1541,4.35727,,106,,10
1542,4.36064,,106,,10.6
1543,4.3618,,106,,10.8
1544,4.36325,,106,,11.4
1545,4.36436,,106,,11.6
1546,4.36475,,105,,11
1547,4.36584,,105,,11.4
1548,4.36623,,105,,11.4
1549,4.36625,,105,,8
1550,4.3665,,105,,6.8
1551,4.3665,,105,,6
1552,4.36815,,105,,4.4
1553,4.36863,,105,,3.8
1554,4.36881,,104,,3.6
1555,4.36888,,104,,4.4
1556,4.36911,,103,,4.2
1557,4.36954,,103,,4.2
1558,4.37034,,102,,4.4
1559,4.37093,,102,,4.6
1560,4.37176,,102,,4.8
1561,4.37257,,102,,5.2
1562,4.37325,,102,,5.8
1563,4.37424,,101,,6
1564,4.37443,,98,,6.2
1565,4.37463,,96,,6.4
1566,4.37575,,95,,7.2
1567,4.37698,,94,,8
1568,4.37775,,94,,8.2
1569,4.37893,,94,,8
1570,4.38041,,92,,8
1571,4.38181,,96,,7.4
1572,4.38332,,102,,7.2
1573,4.38494,,106,,7.4
1574,4.38634,,109,,7.8
1575,4.38768,,111,,8.8
1576,4.38876,,111,,9.6
1577,4.38982,,113,,10.4
1578,4.39077,,113,,10.2
1579,4.39159,,114,,10.2
1580,4.39223,,111,,10.2
1581,4.39257,,111,,10
1582,4.39314,,113,,9.8
1583,4.39349,,115,,9.6
1584,4.39395,,122,,8.6
1585,4.39451,,123,,8.4
1586,4.39523,,124,,7.8
1587,4.39629,,127,,7
1588,4.39728,,128,,6.6
1589,4.39851,,126,,6
1590,4.39984,,126,,5.4
1591,4.4011,,122,,4.8
1592,4.40237,,122,,5.2
1593,4.40406,,122,,4.6
1594,4.40635,,122,,4.4
1595,4.40827,,122,,4.8
1596,4.4101,,121,,5.4
1597,4.4119,,119,,5.8
1598,4.41324,,121,,6.2
1599,4.41497,,125,,6.4
1600,4.41663,,129,,6.6
1601,4.41791,,126,,6.6
1602,4.41947,,124,,6.6
1603,4.42105,,122,,6.4
1604,4.42238,,126,,6.6
1605,4.42339,,126,,6.6
1606,4.42436,,122,,6.8
1607,4.42531,,122,,7.4
1608,4.4264,,121,,8.4
1609,4.42731,,122,,8.2
1610,4.4281,,122,,7.8
1611,4.42901,,122,,7.8
1612,4.42983,,122,,7.6
1613,4.43104,,121,,7.8
1614,4.43172,,121,,7.6
1615,4.43225,,120,,7
1616,4.43281,,119,,6.2
1617,4.43326,,118,,6
1618,4.43375,,117,,5.6
1619,4.434,,114,,5.6
1620,4.43463,,114,,5.4
1621,4.43536,,114,,5.2
1622,4.43649,,110,,5.2
1623,4.43779,,109,,5.2
1624,4.43888,,109,,5.2
1625,4.43951,,108,,5
1626,4.44008,,108,,4.8
1627,4.44053,,107,,4.8
1628,4.44077,,105,,5
1629,4.44078,,105,,5
1630,4.4409,,104,,4.8
1631,4.4409,,103,,4.8
1632,4.4409,,101,,4.8
1633,4.44106,,101,,5
1634,4.44126,,99,,5
1635,4.44129,,98,,4.8
1636,4.44143,,97,,4.4
1637,4.44147,,97,,4.8
1638,4.44175,,96,,4.4
1639,4.44175,,96,,4.4
1640,4.44175,,95,,4.4
1641,4.44175,,95,,4.2
1642,4.44175,,94,,4.2
1643,4.44198,,94,,2.6
1644,4.44198,,94,,2.2
1645,4.44198,,93,,2.2
1646,4.44199,,93,,2.4
1647,4.44202,,92,,2.2
1648,4.44207,,92,,2.2
1649,4.4424,,91,,2.2
1650,4.44257,,91,,2.2
1651,4.44269,,90,,2.2
1652,4.44269,,90,,2.4
1653,4.44269,,90,,2.4
1654,4.44276,,90,,2.4
1655,4.44282,,89,,2.4
1656,4.44283,,89,,2.4
1657,4.44285,,89,,2.4
1658,4.44285,,89,,2.4
1659,4.44313,,88,,2.6
1660,4.44331,,88,,2.6
1661,4.44338,,88,,2.6
1662,4.44429,,87,,2.8
1663,4.44457,,87,,3.2
1664,4.44469,,87,,3
1665,4.4454,,87,,3
1666,4.44598,,87,,3
1667,4.44635,,87,,3
1668,4.44666,,87,,3
1669,4.44668,,87,,3.2
1670,4.4469,,87,,3.4
1671,4.44707,,87,,3.4
1672,4.44728,,88,,3.4
1673,4.44752,,88,,3.6
1674,4.44753,,88,,3.8
1675,4.44772,,88,,3.8
1676,4.44788,,88,,4
1677,4.44788,,88,,4.2
1678,4.44789,,88,,4.2
1679,4.44797,,88,,4.2
1680,4.44809,,88,,4.4
1681,4.44817,,88,,4.4
1682,4.44855,,88,,4.6
1683,4.44855,,88,,4.6
1684,4.44862,,88,,4.8
1685,4.44872,,88,,4.8
1686,4.44874,,88,,4.8
1687,4.44897,,87,,5
1688,4.44898,,87,,5
1689,4.44899,,88,,5
1690,4.44899,,88,,5
1691,4.44901,,88,,5
1692,4.44942,,88,,5.4
1693,4.44992,,88,,5.6
1694,4.45106,,88,,6.4
1695,4.45227,,88,,6.8
1696,4.45325,,88,,6.8
1697,4.45422,,88,,6.8
1698,4.45471,,88,,6.8
1699,4.45494,,88,,6.8
1700,4.45526,,87,,6.6
1701,4.45526,,89,,6
1702,4.45579,,91,,5
1703,4.45612,,95,,4.8
1704,4.45627,,98,,4.4
1705,4.45659,,104,,5.6
1706,4.45659,,106,,4.8
1707,4.45659,,107,,4.6
1708,4.45667,,106,,4.6
1709,4.45667,,103,,4.6
1710,4.45667,,103,,4.4
1711,4.45681,,102,,4
1712,4.45683,,102,,4
1713,4.45707,,103,,4
1714,4.45739,,104,,4
1715,4.45753,,103,,4.2
1716,4.45758,,105,,4.2
1717,4.45763,,106,,4
1718,4.45799,,108,,3.8
1719,4.45799,,110,,3.8
1720,4.45801,,110,,4
1721,4.45838,,110,,3.8
1722,4.45844,,110,,4
1723,4.45862,,112,,4
1724,4.45908,,112,,4.2
1725,4.45932,,114,,4
1726,4.45959,,115,,4
1727,4.45964,,117,,3.8
1728,4.45979,,117,,3.8
1729,4.45979,,117,,3.8
1730,4.45992,,117,,3.8
1731,4.46025,,113,,4
1732,4.4609,,114,,3.8
1733,4.46155,,114,,3.8
1734,4.46201,,114,,3.8
1735,4.4622,,113,,3.8
1736,4.46241,,113,,3.4
1737,4.46255,,113,,3.6
1738,4.46272,,110,,3.8
1739,4.46297,,110,,3.8
1740,4.46369,,110,,3.6
1741,4.46436,,110,,3.6
1742,4.46525,,110,,3.4
1743,4.46668,,110,,3.2
1744,4.46861,,110,,3
1745,4.47349,,111,,3.4
1746,4.47697,,111,,3.4
1747,4.48143,,111,,3.6
1748,4.48629,,111,,3.8
1749,4.4914,,111,,4
1750,4.49665,,111,,4
1751,4.50184,,110,,4
1752,4.50712,,106,,4.2
1753,4.51245,,106,,4.2
1754,4.51771,,108,,4.2
1755,4.52274,,110,,4.8
1756,4.52763,,114,,5
1757,4.5326,,118,,5.4
1758,4.53749,,122,,5.4
1759,4.54231,,122,,5
1760,4.54712,,122,,5.2
1761,4.55201,,123,,4.8
1762,4.55649,,122,,4.4
1763,4.56081,,120,,3.8
1764,4.56523,,114,,3.8
1765,4.5698,,112,,3.4
1766,4.57456,,110,,3.4
1767,4.57954,,108,,3.2
1768,4.5844,,109,,4.2
1769,4.58964,,107,,4.2
1770,4.5947,,107,,4.4
1771,4.59986,,109,,3.8
1772,4.60505,,109,,3.8
1773,4.61007,,108,,3.6
1774,4.61549,,111,,4.2
1775,4.62067,,113,,4
1776,4.62616,,118,,4
1777,4.63156,,121,,4.8
1778,4.63727,,123,,5.2
1779,4.64283,,126,,5.4
1780,4.64814,,126,,5.6
1781,4.65324,,125,,5.6
1782,4.65837,,124,,6
1783,4.66362,,122,,6.2
1784,4.66877,,118,,6.4
1785,4.67364,,120,,6.2
1786,4.67853,,120,,5
1787,4.68368,,120,,4.4
1788,4.6888,,121,,4.4
1789,4.6943,,120,,4.2
1790,4.69952,,125,,3.4
1791,4.70475,,127,,3.2
1792,4.70999,,127,,3
1793,4.71529,,128,,2.6
1794,4.72045,,127,,1.8
1795,4.72554,,126,,1.2
1796,4.73071,,127,,0.2
1797,4.73566,,127,,0.2
1798,4.74092,,127,,-0.2
1799,4.74602,,127,,-0.6
1800,4.75114,,127,,-0.8
1801,4.75597,,127,,-1.4
1802,4.76084,,127,,-1.4
1803,4.76581,,127,,-1.6
1804,4.77066,,127,,-1.6
1805,4.7757,,127,,-2
1806,4.78016,,127,,-2
1807,4.78463,,126,,-2
1808,4.78891,,126,,-2
1809,4.79243,,126,,-2
1810,4.79555,,126,,-1.8
1811,4.79838,,126,,-1.6
1812,4.80055,,126,,-1.2
1813,4.80242,,126,,-1.2
1814,4.80408,,126,,-1.2
1815,4.80568,,126,,-1.2
1816,4.80744,,126,,-1.2
1817,4.80984,,125,,-1
1818,4.81198,,125,,-1.4
1819,4.81419,,124,,-1.6
1820,4.81645,,124,,-1.4
1821,4.81854,,123,,-1.4
1822,4.82088,,123,,-1.2
1823,4.82326,,123,,-1.2
1824,4.82593,,122,,-1
1825,4.82849,,122,,-1.2
1826,4.83077,,122,,-1.8
1827,4.83355,,122,,-1.8
1828,4.83585,,122,,-1.6
1829,4.8383,,121,,-1.4
1830,4.84112,,121,,-1.4
1831,4.84374,,121,,-2
1832,4.84629,,121,,-2.6
1833,4.84891,,121,,-2.8
1834,4.85152,,121,,-2.8
1835,4.85421,,121,,-2.6
1836,4.85707,,121,,-2.4
1837,4.86006,,121,,-1.6
1838,4.86275,,121,,-1
1839,4.86544,,121,,-0.4
1840,4.86811,,121,,0
1841,4.87076,,120,,0.6
1842,4.87351,,120,,0.4
1843,4.87646,,120,,0.2
1844,4.87938,,120,,0.6
1845,4.88251,,119,,1
1846,4.88579,,119,,0.8
1847,4.8888,,119,,1
1848,4.89179,,120,,1.2
1849,4.89502,,120,,0.6
1850,4.8982,,121,,0.4
1851,4.90168,,121,,0.4
1852,4.90558,,122,,-0.2
1853,4.91008,,122,,0
1854,4.91473,,123,,0.2
1855,4.91958,,123,,0.8
1856,4.92463,,123,,1
1857,4.92948,,123,,1.2
1858,4.93447,,123,,1
1859,4.93914,,123,,1.4
1860,4.94369,,123,,1
1861,4.94806,,123,,1.8
1862,4.95269,,123,,1.6
1863,4.9576,,122,,2
1864,4.9626,,122,,2
1865,4.96775,,122,,1.6
1866,4.97302,,121,,2
1867,4.97841,,121,,2.4
1868,4.98345,,121,,2.6
1869,4.98837,,121,,3
1870,4.99304,,121,,3
1871,4.99791,,120,,2.6
1872,5.00263,,120,,3
1873,5.00718,,120,,2.4
1874,5.01155,,119,,3
1875,5.01589,,119,,2.6
1876,5.02018,,119,,3.2
1877,5.02471,,119,,3.4
1878,5.02935,,119,,3.4
1879,5.03346,,119,,3.6
1880,5.0377,,120,,3.4
1881,5.042,,120,,4
1882,5.04653,,121,,4
1883,5.05132,,121,,4
1884,5.05627,,121,,4
1885,5.06135,,121,,4.4
1886,5.06655,,121,,4.2
1887,5.0717,,122,,4.6
1888,5.07655,,122,,5.2
1889,5.08172,,122,,5
1890,5.08658,,122,,5
1891,5.09131,,122,,4.8
1892,5.09605,,122,,4
1893,5.10045,,121,,3.8
1894,5.10476,,121,,4
1895,5.10924,,121,,4.2
1896,5.11385,,121,,4.4
1897,5.11839,,121,,4.2
1898,5.12342,,121,,4
1899,5.12817,,121,,4
1900,5.13355,,121,,3.4
1901,5.13837,,121,,3.4
1902,5.14328,,121,,3.4
1903,5.14809,,121,,3
1904,5.15296,,121,,3
1905,5.15792,,121,,3
1906,5.16251,,121,,3.2
1907,5.16698,,122,,3
1908,5.17151,,122,,3.2
1909,5.17621,,122,,3
1910,5.1806,,122,,2.4
1911,5.18516,,122,,2.2
1912,5.1897,,122,,2.4
1913,5.19408,,122,,2
1914,5.19876,,122,,1.4
1915,5.20331,,121,,1.2
1916,5.20822,,121,,1
1917,5.21296,,121,,0.6
1918,5.21713,,121,,0.4
1919,5.22089,,121,,-0.4
1920,5.22409,,121,,-1
1921,5.22682,,121,,-1.4
1922,5.22909,,121,,-1.4
1923,5.23069,,122,,-1.6
1924,5.23178,,122,,-1.6
1925,5.23267,,122,,-2
1926,5.23313,,121,,-2.2
1927,5.23354,,121,,-2.6
1928,5.23511,,121,,-3
1929,5.23737,,121,,-3.4
1930,5.24056,,121,,-3.6
1931,5.24405,,121,,-3.6
1932,5.24747,,121,,-4
1933,5.25095,,120,,-4.2
1934,5.25447,,120,,-4.4
1935,5.25822,,120,,-4.6
1936,5.26199,,121,,-4.8
1937,5.2657,,121,,-5.6
1938,5.26932,,122,,-5.8
1939,5.27349,,122,,-5.6
1940,5.27758,,122,,-5.6
1941,5.28134,,122,,-6.2
1942,5.28553,,122,,-6.4
1943,5.28949,,122,,-6.8
1944,5.29339,,122,,-7
1945,5.29729,,122,,-7.2
1946,5.30139,,122,,-7
1947,5.30545,,122,,-6.6
1948,5.30946,,123,,-6
1949,5.31314,,123,,-5.6
1950,5.31701,,123,,-4.8
1951,5.32068,,123,,-3.8
1952,5.32394,,123,,-3.8
1953,5.32734,,123,,-3.8
1954,5.3308,,123,,-3.6
1955,5.33418,,123,,-3.6
1956,5.33809,,123,,-3.6
1957,5.34232,,123,,-2.2
1958,5.34685,,123,,-1
1959,5.35184,,123,,-0.6
1960,5.35689,,123,,-0.2
1961,5.3618,,123,,0.8
1962,5.36665,,123,,1.6
1963,5.37134,,124,,2
1964,5.37592,,124,,2.2
1965,5.38062,,124,,3
1966,5.38525,,124,,3.2
1967,5.38997,,125,,4
1968,5.39452,,125,,4
1969,5.3993,,125,,4
1970,5.40402,,125,,4
1971,5.40863,,125,,3.6
1972,5.41297,,125,,3.8
1973,5.41752,,125,,3.6
1974,5.42208,,125,,3.4
1975,5.42637,,125,,3
1976,5.43103,,125,,2.8
1977,5.43545,,125,,2.4
1978,5.43991,,125,,2.2
1979,5.44427,,125,,2.4
1980,5.44905,,125,,1.8
1981,5.45401,,126,,2
1982,5.45895,,125,,1.8
1983,5.46393,,125,,1.6
1984,5.4685,,125,,1.8
1985,5.47319,,125,,2.2
1986,5.47778,,124,,2.4
1987,5.4827,,124,,2.6
1988,5.48733,,124,,2.6
1989,5.49217,,124,,2.4
1990,5.49707,,124,,2.2
1991,5.50245,,124,,1.6
1992,5.50818,,124,,1.6
1993,5.51392,,125,,1
1994,5.51951,,125,,1
1995,5.52479,,125,,1.2
1996,5.53002,,125,,1.4
1997,5.53551,,125,,1
1998,5.54066,,125,,0.8
1999,5.5458,,125,,0.8
2000,5.55102,,125,,0.4
2001,5.55636,,124,,-0.8
2002,5.5617,,125,,-0.8
2003,5.56736,,125,,-1
2004,5.57274,,125,,-1.4
2005,5.57827,,125,,-2.2
2006,5.58349,,125,,-2.2
2007,5.58888,,126,,-1.8
2008,5.59408,,126,,-2
2009,5.59934,,127,,-2.4
2010,5.60453,,128,,-2.6
2011,5.60952,,128,,-2.6
2012,5.61442,,128,,-2.4
2013,5.61951,,128,,-2.2
2014,5.62467,,128,,-1.8
2015,5.62935,,128,,-1.8
2016,5.63438,,128,,-1.4
2017,5.63896,,128,,-1.4
2018,5.6434,,127,,-1.4
2019,5.64799,,127,,-1.4
2020,5.65244,,125,,-1.6
2021,5.65669,,122,,-1.8
2022,5.66063,,122,,-1.8
2023,5.66412,,122,,-1.8
2024,5.66795,,127,,-1
2025,5.67099,,127,,-0.2
2026,5.6735,,129,,-0.2
2027,5.6765,,129,,0.4
2028,5.67921,,130,,0.6
2029,5.68164,,131,,0.6
2030,5.6843,,132,,0.6
2031,5.68661,,133,,0.4
2032,5.68888,,133,,0.4
2033,5.69159,,134,,0.8
2034,5.69419,,134,,1
2035,5.69718,,134,,2
2036,5.70037,,134,,2.8
2037,5.70339,,134,,3
2038,5.70643,,133,,3
2039,5.70982,,133,,3.6
2040,5.71326,,132,,3.4
2041,5.71649,,132,,3
2042,5.72022,,132,,3.4
2043,5.72391,,132,,4.2
2044,5.7273,,132,,4.4
2045,5.73074,,132,,5.2
2046,5.734,,132,,5.6
2047,5.73725,,132,,5.6
2048,5.74051,,132,,5.4
2049,5.74367,,131,,5.4
2050,5.74702,,131,,5.4
2051,5.75045,,131,,5
2052,5.75364,,130,,5
2053,5.75696,,130,,4.2
2054,5.76037,,129,,3.8
2055,5.76365,,129,,4
2056,5.76653,,129,,4.2
2057,5.76963,,129,,4
2058,5.77304,,130,,4.2
2059,5.7771,,129,,4.2
2060,5.78183,,129,,4.4
2061,5.78686,,129,,4
2062,5.79191,,128,,4.6
2063,5.79721,,128,,4.4
2064,5.80237,,127,,5
2065,5.80749,,127,,5
2066,5.81246,,126,,5.8
2067,5.81779,,126,,5.8
2068,5.82314,,126,,6.2
2069,5.82846,,126,,7
2070,5.83366,,126,,6.8
2071,5.8386,,126,,7.4
2072,5.84354,,126,,7.8
2073,5.84822,,126,,8.2
2074,5.85294,,126,,7.8
2075,5.85775,,126,,7.6
2076,5.86264,,126,,7.2
2077,5.86755,,126,,7.8
2078,5.87237,,127,,7.2
2079,5.87738,,127,,7.4
2080,5.88238,,128,,7.4
2081,5.88737,,128,,7.4
2082,5.8922,,129,,7.2
2083,5.89706,,129,,7
2084,5.90174,,130,,7.2
2085,5.90637,,131,,7.4
2086,5.91106,,131,,7.6
2087,5.91556,,131,,7.8
2088,5.92014,,132,,8
2089,5.92486,,132,,8
2090,5.92992,,133,,8.2
2091,5.93496,,133,,8.4
2092,5.94053,,132,,7.6
2093,5.94548,,132,,7.6
2094,5.95061,,132,,7.2
2095,5.95615,,131,,6.8
2096,5.96122,,131,,6.8
2097,5.96624,,131,,6.4
2098,5.97109,,130,,6
2099,5.97629,,130,,5.4
2100,5.98146,,130,,5
2101,5.98651,,130,,4.6
2102,5.99142,,129,,4.2
2103,5.99644,,129,,4.2
2104,6.00152,,129,,3.4
2105,6.00636,,129,,3.6
2106,6.01145,,129,,3.6
2107,6.01639,,129,,3.6
2108,6.0215,,129,,4
2109,6.02624,,130,,4
2110,6.03137,,130,,3.8
2111,6.0365,,130,,3.4
2112,6.04127,,131,,3.2
2113,6.04637,,132,,3
2114,6.05118,,132,,3
2115,6.05628,,132,,2.6
2116,6.06119,,132,,3
2117,6.06667,,132,,3.4
2118,6.07127,,132,,3.8
2119,6.07613,,131,,3.8
2120,6.08087,,131,,3
2121,6.08565,,131,,2.4
2122,6.09052,,131,,1.8
2123,6.09511,,131,,1.4
2124,6.09956,,130,,1.6
2125,6.10412,,130,,1.6
2126,6.10826,,130,,2.2
2127,6.11266,,130,,2.2
2128,6.11669,,129,,2.2
2129,6.12001,,129,,1.8
2130,6.12316,,129,,1.2
2131,6.12596,,129,,1.2
2132,6.12888,,129,,1
2133,6.13165,,128,,0.8
2134,6.13435,,128,,0.8
2135,6.13749,,128,,0.4
2136,6.14055,,128,,-0.2
2137,6.14337,,128,,-0.4
2138,6.14644,,128,,-0.6
2139,6.14992,,128,,-0.4
2140,6.15306,,128,,0
2141,6.15661,,129,,0.6
2142,6.1602,,128,,0.6
2143,6.16355,,128,,0.6
2144,6.16695,,128,,1
2145,6.16985,,128,,0.4
2146,6.17289,,128,,0.2
2147,6.17598,,128,,0.4
2148,6.17913,,128,,0.8
2149,6.18196,,127,,-0.4
2150,6.18505,,127,,-0.4
2151,6.18829,,128,,-0.4
2152,6.19163,,128,,-0.6
2153,6.19531,,128,,0
2154,6.19872,,128,,0.4
2155,6.20206,,129,,0.6
2156,6.20551,,129,,0.6
2157,6.20857,,130,,0.6
2158,6.2118,,130,,0.6
2159,6.21557,,130,,1.4
2160,6.21957,,130,,2
2161,6.22421,,130,,2.4
2162,6.22918,,131,,3
2163,6.2342,,131,,4
2164,6.23936,,131,,4.4
2165,6.24471,,131,,5.4
2166,6.24993,,131,,5.8
2167,6.2551,,131,,6.2
2168,6.26014,,132,,6.8
2169,6.26513,,132,,7
2170,6.27026,,131,,7.4
2171,6.2753,,131,,7.4
2172,6.28049,,131,,7.8
2173,6.2857,,132,,7.8
2174,6.29104,,131,,8
2175,6.29616,,131,,7.8
2176,6.30115,,131,,8
2177,6.30635,,128,,8.2
2178,6.31135,,124,,8.4
2179,6.31648,,124,,8.2
2180,6.32155,,124,,8.6
2181,6.32672,,121,,8.6
2182,6.3318,,121,,8.8
2183,6.33676,,120,,8.4
2184,6.34201,,120,,8.4
2185,6.34741,,119,,8
2186,6.35247,,119,,8.2
2187,6.35779,,119,,8.8
2188,6.36315,,118,,8.8
2189,6.36837,,118,,9
2190,6.37353,,118,,9.4
2191,6.37882,,118,,9.6
2192,6.38437,,118,,9.8
2193,6.38963,,118,,10.4
2194,6.3952,,118,,11
2195,6.4008,,118,,11.6
2196,6.40675,,118,,11.2
2197,6.41237,,118,,10.2
2198,6.41768,,118,,10
2199,6.42268,,118,,9.8
2200,6.42786,,118,,9.8
2201,6.43326,,118,,8.8
2202,6.43844,,119,,8.2
2203,6.44387,,120,,7
2204,6.44959,,123,,6.4
2205,6.45565,,123,,5.6
2206,6.46136,,124,,5.4
2207,6.46693,,126,,5.2
2208,6.47214,,126,,5.4
2209,6.47753,,127,,5.6
2210,6.48259,,127,,5.6
2211,6.48769,,127,,5.4
2212,6.49282,,126,,5.6
2213,6.49822,,126,,5.6
2214,6.50329,,126,,5
2215,6.50862,,125,,4.8
2216,6.51368,,125,,4.4
2217,6.51875,,125,,4
2218,6.52379,,125,,2.8
2219,6.52876,,124,,2.2
2220,6.53398,,124,,1.8
2221,6.5388,,124,,1.6
2222,6.54341,,124,,1.4
2223,6.54694,,124,,1.4
2224,6.55022,,124,,1.4
2225,6.55332,,124,,1.4
2226,6.55588,,124,,1.4
2227,6.55832,,124,,1.2
2228,6.56094,,124,,1.2
2229,6.56094,,124,,1
2230,6.56342,,124,,1
2231,6.56649,,125,,0.8
2232,6.56914,,125,,0.6
2233,6.57505,,126,,0.4
2234,6.57505,,126,,0.4
2235,6.58114,,126,,1
2236,6.58114,,126,,1
2237,6.58757,,125,,1.4
2238,6.58757,,125,,1.4
2239,6.59372,,125,,1.6
2240,6.59372,,125,,1.6
2241,6.59987,,124,,2
2242,6.59987,,124,,2
2243,6.60616,,124,,2.6
2244,6.60616,,124,,2.6
2245,6.61216,,124,,2.6
2246,6.61216,,125,,2.6
2247,6.61868,,125,,3.2
2248,6.61868,,126,,3.2
2249,6.62523,,126,,4
2250,6.62523,,126,,4
2251,6.63196,,127,,4.6
2252,6.63196,,127,,4.6
2253,6.6355,,127,,4.8
2254,6.63891,,127,,5
2255,6.64218,,127,,5.2
2256,6.64564,,127,,5.2
2257,6.64938,,127,,5
2258,6.65325,,127,,5.4
2259,6.658,,126,,5.6
2260,6.66294,,126,,6.2
2261,6.66798,,126,,6.4
2262,6.67299,,126,,7.2
2263,6.67813,,127,,6.6
2264,6.68318,,127,,7.4
2265,6.68834,,127,,7.8
2266,6.69351,,127,,8.8
2267,6.69841,,127,,8.6
2268,6.70347,,127,,8.8
2269,6.70822,,127,,8.8
2270,6.71317,,127,,9
2271,6.71791,,127,,9.2
2272,6.72263,,127,,9.4
2273,6.72724,,127,,9.4
2274,6.73203,,127,,9
2275,6.73669,,127,,9
2276,6.74148,,126,,8.2
2277,6.74616,,126,,8.2
2278,6.75054,,126,,8.2
2279,6.75477,,126,,8.6
2280,6.75927,,126,,8.6
2281,6.76388,,126,,9.2
2282,6.76839,,127,,9.8
2283,6.773,,127,,10.6
2284,6.77779,,127,,11
2285,6.78292,,127,,11.6
2286,6.78809,,127,,12
2287,6.79317,,127,,12.2
2288,6.79793,,126,,13
2289,6.80309,,126,,13.2
2290,6.80832,,126,,14
2291,6.81363,,127,,14.4
2292,6.81906,,127,,14.8
2293,6.82454,,127,,14.8
2294,6.83012,,128,,15
2295,6.83566,,128,,14.8
2296,6.84137,,128,,14.4
2297,6.84685,,128,,13.8
2298,6.85196,,128,,13.6
2299,6.85678,,127,,13
2300,6.86167,,127,,12.8
2301,6.86657,,127,,12
2302,6.8714,,127,,11.6
2303,6.87655,,127,,10.8
2304,6.88196,,127,,10.6
2305,6.88761,,127,,10.6
2306,6.89368,,127,,10.2
2307,6.90054,,127,,9
2308,6.90608,,127,,8.2
2309,6.9117,,127,,8
2310,6.91716,,126,,7.2
2311,6.92277,,126,,7
2312,6.92818,,126,,6.4
2313,6.93382,,126,,6.4
2314,6.93912,,126,,5.6
2315,6.94446,,126,,4.8
2316,6.94965,,126,,3.6
2317,6.95497,,126,,3.2
2318,6.9606,,127,,2.2
2319,6.96602,,127,,1.4
2320,6.97125,,127,,0.8
2321,6.97599,,127,,0.6
2322,6.9804,,127,,0.6
2323,6.98435,,127,,0
2324,6.98766,,127,,-0.4
2325,6.99043,,127,,-1
2326,6.99275,,126,,-1.8
2327,6.99724,,126,,-2.6
2328,6.99724,,126,,-2.6
2329,6.99929,,126,,-3.2
2330,7.00157,,126,,-3.4
2331,7.00374,,127,,-4
2332,7.00575,,127,,-4
2333,7.00776,,128,,-4.6
2334,7.01007,,129,,-4.6
2335,7.01232,,129,,-4.8
2336,7.0148,,129,,-4.6
2337,7.01735,,129,,-4.8
2338,7.02013,,128,,-4.8
2339,7.02288,,128,,-4.6
2340,7.02575,,127,,-4.8
2341,7.02891,,127,,-4.2
2342,7.03193,,126,,-4.2
2343,7.03537,,126,,-3.8
2344,7.03889,,126,,-3.2
2345,7.04195,,126,,-3.4
2346,7.04511,,126,,-4
2347,7.0484,,126,,-4.4
2348,7.05176,,126,,-4.6
2349,7.05517,,125,,-4.6
2350,7.05832,,125,,-4.2
2351,7.06165,,125,,-4.2
2352,7.06486,,125,,-4.4
2353,7.06781,,126,,-4.2
2354,7.07092,,126,,-3.4
2355,7.07424,,127,,-3.2
2356,7.07764,,127,,-2.8
2357,7.08074,,128,,-2.4
2358,7.08379,,128,,-2.4
2359,7.0874,,128,,-1.8
2360,7.09136,,128,,-1
2361,7.09572,,128,,0
2362,7.10044,,128,,0.4
2363,7.10524,,127,,1.4
2364,7.11028,,127,,1.8
2365,7.11546,,127,,2.2
2366,7.12072,,127,,3
2367,7.12601,,127,,3.6
2368,7.13144,,128,,3.6
2369,7.13698,,128,,4
2370,7.14244,,128,,4
2371,7.14797,,128,,4.2
2372,7.15329,,128,,5
2373,7.15877,,128,,5.2
2374,7.16434,,128,,5.4
2375,7.16982,,128,,5.4
2376,7.17515,,127,,5.6
2377,7.18048,,127,,5.8
2378,7.18577,,126,,6.2
2379,7.19119,,126,,6.6
2380,7.19658,,125,,7.2
2381,7.20197,,125,,8
2382,7.20725,,125,,8.4
2383,7.21237,,125,,8.8
2384,7.21747,,125,,9.2
2385,7.22231,,125,,10
2386,7.22687,,124,,10.6
2387,7.2317,,124,,11
2388,7.23665,,124,,11.4
2389,7.24192,,124,,11.4
2390,7.24703,,124,,11.4
2391,7.25207,,124,,11.6
2392,7.25738,,124,,11.8
2393,7.2628,,125,,11.2
2394,7.26844,,125,,10.8
2395,7.27406,,125,,10.6
2396,7.27974,,125,,10.2
2397,7.2852,,126,,10.4
2398,7.29025,,126,,10.8
2399,7.29545,,126,,11.4
2400,7.30038,,126,,11.6
2401,7.30553,,127,,11.4
2402,7.31084,,127,,11.2
2403,7.31636,,128,,10.4
2404,7.32167,,128,,10
2405,7.32723,,128,,9.4
2406,7.33309,,129,,9
2407,7.33866,,129,,8
2408,7.34411,,129,,7.6
2409,7.34943,,129,,7.2
2410,7.355,,129,,6.6
2411,7.36033,,129,,5.6
2412,7.3659,,129,,5
2413,7.3714,,129,,4.2
2414,7.37683,,129,,3.6
2415,7.38217,,129,,2.4
2416,7.38732,,129,,1.8
2417,7.39231,,129,,1.4
2418,7.3975,,128,,0.8
2419,7.40271,,128,,0.4
2420,7.40739,,127,,0
2421,7.41181,,127,,-0.6
2422,7.41541,,126,,-1
2423,7.41838,,126,,-1.6
2424,7.42128,,126,,-2
2425,7.4257,,126,,-3
2426,7.4257,,126,,-3
2427,7.42768,,126,,-3.8
2428,7.42985,,127,,-4.6
2429,7.43214,,127,,-5
2430,7.43456,,127,,-5.6
2431,7.43729,,128,,-5.8
2432,7.4399,,129,,-6.2
2433,7.44253,,129,,-6.6
2434,7.44547,,129,,-6.4
2435,7.44819,,129,,-6.8
2436,7.45127,,130,,-6.8
2437,7.45457,,129,,-6.4
2438,7.45772,,129,,-6.2
2439,7.46094,,129,,-6.2
2440,7.46438,,128,,-5.6
2441,7.46767,,128,,-5
2442,7.47113,,128,,-4.8
2443,7.47465,,127,,-4.4
2444,7.47805,,127,,-4.2
2445,7.48146,,127,,-4.2
2446,7.48487,,127,,-4.2
2447,7.48814,,127,,-4
2448,7.4912,,128,,-4.6
2449,7.49449,,128,,-4.8
2450,7.49795,,128,,-4.4
2451,7.5015,,128,,-3.8
2452,7.50523,,128,,-3.6
2453,7.50898,,128,,-3
2454,7.51249,,128,,-2.6
2455,7.51587,,127,,-2.6
2456,7.51918,,127,,-2.4
2457,7.52289,,127,,-2.2
2458,7.52684,,127,,-1.6
2459,7.53157,,126,,-1.2
2460,7.53664,,126,,-0.4
2461,7.54196,,126,,-0.4
2462,7.54718,,125,,0.2
2463,7.55242,,125,,0.4
2464,7.55745,,125,,1
2465,7.56272,,125,,1.2
2466,7.56805,,125,,2
2467,7.57315,,126,,2.2
2468,7.57812,,126,,3
2469,7.58286,,126,,3.2
2470,7.58749,,126,,3.4
2471,7.59225,,127,,4.2
2472,7.59708,,127,,4.6
2473,7.60178,,127,,5.2
2474,7.60657,,127,,5.8
2475,7.61116,,127,,6.2
2476,7.61569,,127,,6
2477,7.62041,,127,,6.2
2478,7.6252,,127,,5.8
2479,7.62987,,127,,6.4
2480,7.63458,,127,,6.2
2481,7.6394,,127,,6.2
2482,7.64417,,128,,6.4
2483,7.6489,,129,,6.6
2484,7.65373,,130,,7.4
2485,7.65853,,130,,7.6
2486,7.66357,,131,,8.2
2487,7.66893,,131,,8.8
2488,7.67395,,132,,9.4
2489,7.67933,,131,,10
2490,7.68474,,131,,10.4
2491,7.69046,,129,,11
2492,7.69587,,128,,11
2493,7.70103,,128,,11.2
2494,7.70645,,132,,10.8
2495,7.71186,,137,,10.6
2496,7.71724,,142,,10.2
2497,7.72248,,143,,10
2498,7.72771,,144,,9.6
2499,7.73278,,145,,9.2
2500,7.73799,,146,,8.6
2501,7.74328,,147,,8.8
2502,7.74856,,148,,7.8
2503,7.75404,,148,,7.6
2504,7.75944,,149,,7.2
2505,7.76494,,150,,7
2506,7.77028,,150,,6.4
2507,7.77556,,150,,6.4
2508,7.78116,,150,,5.8
2509,7.78678,,150,,5.6
2510,7.79244,,149,,5
2511,7.798,,149,,4.4
2512,7.8035,,149,,3.6
2513,7.80909,,148,,3.4
2514,7.81444,,148,,3.2
2515,7.81992,,148,,2.4
2516,7.82559,,147,,2
2517,7.8312,,147,,1.6
2518,7.83687,,147,,1
2519,7.84214,,147,,1
2520,7.84743,,147,,0.8
2521,7.85168,,147,,0.6
2522,7.85531,,147,,0.4
2523,7.85902,,147,,0.4
2524,7.86175,,146,,0.2
2525,7.86382,,146,,0.2
2526,7.86579,,146,,-0.4
2527,7.86789,,146,,-0.4
2528,7.86967,,146,,-1.2
2529,7.87182,,145,,-1.8
2530,7.87431,,141,,-2
2531,7.8767,,137,,-2.4
2532,7.87927,,135,,-2.6
2533,7.88196,,136,,-2.8
2534,7.88448,,136,,-3
2535,7.88684,,138,,-3.6
2536,7.88943,,139,,-3.6
2537,7.89246,,142,,-4.2
2538,7.8955,,143,,-4.6
2539,7.89869,,142,,-4.6
2540,7.90191,,146,,-4.4
2541,7.90493,,149,,-4
2542,7.90825,,154,,-3.8
2543,7.91138,,156,,-3.8
2544,7.91469,,161,,-3.8
2545,7.91796,,161,,-3.8
2546,7.92146,,161,,-3
2547,7.92491,,161,,-2.4
2548,7.92833,,161,,-1.8
2549,7.93174,,161,,-1.4
2550,7.93512,,161,,-1
2551,7.93883,,161,,-0.4
2552,7.94261,,160,,0.2
2553,7.9461,,160,,0.4
2554,7.94967,,159,,0.8
2555,7.95321,,158,,1.2
2556,7.95702,,157,,1.6
2557,7.96123,,157,,1.8
2558,7.96598,,156,,2
2559,7.97122,,155,,2
2560,7.97625,,155,,2.2
2561,7.98143,,154,,1.8
2562,7.98653,,153,,2.2
2563,7.99189,,152,,2.2
2564,7.99691,,151,,2.6
2565,8.00205,,151,,2.4
2566,8.00733,,150,,2.4
2567,8.01279,,150,,2
2568,8.01822,,149,,2.4
2569,8.02363,,149,,2
2570,8.02874,,149,,2.4
2571,8.03374,,149,,1.8
2572,8.0385,,149,,1.8
2573,8.04306,,149,,1.4
2574,8.04798,,148,,1.2
2575,8.05274,,148,,1.4
2576,8.05741,,147,,1.4
2577,8.06223,,146,,1.8
2578,8.06712,,145,,1.4
2579,8.07167,,145,,1.6
2580,8.07638,,144,,1.2
2581,8.08106,,144,,1.6
2582,8.08638,,144,,1.6
2583,8.09187,,144,,2
2584,8.09762,,143,,2.6
2585,8.10308,,143,,3
2586,8.10816,,143,,3
2587,8.11316,,143,,3.8
2588,8.11815,,142,,4.4
2589,8.12338,,142,,5.2
2590,8.12879,,141,,5
2591,8.13461,,140,,4.6
2592,8.1401,,140,,4.6
2593,8.14563,,140,,4
2594,8.1513,,140,,3.8
2595,8.15676,,141,,3.6
2596,8.16237,,141,,3.6
2597,8.16774,,142,,4.2
2598,8.17325,,141,,5
2599,8.17839,,141,,5.8
2600,8.18393,,141,,6.4
2601,8.18955,,141,,6.6
2602,8.19516,,141,,7
2603,8.20094,,140,,7
2604,8.20645,,140,,7
2605,8.21238,,140,,7.2
2606,8.21827,,139,,7.2
2607,8.22439,,139,,6.4
2608,8.22968,,138,,6.4
2609,8.2354,,138,,6
2610,8.24081,,138,,6.2
2611,8.2463,,138,,6.4
2612,8.25165,,138,,6.2
2613,8.25725,,138,,6.4
2614,8.26257,,138,,6.4
2615,8.26793,,138,,6
2616,8.27316,,138,,5.8
2617,8.27867,,139,,6
2618,8.28383,,139,,5.8
2619,8.28809,,139,,5.6
2620,8.29182,,139,,4.8
2621,8.29467,,139,,4.6
2622,8.29723,,139,,4
2623,8.29943,,139,,3.4
2624,8.30179,,139,,3
2625,8.30361,,139,,2.6
2626,8.30598,,139,,2
2627,8.30869,,139,,1.6
2628,8.31076,,139,,1
2629,8.31299,,140,,0.4
2630,8.31541,,140,,0
2631,8.31765,,141,,-1
2632,8.32005,,142,,-1.6
2633,8.32269,,142,,-2
2634,8.32562,,142,,-2.2
2635,8.32835,,142,,-2.6
2636,8.331,,142,,-3.6
2637,8.33402,,142,,-3.8
2638,8.33731,,141,,-3.2
2639,8.34069,,140,,-3.4
2640,8.34406,,139,,-3.8
2641,8.34765,,139,,-3.2
2642,8.35143,,139,,-2.8
2643,8.35498,,139,,-2.8
2644,8.35839,,139,,-2.8
2645,8.36195,,139,,-2.6
2646,8.3654,,139,,-2.4
2647,8.36881,,139,,-2.2
2648,8.3722,,138,,-2
2649,8.37581,,138,,-1.6
2650,8.37916,,138,,-1.8
2651,8.38278,,139,,-1.6
2652,8.38668,,139,,-1
2653,8.3902,,140,,-0.6
2654,8.3945,,140,,-0.2
2655,8.39923,,141,,0.4
2656,8.40443,,141,,0.4
2657,8.40972,,140,,1.2
2658,8.41504,,140,,1.2
2659,8.42034,,140,,2
2660,8.42562,,140,,2.4
2661,8.43075,,139,,3
2662,8.43603,,139,,3.4
2663,8.44131,,140,,3.4
2664,8.44672,,140,,3.4
2665,8.45195,,140,,3.4
2666,8.45719,,141,,3.2
2667,8.46236,,142,,3.6
2668,8.46756,,142,,3.8
2669,8.47283,,143,,4.2
2670,8.47828,,143,,4.6
2671,8.48374,,144,,4.4
2672,8.48909,,144,,4.6
2673,8.49445,,144,,4.4
2674,8.5,,145,,4.8
2675,8.50533,,147,,5.2
2676,8.51034,,147,,5.2
2677,8.51517,,147,,4.8
2678,8.52003,,147,,5.2
2679,8.52499,,147,,5.6
2680,8.53004,,147,,6.2
2681,8.53507,,150,,6.4
2682,8.54031,,155,,6.6
2683,8.54576,,159,,6.8
2684,8.5513,,161,,7
2685,8.55672,,161,,7.6
2686,8.56256,,161,,8.2
2687,8.56865,,161,,8.2
2688,8.57466,,161,,7.8
2689,8.58037,,160,,7.8
2690,8.58609,,160,,7.4
2691,8.59197,,160,,7.6
2692,8.59748,,160,,7.4
2693,8.60297,,160,,7
2694,8.6082,,160,,6.2
2695,8.61341,,158,,6
2696,8.61888,,157,,5.6
2697,8.62408,,157,,5.4
2698,8.62935,,157,,4.8
2699,8.63429,,156,,4.8
2700,8.63908,,155,,4.8
2701,8.64386,,154,,4.2
2702,8.64871,,154,,3.8
2703,8.65359,,154,,3.2
2704,8.65843,,154,,3
2705,8.66358,,155,,2.6
2706,8.668,,156,,1.8
2707,8.67252,,156,,1.4
2708,8.67663,,156,,1.2
2709,8.68064,,156,,1.4
2710,8.68485,,155,,1.8
2711,8.68887,,155,,2.2
2712,8.69323,,154,,2
2713,8.69763,,153,,2
2714,8.70229,,152,,2.6
2715,8.7066,,151,,2.4
2716,8.71043,,151,,2.6
2717,8.71369,,150,,3
2718,8.7165,,150,,3.4
2719,8.72025,,149,,3.2
2720,8.72025,,149,,3.2
2721,8.72187,,148,,3.2
2722,8.72311,,148,,2.8
2723,8.72614,,147,,3.2
2724,8.72614,,147,,3.2
2725,8.72746,,146,,3.2
2726,8.72877,,146,,2.8
2727,8.72993,,145,,2.6
2728,8.73057,,145,,2.4
2729,8.73146,,145,,2.2
2730,8.7321,,144,,2.4
2731,8.73233,,144,,2
2732,8.73254,,144,,2.2
2733,8.73275,,144,,2.2
2734,8.73309,,144,,2.6
2735,8.73358,,144,,2.8
2736,8.73412,,143,,2.8
2737,8.73452,,143,,2.6
2738,8.73499,,143,,2
2739,8.73503,,143,,1.2
2740,8.73549,,143,,0.8
2741,8.73596,,143,,0.4
2742,8.73645,,143,,-0.2
2743,8.73757,,142,,-0.6
2744,8.73888,,142,,-1
2745,8.74001,,142,,-1.2
2746,8.74132,,142,,-1.4
2747,8.74273,,142,,-1
2748,8.74432,,141,,-1
2749,8.74549,,141,,-1.2
2750,8.74625,,140,,-1.2
2751,8.74709,,139,,-1.8
2752,8.74843,,139,,-1.8
2753,8.74964,,138,,-1.6
2754,8.75073,,133,,-1.4
2755,8.75197,,129,,-1.4
2756,8.75342,,129,,-1.2
2757,8.75408,,129,,-0.8
2758,8.75489,,128,,-0.6
2759,8.75568,,127,,-0.4
2760,8.75686,,127,,0
2761,8.75734,,127,,0.2
2762,8.75878,,127,,0.6
2763,8.76028,,126,,1
2764,8.76164,,126,,1
2765,8.76296,,126,,1.4
2766,8.76426,,125,,1.6
2767,8.76548,,126,,2
2768,8.76664,,126,,2
2769,8.76778,,126,,2.4
2770,8.76847,,127,,1.6
2771,8.77008,,127,,2.4
2772,8.77143,,128,,2.6
2773,8.77276,,128,,2.8
2774,8.77396,,128,,2.8
2775,8.77502,,128,,2.6
2776,8.77599,,128,,2.6
2777,8.77712,,128,,2.8
2778,8.77827,,128,,3
2779,8.77938,,127,,3
2780,8.7804,,126,,2.6
2781,8.78137,,126,,2.2
2782,8.78252,,126,,2
2783,8.78374,,126,,2.2
2784,8.78423,,126,,1.8
2785,8.78533,,126,,1.6
2786,8.78636,,126,,1.2
2787,8.7876,,126,,1.2
2788,8.78819,,125,,1.2
2789,8.78909,,125,,1.2
2790,8.7897,,125,,1.4
2791,8.78978,,124,,1.8
2792,8.79001,,124,,2
2793,8.79035,,124,,2.2
2794,8.79046,,124,,2.2
2795,8.79046,,124,,2.8
2796,8.79046,,124,,3.4
2797,8.79049,,123,,3.4
2798,8.79086,,123,,2.8
2799,8.79086,,123,,2.8
2800,8.79087,,122,,2.8
2801,8.79087,,121,,2.8
2802,8.79087,,120,,2.8
2803,8.79091,,119,,2.8
2804,8.79091,,118,,2.8
2805,8.79091,,117,,2.8
2806,8.79094,,117,,2.8
2807,8.79096,,116,,2.8
2808,8.79096,,116,,2.8
2809,8.79096,,115,,2.8
2810,8.79096,,115,,2.8
2811,8.79096,,114,,2.8
2812,8.79096,,114,,2.8
2813,8.79115,,113,,3
2814,8.79135,,112,,3.4
2815,8.79151,,112,,3.8
2816,8.79188,,111,,4.2
2817,8.7926,,111,,4.6
2818,8.79308,,111,,4.8
2819,8.79392,,111,,5
2820,8.79491,,110,,5.4
2821,8.79554,,110,,5.6
2822,8.79669,,110,,5.8
2823,8.79752,,109,,6
2824,8.79782,,109,,6
2825,8.79866,,108,,6.4
2826,8.79978,,108,,6.8
2827,8.80062,,107,,7
2828,8.80128,,107,,7.4
2829,8.80196,,107,,7.8
2830,8.80252,,107,,8.2
2831,8.80331,,106,,8.6
2832,8.80393,,106,,9
2833,8.80428,,106,,9.4
2834,8.80446,,106,,9.8
2835,8.80467,,106,,10
2836,8.80467,,105,,10.2
2837,8.8048,,105,,10.6
2838,8.80501,,104,,10.8
2839,8.80544,,104,,11
2840,8.80627,,104,,11.4
2841,8.80708,,103,,11.6
2842,8.80824,,103,,11.6
2843,8.80952,,103,,11.4
2844,8.81107,,103,,11.4
2845,8.81303,,103,,11.4
2846,8.81541,,104,,11.4
2847,8.81787,,104,,11.4
2848,8.82047,,104,,11.2
2849,8.82309,,105,,11.4
2850,8.82574,,105,,11.6
2851,8.82836,,107,,11.6
2852,8.83096,,108,,11.4
2853,8.8335,,106,,11.2
2854,8.83642,,104,,10.6
2855,8.8392,,101,,10.6
2856,8.84194,,106,,10.6
2857,8.84496,,111,,10.4
2858,8.84784,,113,,10.6
2859,8.85062,,111,,10.6
2860,8.85349,,113,,10.8
2861,8.85619,,119,,11.6
2862,8.85879,,121,,11.8
2863,8.86139,,124,,12.2
2864,8.86393,,123,,13
2865,8.86647,,127,,13
2866,8.86898,,129,,13.2
2867,8.87142,,130,,13.6
2868,8.8741,,126,,13.4
2869,8.87665,,125,,13.4
2870,8.87923,,121,,12.8
2871,8.88196,,125,,12.2
2872,8.88431,,125,,12.8
2873,8.88657,,123,,12.4
2874,8.88933,,127,,12.2
2875,8.89195,,129,,12.2
2876,8.89451,,133,,11.8
2877,8.8973,,135,,11.8
2878,8.89998,,136,,11.8
2879,8.90273,,136,,11.6
2880,8.90555,,137,,12
2881,8.90833,,139,,11.4
2882,8.91112,,140,,11.2
2883,8.91384,,141,,11.4
2884,8.91658,,142,,11.6
2885,8.9194,,142,,11.4
2886,8.92212,,142,,11.6
2887,8.92495,,142,,12.2
2888,8.92772,,141,,13.2
2889,8.93018,,142,,13.4
2890,8.93254,,146,,13.6
2891,8.93559,,144,,13.8
2892,8.93864,,143,,13.8
2893,8.94162,,143,,13.8
2894,8.94476,,140,,14
2895,8.94819,,137,,13.2
2896,8.95139,,136,,13.2
2897,8.95449,,134,,13.2
2898,8.95746,,136,,13.2
2899,8.96052,,136,,13.8
2900,8.96406,,135,,13.6
2901,8.9676,,136,,12.6
2902,8.97103,,136,,12.2
2903,8.97428,,136,,12
2904,8.97742,,136,,11.8
2905,8.9806,,137,,11.2
2906,8.98356,,137,,11.2
2907,8.98666,,135,,10.4
2908,8.98942,,136,,10
2909,8.99206,,136,,9.8
2910,8.99439,,137,,10
2911,8.99662,,136,,9.8
2912,8.99917,,139,,9.6
2913,9.00184,,139,,9.2
2914,9.0046,,139,,9
2915,9.00751,,139,,8.8
2916,9.01039,,139,,8.4
2917,9.01346,,139,,8.4
2918,9.01654,,139,,8
2919,9.01939,,140,,7.8
2920,9.02248,,140,,8
2921,9.02544,,140,,8
2922,9.02822,,140,,8.4
2923,9.03095,,140,,8.2
2924,9.03365,,140,,8.2
2925,9.03628,,140,,8.6
2926,9.03944,,140,,8.6
2927,9.04266,,140,,9
2928,9.04549,,140,,9
2929,9.04847,,139,,9.4
2930,9.0513,,139,,9
2931,9.05413,,139,,9.4
2932,9.0571,,139,,9.8
2933,9.05984,,139,,10
2934,9.06272,,140,,10.2
2935,9.06534,,140,,10.6
2936,9.06788,,140,,10.6
2937,9.07082,,140,,10.4
2938,9.07416,,140,,10.2
2939,9.07732,,140,,10.2
2940,9.0807,,138,,10.4
2941,9.08374,,139,,10.2
2942,9.0866,,140,,10.4
2943,9.08983,,140,,10
2944,9.09233,,143,,9.4
2945,9.09515,,146,,9.4
2946,9.09821,,148,,9
2947,9.10062,,150,,7.4
2948,9.10219,,152,,7.2
2949,9.10351,,153,,6.6
2950,9.10497,,153,,6.4
2951,9.10729,,153,,6
2952,9.11018,,153,,6
2953,9.11322,,154,,6
2954,9.11653,,154,,6
2955,9.1198,,154,,5.8
2956,9.12272,,154,,5.4
2957,9.12557,,154,,5.4
2958,9.12807,,154,,5
2959,9.13079,,153,,4.6
2960,9.13364,,153,,4.2
2961,9.13622,,152,,4
2962,9.13871,,152,,3.8
2963,9.14125,,152,,3.6
2964,9.14362,,151,,4.2
2965,9.14601,,151,,4.2
2966,9.14876,,151,,4.2
2967,9.15132,,151,,4.2
2968,9.15379,,151,,4.2
2969,9.15648,,151,,4.4
2970,9.15906,,151,,4.4
2971,9.16162,,150,,4.4
2972,9.16433,,150,,4.2
2973,9.16698,,149,,4.2
2974,9.16967,,149,,4.2
2975,9.17238,,148,,4.2
2976,9.17502,,148,,4
2977,9.17785,,147,,4
2978,9.18087,,147,,4
2979,9.18407,,147,,3.8
2980,9.18725,,147,,3.8
2981,9.19036,,147,,3.4
2982,9.19355,,147,,3.2
2983,9.1967,,147,,3.2
2984,9.19981,,147,,3.2
2985,9.20309,,147,,3
2986,9.20629,,147,,2.8
2987,9.20922,,146,,2.8
2988,9.21224,,146,,3
2989,9.21549,,146,,3.4
2990,9.21847,,146,,3.6
2991,9.22156,,145,,3.6
2992,9.22442,,145,,3.8
2993,9.22729,,144,,4
2994,9.2303,,144,,4.2
2995,9.23329,,144,,4.4
2996,9.23627,,143,,4.2
2997,9.23936,,143,,4.2
2998,9.24223,,143,,4.6
2999,9.24522,,142,,4.4
3000,9.24816,,142,,4.4
3001,9.25115,,142,,4.4
3002,9.25425,,142,,4.4
3003,9.25716,,142,,4.2
3004,9.2601,,142,,3.8
3005,9.26306,,142,,3.4
3006,9.26576,,142,,3.2
3007,9.26853,,143,,3
3008,9.27137,,143,,3
3009,9.27409,,143,,3
3010,9.27703,,143,,2.2
3011,9.27985,,144,,2.4
3012,9.28253,,144,,2.6
3013,9.28513,,144,,2.4
3014,9.28776,,144,,2.6
3015,9.29024,,144,,2.8
3016,9.29275,,144,,3.2
3017,9.29524,,144,,3.4
3018,9.29797,,144,,3.4
3019,9.30072,,144,,3.6
3020,9.30344,,143,,3.4
3021,9.30612,,143,,3
3022,9.30856,,143,,3.2
3023,9.31116,,143,,2.8
3024,9.31383,,143,,2.8
3025,9.3164,,143,,2.8
3026,9.31908,,144,,3
3027,9.32172,,144,,2.8
3028,9.32423,,144,,2.8
3029,9.32686,,143,,3.2
3030,9.3296,,143,,3
3031,9.33232,,143,,2.8
3032,9.33471,,143,,2.8
3033,9.33709,,143,,3
3034,9.33961,,144,,3.6
3035,9.34205,,144,,3.8
3036,9.34448,,144,,4
3037,9.34706,,144,,4.2
3038,9.34952,,144,,4.2
3039,9.35206,,144,,4.4
3040,9.35476,,144,,4
3041,9.35746,,144,,4.2
3042,9.36021,,144,,4
3043,9.36271,,144,,3.8
3044,9.36516,,143,,3.8
3045,9.36765,,143,,3.6
3046,9.37021,,143,,3.4
3047,9.37269,,143,,3.6
3048,9.3752,,143,,3.8
3049,9.37781,,143,,3.8
3050,9.38034,,142,,3.8
3051,9.38302,,142,,4
3052,9.38557,,142,,4
3053,9.38823,,142,,4.2
3054,9.39092,,141,,4.2
3055,9.39347,,141,,3.8
3056,9.39587,,141,,4
3057,9.3984,,141,,4.2
3058,9.40111,,141,,4.2
3059,9.40384,,141,,4.2
3060,9.40664,,141,,4
3061,9.40933,,141,,4.2
3062,9.41199,,141,,4.2
3063,9.41451,,141,,4
3064,9.4171,,141,,4.2
3065,9.41957,,141,,4.2
3066,9.42213,,141,,4.2
3067,9.42491,,141,,4
3068,9.42779,,141,,4
3069,9.4307,,141,,3.8
3070,9.43352,,141,,3.8
3071,9.43648,,142,,3.4
3072,9.43946,,142,,3
3073,9.4428,,142,,3.2
3074,9.44598,,142,,3
3075,9.44896,,142,,3.2
3076,9.45171,,142,,2.8
3077,9.45451,,142,,3.2
3078,9.45723,,142,,3.4
3079,9.45979,,142,,3.4
3080,9.46233,,142,,3.6
3081,9.4647,,141,,3.8
3082,9.46695,,141,,3.4
3083,9.4697,,140,,3.2
3084,9.47247,,139,,2.8
3085,9.47543,,138,,2.4
3086,9.47838,,137,,2.4
3087,9.48121,,135,,2.2
3088,9.48433,,133,,2
3089,9.48776,,132,,2.2
3090,9.49066,,132,,2
3091,9.49373,,133,,2.2
3092,9.49685,,133,,2.2
3093,9.49967,,136,,2.4
3094,9.50291,,136,,3
3095,9.50594,,137,,3
3096,9.50882,,139,,3.4
3097,9.512,,141,,4.2
3098,9.5147,,143,,4
3099,9.51732,,144,,4
3100,9.51978,,142,,4
3101,9.52241,,142,,4.4
3102,9.52505,,143,,4.8
3103,9.52781,,142,,4.4
3104,9.53092,,142,,4.4
3105,9.53368,,141,,4.6
3106,9.53647,,141,,4.8
3107,9.53929,,141,,4.8
3108,9.54206,,141,,5
3109,9.54495,,141,,5.2
3110,9.54793,,141,,5
3111,9.55075,,140,,5.2
3112,9.55364,,140,,5
3113,9.55647,,139,,5.2
3114,9.55933,,139,,5.2
3115,9.56234,,139,,5.2
3116,9.56525,,139,,5
3117,9.56821,,139,,5
3118,9.57137,,139,,5.2
3119,9.57428,,140,,5
3120,9.57728,,140,,4.4
3121,9.58032,,140,,4.2
3122,9.58307,,141,,4.4
3123,9.58577,,142,,4.8
3124,9.5887,,142,,4.8
3125,9.59135,,143,,4.8
3126,9.594,,143,,4.6
3127,9.59674,,144,,4.6
3128,9.59939,,144,,4.8
3129,9.60208,,144,,4.6
3130,9.6049,,144,,4.4
3131,9.60767,,144,,4.6
3132,9.61046,,144,,4.8
3133,9.61324,,144,,5
3134,9.61581,,144,,5
3135,9.61844,,144,,4.8
3136,9.62099,,143,,4.6
3137,9.62327,,143,,4.6
3138,9.62564,,143,,4.2
3139,9.62799,,142,,4.4
3140,9.63033,,142,,4.6
3141,9.63263,,142,,4.8
3142,9.63499,,142,,5
3143,9.6373,,142,,5.2
3144,9.6401,,142,,5.4
3145,9.64262,,142,,5.6
3146,9.64504,,142,,6
3147,9.6481,,142,,6.6
3148,9.65159,,142,,6.4
3149,9.65477,,142,,6
3150,9.65784,,142,,6
3151,9.66072,,142,,6.4
3152,9.66358,,142,,6.6
3153,9.66672,,142,,6.8
3154,9.67,,141,,6
3155,9.67285,,141,,5.8
3156,9.67611,,141,,5.4
3157,9.67923,,141,,5.2
3158,9.68224,,141,,4.8
3159,9.68535,,141,,4.6
3160,9.68839,,140,,4.4
3161,9.69115,,140,,4.6
3162,9.6939,,140,,4.6
3163,9.69664,,140,,4
3164,9.69926,,140,,4
3165,9.70185,,140,,3.6
3166,9.70451,,141,,3.2
3167,9.70715,,142,,2.6
3168,9.70992,,142,,2.2
3169,9.71274,,143,,1.8
3170,9.71534,,143,,1.4
3171,9.71825,,143,,1.2
3172,9.72104,,142,,1.2
3173,9.72372,,142,,1.4
3174,9.7267,,141,,1.6
3175,9.72953,,140,,1.4
3176,9.73246,,140,,1.4
3177,9.73545,,140,,1.8
3178,9.73831,,140,,1.6
3179,9.74096,,140,,1.6
3180,9.7439,,140,,1.8
3181,9.74669,,140,,2
3182,9.74913,,140,,2.2
3183,9.75168,,139,,2.2
3184,9.7541,,139,,1.8
3185,9.75638,,139,,1.8
3186,9.75893,,139,,1.8
3187,9.76147,,139,,1.8
3188,9.76391,,139,,2.2
3189,9.76666,,140,,2.2
3190,9.76927,,140,,2.2
3191,9.77163,,140,,2.4
3192,9.77423,,140,,2.2
3193,9.77688,,140,,1.8
3194,9.77934,,140,,2
3195,9.78194,,140,,1.8
3196,9.78432,,141,,0.2
3197,9.78633,,141,,0.2
3198,9.78875,,142,,0.2
3199,9.79134,,143,,-0.2
3200,9.79396,,143,,0
3201,9.79693,,144,,0.2
3202,9.7998,,144,,0.2
3203,9.80274,,144,,0.6
3204,9.80613,,144,,1.2
3205,9.80921,,144,,1.6
3206,9.81201,,144,,1.6
3207,9.81499,,143,,2
3208,9.81808,,143,,2.2
3209,9.82113,,143,,2.6
3210,9.82424,,143,,2.6
3211,9.82722,,144,,2.6
3212,9.83009,,144,,3
3213,9.83301,,144,,3.2
3214,9.83587,,144,,3
3215,9.83852,,144,,2.8
3216,9.84129,,144,,2.8
3217,9.84431,,142,,3.2
3218,9.84686,,142,,3.2
3219,9.84965,,142,,3
3220,9.85271,,143,,2.8
3221,9.8553,,144,,2.8
3222,9.85801,,147,,2.8
3223,9.86064,,148,,3
3224,9.86289,,150,,2.8
3225,9.86496,,151,,3
3226,9.86707,,152,,3.2
3227,9.86909,,153,,3.4
3228,9.87084,,154,,3
3229,9.87183,,155,,1.6
3230,9.87324,,156,,1.2
3231,9.87437,,157,,1.2
3232,9.8757,,158,,0.8
3233,9.87717,,159,,0.6
3234,9.87865,,159,,0.2
3235,9.88009,,159,,0
3236,9.88159,,159,,-0.2
3237,9.88293,,159,,-0.4
3238,9.88419,,158,,-0.4
3239,9.88533,,158,,-0.6
3240,9.88635,,157,,-0.8
3241,9.88721,,156,,-1
3242,9.88797,,156,,-1.2
3243,9.88879,,156,,-1.2
3244,9.88914,,155,,-1.2
3245,9.88965,,155,,-1.2
3246,9.89067,,154,,-0.8
3247,9.89153,,154,,-1
3248,9.89215,,154,,-1.2
3249,9.89303,,153,,-1.4
3250,9.89398,,153,,-1.8
3251,9.89482,,152,,-2
3252,9.8953,,152,,-2.2
3253,9.89595,,151,,-2.2
3254,9.89657,,150,,-2
3255,9.89733,,149,,-1.8
3256,9.89804,,148,,-1.6
3257,9.89908,,147,,-1
3258,9.89986,,146,,-0.6
3259,9.90062,,145,,-0.4
3260,9.90161,,144,,0
3261,9.90263,,144,,0.8
3262,9.90402,,143,,1.6
3263,9.90489,,142,,2
3264,9.90569,,142,,2.4
3265,9.90673,,142,,3
3266,9.90807,,141,,3.8
3267,9.90967,,141,,4.4
3268,9.91072,,140,,4.8
3269,9.9116,,140,,5
3270,9.91279,,139,,5.4
3271,9.91378,,139,,6
3272,9.91467,,139,,6.8
3273,9.91552,,139,,7.4
3274,9.9166,,139,,8.2
3275,9.91764,,139,,8.8
3276,9.91891,,139,,9.6
3277,9.9201,,139,,10.4
3278,9.92121,,139,,11
3279,9.92208,,139,,11.8
3280,9.92319,,138,,12.8
3281,9.92397,,137,,13.6
3282,9.92433,,136,,14.2
3283,9.92494,,135,,14.8
3284,9.92584,,135,,15
3285,9.927,,134,,15.2
3286,9.9285,,134,,15.2
3287,9.92993,,134,,15.2
3288,9.93136,,133,,15.2
3289,9.93296,,133,,15.2
3290,9.93502,,132,,15.4
3291,9.93665,,132,,15.2
3292,9.93795,,131,,15.2
3293,9.93904,,131,,15.4
3294,9.94026,,130,,15.6
3295,9.94193,,130,,15.4
3296,9.94351,,129,,15.4
3297,9.94498,,129,,15.2
3298,9.94656,,128,,15.2
3299,9.94746,,127,,15.2
3300,9.94889,,126,,15
3301,9.95027,,126,,14.4
3302,9.95129,,125,,14.6
3303,9.95232,,124,,14.2
3304,9.95339,,124,,13.8
3305,9.95414,,123,,13.8
3306,9.9544,,123,,13.6
3307,9.95472,,122,,13.6
3308,9.95509,,121,,13.4
3309,9.95549,,121,,13.6
3310,9.9559,,120,,13.6
3311,9.95625,,120,,13.6
3312,9.95669,,120,,13.8
3313,9.95717,,120,,14
3314,9.95776,,120,,14.2
3315,9.95834,,119,,14.2
3316,9.95893,,119,,14.4
3317,9.95942,,119,,14.6
3318,9.95998,,119,,14.8
3319,9.96055,,118,,14.8
3320,9.96098,,118,,15
3321,9.96139,,117,,15.2
3322,9.96162,,117,,15.2
3323,9.9619,,117,,15.2
3324,9.9619,,116,,15.6
3325,9.96196,,116,,16.2
3326,9.96205,,116,,16.4
3327,9.96211,,115,,16.6
3328,9.96264,,115,,16.6
3329,9.96314,,115,,16.8
3330,9.96318,,115,,16.8
3331,9.96397,,115,,17
3332,9.96467,,114,,17.4
3333,9.96527,,114,,17.6
3334,9.96593,,114,,17.8
3335,9.96609,,114,,17.8
3336,9.96661,,114,,18
3337,9.96692,,114,,18
3338,9.9677,,114,,17.6
3339,9.96787,,114,,17.4
3340,9.96797,,114,,17.2
3341,9.96824,,114,,17
3342,9.96884,,114,,17
3343,9.96933,,114,,17.4
3344,9.96976,,113,,18
3345,9.96993,,113,,18.6
3346,9.97028,,113,,18.6
3347,9.97044,,113,,18.8
3348,9.97057,,113,,19
3349,9.9707,,113,,19.2
3350,9.9708,,113,,19.8
3351,9.9708,,113,,20.4
3352,9.97101,,113,,22
3353,9.9712,,113,,23.4
3354,9.97185,,113,,24
3355,9.9729,,113,,24.6
3356,9.97417,,113,,25.2
3357,9.97464,,113,,25.8
3358,9.9757,,113,,26.6
3359,9.97589,,112,,27.4
3360,9.97593,,112,,28
3361,9.97628,,112,,28.4
3362,9.97657,,111,,28.8
3363,9.97681,,111,,29.2
3364,9.97703,,110,,29.4
3365,9.97706,,110,,30
3366,9.97706,,110,,30.4
3367,9.97706,,110,,30.8
3368,9.97706,,109,,33
3369,9.97712,,109,,34.8
3370,9.97718,,109,,37.6
3371,9.97761,,109,,40.4
3372,9.97795,,109,,42.8
3373,9.97871,,109,,45
3374,9.97947,,109,,47
3375,9.97997,,109,,48.8
3376,9.98058,,109,,50
3377,9.98112,,109,,51
3378,9.98186,,108,,52.6
3379,9.98258,,108,,53.6
3380,9.98417,,108,,55.6
3381,9.98528,,108,,57
3382,9.98627,,108,,58.2
3383,9.98676,,107,,58.6
3384,9.98762,,107,,59
3385,9.98796,,107,,59.8
3386,9.98819,,107,,60.6
3387,9.98841,,107,,61.4
3388,9.98886,,108,,62.6
3389,9.98925,,108,,64
3390,9.98932,,108,,65
3391,9.98939,,108,,65.8
3392,9.98947,,108,,66
3393,9.98955,,108,,66.8
3394,9.98964,,108,,67.6
3395,9.98972,,107,,67.6
3396,9.98981,,107,,67
3397,9.98989,,107,,66
3398,9.99117,,107,,65.2
3399,9.99245,,107,,64.4
3400,9.99372,,106,,63.4
3401,9.995,,106,,63.6
3402,9.99627,,106,,63.4
3403,9.99754,,106,,63.8
3404,9.99881,,106,,64.4
3405,10.0001,,105,,64.8
3406,10.0014,,105,,65
3407,10.0026,,105,,65
3408,10.0041,,104,,65
3409,10.0056,,104,,64
3410,10.0071,,104,,63.6
3411,10.0087,,104,,63.4
3412,10.0102,,103,,63.2
3413,10.0117,,103,,64
3414,10.0132,,103,,65.4
3415,10.0147,,103,,66.4
3416,10.0163,,103,,67.4
3417,10.0179,,103,,68.2
3418,10.0184,,103,,69
3419,10.019,,103,,69.2
3420,10.0195,,103,,69.2
3421,10.0196,,103,,69.6
3422,10.0196,,103,,70
3423,10.0199,,103,,70.2
3424,10.0207,,101,,70.6
3425,10.0207,,100,,71
3426,10.0212,,100,,71.4
3427,10.0212,,99,,71.2
3428,10.0212,,99,,70
3429,10.0212,,97,,70.2
3430,10.0212,,95,,70
3431,10.0212,,95,,70
3432,10.0213,,95,,70.2
3433,10.0214,,94,,70.6
3434,10.0216,,94,,70.8
3435,10.0217,,94,,71
3436,10.0217,,95,,71.2
3437,10.0218,,96,,70.4
3438,10.0218,,96,,69.6
3439,10.0219,,96,,68.6
3440,10.0219,,95,,68.8
3441,10.022,,93,,68.8
3442,10.022,,94,,68.2
3443,10.0235,,94,,68.4
3444,10.0251,,94,,68.4
3445,10.0266,,94,,67.4
3446,10.0276,,94,,65.6
3447,10.0283,,94,,64.6
3448,10.0287,,94,,63.2
3449,10.0304,,94,,61.8
3450,10.0317,,94,,61.2
3451,10.032,,94,,60.4
3452,10.0323,,94,,58.2
3453,10.0367,,94,,54.2
3454,10.0373,,94,,52.2
3455,10.0373,,94,,48.4
3456,10.0378,,94,,47.4
3457,10.0378,,94,,46.6
3458,10.0382,,94,,46
3459,10.0382,,95,,45.6
3460,10.0382,,95,,45.2
3461,10.0382,,95,,45
3462,10.0382,,95,,44.8
3463,10.0384,,96,,44.6
3464,10.0384,,96,,44.2
3465,10.0384,,96,,43.6
3466,10.0384,,96,,43.6
3467,10.0384,,96,,43.2
3468,10.0394,,96,,43.4
3469,10.04,,96,,43.6
3470,10.0403,,97,,44.2
3471,10.0411,,97,,43.4
3472,10.0411,,97,,43.4
3473,10.0411,,97,,43.6
3474,10.0432,,97,,43.8
3475,10.0432,,98,,42.8
3476,10.0434,,98,,42.6
3477,10.0434,,98,,39
3478,10.0434,,98,,38.6
3479,10.0434,,98,,37.4
3480,10.0434,,98,,35.4
3481,10.0434,,98,,31.8
3482,10.0444,,99,,31
3483,10.0453,,99,,31.2
3484,10.0464,,99,,30.4
3485,10.0472,,99,,29.8
3486,10.0483,,100,,30
3487,10.049,,100,,29.6
3488,10.0496,,100,,29.6
3489,10.0502,,100,,28.4
3490,10.0507,,100,,27.8
3491,10.0507,,100,,27.8
3492,10.0509,,100,,27.4
3493,10.0509,,100,,28
3494,10.0514,,100,,27.8
3495,10.0514,,100,,28.2
3496,10.0514,,101,,28.8
3497,10.0515,,101,,29.4
3498,10.0516,,100,,29.6
3499,10.052,,100,,29.4
3500,10.053,,100,,28.6
3501,10.0534,,100,,28.6
3502,10.0546,,100,,27.2
3503,10.0565,,99,,26
3504,10.0573,,99,,25.2
3505,10.0575,,99,,24.4
3506,10.0581,,99,,24
3507,10.0581,,99,,23.8
3508,10.0581,,100,,23.8
3509,10.0581,,100,,23.4
3510,10.0581,,100,,23.2
3511,10.0581,,100,,22.6
3512,10.0581,,100,,22.2
3513,10.0584,,100,,21.6
3514,10.0584,,101,,21.4
3515,10.0584,,101,,21.4
3516,10.0585,,101,,21.6
3517,10.0587,,101,,21.8
3518,10.0587,,101,,22
3519,10.0591,,101,,22.4
3520,10.0594,,101,,22.8
3521,10.0598,,101,,23
3522,10.0605,,101,,23.4
3523,10.061,,100,,23.8
3524,10.0613,,100,,24.2
3525,10.0615,,100,,24.4
3526,10.0618,,100,,24.6
3527,10.0622,,100,,24.4
3528,10.0625,,100,,24.4
3529,10.0631,,100,,24.8
3530,10.0637,,100,,25.2
3531,10.064,,100,,25.4
3532,10.0643,,100,,25.6
3533,10.0648,,100,,25.8
3534,10.065,,100,,25.8
3535,10.0656,,100,,26
3536,10.0674,,100,,25.8
3537,10.0682,,100,,26
3538,10.0689,,100,,26.4
3539,10.0694,,100,,26.4
3540,10.0697,,100,,26.4
3541,10.0701,,100,,26.4
3542,10.0702,,101,,26.6
3543,10.0704,,101,,26.8
3544,10.0704,,101,,27.4
3545,10.0704,,101,,27
3546,10.0704,,102,,26.4
3547,10.0704,,102,,27
3548,10.0706,,102,,27
3549,10.0707,,102,,27
3550,10.0707,,102,,27
3551,10.0711,,102,,26.8
3552,10.0714,,101,,26.2
3553,10.0716,,101,,25.4
3554,10.0716,,101,,25.2
3555,10.0719,,101,,24.4
3556,10.0723,,101,,23.6
3557,10.0727,,100,,22.6
3558,10.0729,,100,,22.4
3559,10.0732,,100,,22
3560,10.0734,,99,,22
3561,10.0738,,99,,21.6
3562,10.0741,,98,,21.4
3563,10.0745,,98,,21
3564,10.0746,,98,,20.8
3565,10.0748,,98,,20.8
3566,10.075,,97,,20.8
3567,10.075,,97,,21
3568,10.075,,97,,20.4
3569,10.075,,97,,20
3570,10.075,,96,,20
3571,10.0756,,96,,19.2
3572,10.0757,,96,,18.4
3573,10.0763,,97,,18
3574,10.0772,,97,,18
3575,10.0778,,97,,18
3576,10.0785,,98,,18.6
3577,10.0792,,98,,18.8
3578,10.0799,,98,,19.2
3579,10.0806,,99,,18.8
3580,10.0806,,99,,17.4
3581,10.081,,99,,17.8
3582,10.0812,,100,,17.6
