secs,km,power,hr,cad,alt
0,0,,82,,118.2
1,0.00119,,82,,118.6
2,0.0027075,,82.25,,118.9
3,0.004225,,82.5,,119.2
4,0.0057425,,82.75,,119.5
5,0.00726,,83,,119.8
6,0.00824667,,84.3333,,120.067
7,0.00923333,,85.6667,,120.333
8,0.01022,,87,,120.6
9,0.011655,,88.5,,120.9
10,0.01309,,90,,121.2
11,0.014068,,90.8,,121.48
12,0.015046,,91.6,,121.76
13,0.016024,,92.4,,122.04
14,0.017002,,93.2,,122.32
15,0.01798,,94,,122.6
16,0.01935,,95,,122.867
17,0.02072,,96,,123.133
18,0.02209,,97,,123.4
19,0.02335,,98.5,,123.7
20,0.02461,,100,,124
21,0.026295,,101.5,,124.3
22,0.02798,,103,,124.6
23,0.0296333,,103.333,,124.933
24,0.0312867,,103.667,,125.267
25,0.03294,,104,,125.6
26,0.034875,,104,,126.02
27,0.03681,,104,,126.44
28,0.038745,,104,,126.86
29,0.04068,,104,,127.28
30,0.042615,,104,,127.7
31,0.04455,,104,,128.12
32,0.046485,,104,,128.54
33,0.04842,,104,,128.96
34,0.050355,,104,,129.38
35,0.05229,,104,,129.8
36,0.053991,,104.2,,130.2
37,0.055692,,104.4,,130.6
38,0.057393,,104.6,,131
39,0.059094,,104.8,,131.4
40,0.060795,,105,,131.8
41,0.062496,,105.2,,132.2
42,0.064197,,105.4,,132.6
43,0.065898,,105.6,,133
44,0.067599,,105.8,,133.4
45,0.0693,,106,,133.8
46,0.071278,,106,,134.26
47,0.073256,,106,,134.72
48,0.075234,,106,,135.18
49,0.077212,,106,,135.64
50,0.07919,,106,,136.1
51,0.081168,,106,,136.56
52,0.083146,,106,,137.02
53,0.085124,,106,,137.48
54,0.087102,,106,,137.94
55,0.08908,,106,,138.4
56,0.09103,,106,,138.8
57,0.0928567,,107.333,,139.267
58,0.0946833,,108.667,,139.733
59,0.09651,,110,,140.2
60,0.09891,,111.333,,140.667
61,0.10131,,112.667,,141.133
62,0.10371,,114,,141.6
63,0.106027,,114.333,,141.8
64,0.108343,,114.667,,142
65,0.11066,,115,,142.2
66,0.113,,115.5,,142.633
67,0.11534,,116,,143.067
68,0.11768,,116.5,,143.5
69,0.12002,,117,,143.933
70,0.12236,,117.5,,144.367
71,0.1247,,118,,144.8
72,0.126507,,119,,144.933
73,0.128313,,120,,145.067
74,0.13012,,121,,145.2
75,0.13224,,121,,145.4
76,0.13401,,121.75,,145.65
77,0.13578,,122.5,,145.9
78,0.13755,,123.25,,146.15
79,0.13932,,124,,146.4
80,0.14128,,124.6,,146.72
81,0.14324,,125.2,,147.04
82,0.1452,,125.8,,147.36
83,0.14716,,126.4,,147.68
84,0.14912,,127,,148
85,0.15079,,127,,148.4
86,0.152792,,127.1,,148.72
87,0.154794,,127.2,,149.04
88,0.156796,,127.3,,149.36
89,0.158798,,127.4,,149.68
90,0.1608,,127.5,,150
91,0.162802,,127.6,,150.32
92,0.164804,,127.7,,150.64
93,0.166806,,127.8,,150.96
94,0.168808,,127.9,,151.28
95,0.17081,,128,,151.6
96,0.172701,,128.1,,151.72
97,0.174592,,128.2,,151.84
98,0.176483,,128.3,,151.96
99,0.178374,,128.4,,152.08
100,0.180265,,128.5,,152.2
101,0.182156,,128.6,,152.32
102,0.184047,,128.7,,152.44
103,0.185938,,128.8,,152.56
104,0.187829,,128.9,,152.68
105,0.18972,,129,,152.8
106,0.191682,,129.1,,152.68
107,0.193644,,129.2,,152.56
108,0.195606,,129.3,,152.44
109,0.197568,,129.4,,152.32
110,0.19953,,129.5,,152.2
111,0.201492,,129.6,,152.08
112,0.203454,,129.7,,151.96
113,0.205416,,129.8,,151.84
114,0.207378,,129.9,,151.72
115,0.20934,,130,,151.6
116,0.211133,,130.75,,151.4
117,0.212925,,131.5,,151.2
118,0.214718,,132.25,,151
119,0.21651,,133,,150.8
120,0.218175,,132.667,,150.2
121,0.21984,,132.333,,149.6
122,0.221505,,132,,149
123,0.22317,,131.667,,148.4
124,0.224835,,131.333,,147.8
125,0.2265,,131,,147.2
126,0.228401,,130.7,,146.82
127,0.230302,,130.4,,146.44
128,0.232203,,130.1,,146.06
129,0.234104,,129.8,,145.68
130,0.236005,,129.5,,145.3
131,0.237906,,129.2,,144.92
132,0.239807,,128.9,,144.54
133,0.241708,,128.6,,144.16
134,0.243609,,128.3,,143.78
135,0.24551,,128,,143.4
136,0.247173,,127,,143.2
137,0.248835,,126,,143
138,0.250497,,125,,142.8
139,0.25216,,124,,142.6
140,0.25362,,123,,142.267
141,0.25508,,122,,141.933
142,0.25654,,121,,141.6
143,0.258527,,121.333,,141.4
144,0.260513,,121.667,,141.2
145,0.2625,,122,,141
146,0.264155,,121,,141.05
147,0.26581,,120,,141.1
148,0.267465,,119,,141.15
149,0.26912,,118,,141.2
150,0.27103,,118.5,,141.1
151,0.27294,,119,,141
152,0.27485,,119.5,,140.9
153,0.27676,,120,,140.8
154,0.27867,,120.5,,140.7
155,0.28058,,121,,140.6
156,0.282371,,121.3,,140.4
157,0.284162,,121.6,,140.2
158,0.285953,,121.9,,140
159,0.287744,,122.2,,139.8
160,0.289535,,122.5,,139.6
161,0.291326,,122.8,,139.4
162,0.293117,,123.1,,139.2
163,0.294908,,123.4,,139
164,0.296699,,123.7,,138.8
165,0.29849,,124,,138.6
166,0.300294,,124.3,,138.38
167,0.302098,,124.6,,138.16
168,0.303902,,124.9,,137.94
169,0.305706,,125.2,,137.72
170,0.30751,,125.5,,137.5
171,0.309314,,125.8,,137.28
172,0.311118,,126.1,,137.06
173,0.312922,,126.4,,136.84
174,0.314726,,126.7,,136.62
175,0.31653,,127,,136.4
176,0.318378,,127,,136.28
177,0.320226,,127,,136.16
178,0.322074,,127,,136.04
179,0.323922,,127,,135.92
180,0.32577,,127,,135.8
181,0.327618,,127,,135.68
182,0.329466,,127,,135.56
183,0.331314,,127,,135.44
184,0.333162,,127,,135.32
185,0.33501,,127,,135.2
186,0.33654,,127.429,,135.314
187,0.33807,,127.857,,135.429
188,0.3396,,128.286,,135.543
189,0.34113,,128.714,,135.657
190,0.34266,,129.143,,135.771
191,0.34419,,129.571,,135.886
192,0.34572,,130,,136
193,0.346897,,130,,136.267
194,0.348073,,130,,136.533
195,0.34925,,130,,136.8
196,0.35075,,129.8,,136.92
197,0.35225,,129.6,,137.04
198,0.35375,,129.4,,137.16
199,0.35525,,129.2,,137.28
200,0.35675,,129,,137.4
201,0.35825,,128.8,,137.52
202,0.35975,,128.6,,137.64
203,0.36125,,128.4,,137.76
204,0.36275,,128.2,,137.88
205,0.36425,,128,,138
206,0.366091,,128.375,,138.175
207,0.367932,,128.75,,138.35
208,0.369774,,129.125,,138.525
209,0.371615,,129.5,,138.7
210,0.373456,,129.875,,138.875
211,0.375298,,130.25,,139.05
212,0.377139,,130.625,,139.225
213,0.37898,,131,,139.4
214,0.38099,,131,,139.7
215,0.383,,131,,140
216,0.384651,,130.571,,140.086
217,0.386303,,130.143,,140.171
218,0.387954,,129.714,,140.257
219,0.389606,,129.286,,140.343
220,0.391257,,128.857,,140.429
221,0.392909,,128.429,,140.514
222,0.39456,,128,,140.6
223,0.396287,,127.667,,140.533
224,0.398013,,127.333,,140.467
225,0.39974,,127,,140.4
226,0.401637,,127.375,,140.225
227,0.403535,,127.75,,140.05
228,0.405432,,128.125,,139.875
229,0.40733,,128.5,,139.7
230,0.409228,,128.875,,139.525
231,0.411125,,129.25,,139.35
232,0.413023,,129.625,,139.175
233,0.41492,,130,,139
234,0.416855,,130,,138.5
235,0.41879,,130,,138
236,0.420509,,130.3,,137.52
237,0.422228,,130.6,,137.04
238,0.423947,,130.9,,136.56
239,0.425666,,131.2,,136.08
240,0.427385,,131.5,,135.6
241,0.429104,,131.8,,135.12
242,0.430823,,132.1,,134.64
243,0.432542,,132.4,,134.16
244,0.434261,,132.7,,133.68
245,0.43598,,133,,133.2
246,0.437718,,133,,132.88
247,0.439456,,133,,132.56
248,0.441194,,133,,132.24
249,0.442932,,133,,131.92
250,0.44467,,133,,131.6
251,0.446408,,133,,131.28
252,0.448146,,133,,130.96
253,0.449884,,133,,130.64
254,0.451622,,133,,130.32
255,0.45336,,133,,130
256,0.45449,,133,,129
257,0.456154,,132.778,,128.467
258,0.457819,,132.556,,127.933
259,0.459483,,132.333,,127.4
260,0.461148,,132.111,,126.867
261,0.462812,,131.889,,126.333
262,0.464477,,131.667,,125.8
263,0.466141,,131.444,,125.267
264,0.467806,,131.222,,124.733
265,0.46947,,131,,124.2
266,0.471177,,130.5,,123.9
267,0.472883,,130,,123.6
268,0.47459,,129.5,,123.3
269,0.476297,,129,,123
270,0.478003,,128.5,,122.7
271,0.47971,,128,,122.4
272,0.48152,,128.25,,122.05
273,0.48333,,128.5,,121.7
274,0.48514,,128.75,,121.35
275,0.48695,,129,,121
276,0.488732,,129,,120.72
277,0.490514,,129,,120.44
278,0.492296,,129,,120.16
279,0.494078,,129,,119.88
280,0.49586,,129,,119.6
281,0.497642,,129,,119.32
282,0.499424,,129,,119.04
283,0.501206,,129,,118.76
284,0.502988,,129,,118.48
285,0.50477,,129,,118.2
286,0.506697,,129,,118.14
287,0.508624,,129,,118.08
288,0.510551,,129,,118.02
289,0.512478,,129,,117.96
290,0.514405,,129,,117.9
291,0.516332,,129,,117.84
292,0.518259,,129,,117.78
293,0.520186,,129,,117.72
294,0.522113,,129,,117.66
295,0.52404,,129,,117.6
296,0.525807,,129.333,,117.4
297,0.527573,,129.667,,117.2
298,0.52934,,130,,117
299,0.531107,,130.333,,116.8
300,0.532873,,130.667,,116.6
301,0.53464,,131,,116.4
302,0.53665,,131,,117.2
303,0.539023,,131.667,,117.533
304,0.541397,,132.333,,117.867
305,0.54377,,133,,118.2
306,0.545993,,133.222,,118.267
307,0.548217,,133.444,,118.333
308,0.55044,,133.667,,118.4
309,0.552663,,133.889,,118.467
310,0.554887,,134.111,,118.533
311,0.55711,,134.333,,118.6
312,0.559333,,134.556,,118.667
313,0.561557,,134.778,,118.733
314,0.56378,,135,,118.8
315,0.5658,,134,,119.2
316,0.568032,,134,,119.378
317,0.570264,,134,,119.556
318,0.572497,,134,,119.733
319,0.574729,,134,,119.911
320,0.576961,,134,,120.089
321,0.579193,,134,,120.267
322,0.581426,,134,,120.444
323,0.583658,,134,,120.622
324,0.58589,,134,,120.8
325,0.58818,,134,,121.4
326,0.590088,,134.1,,121.32
327,0.591996,,134.2,,121.24
328,0.593904,,134.3,,121.16
329,0.595812,,134.4,,121.08
330,0.59772,,134.5,,121
331,0.599628,,134.6,,120.92
332,0.601536,,134.7,,120.84
333,0.603444,,134.8,,120.76
334,0.605352,,134.9,,120.68
335,0.60726,,135,,120.6
336,0.608947,,134.25,,120.25
337,0.610635,,133.5,,119.9
338,0.612322,,132.75,,119.55
339,0.61401,,132,,119.2
340,0.615827,,132.333,,118.633
341,0.617643,,132.667,,118.067
342,0.61946,,133,,117.5
343,0.621277,,133.333,,116.933
344,0.623093,,133.667,,116.367
345,0.62491,,134,,115.8
346,0.626682,,134.1,,115.66
347,0.628454,,134.2,,115.52
348,0.630226,,134.3,,115.38
349,0.631998,,134.4,,115.24
350,0.63377,,134.5,,115.1
351,0.635542,,134.6,,114.96
352,0.637314,,134.7,,114.82
353,0.639086,,134.8,,114.68
354,0.640858,,134.9,,114.54
355,0.64263,,135,,114.4
356,0.644555,,135.2,,114.44
357,0.64648,,135.4,,114.48
358,0.648405,,135.6,,114.52
359,0.65033,,135.8,,114.56
360,0.652255,,136,,114.6
361,0.65418,,136.2,,114.64
362,0.656105,,136.4,,114.68
363,0.65803,,136.6,,114.72
364,0.659955,,136.8,,114.76
365,0.66188,,137,,114.8
366,0.663748,,136.8,,115.1
367,0.665616,,136.6,,115.4
368,0.667484,,136.4,,115.7
369,0.669352,,136.2,,116
370,0.67122,,136,,116.3
371,0.673088,,135.8,,116.6
372,0.674956,,135.6,,116.9
373,0.676824,,135.4,,117.2
374,0.678692,,135.2,,117.5
375,0.68056,,135,,117.8
376,0.682433,,135.2,,117.92
377,0.684306,,135.4,,118.04
378,0.686179,,135.6,,118.16
379,0.688052,,135.8,,118.28
380,0.689925,,136,,118.4
381,0.691798,,136.2,,118.52
382,0.693671,,136.4,,118.64
383,0.695544,,136.6,,118.76
384,0.697417,,136.8,,118.88
385,0.69929,,137,,119
386,0.701108,,136.9,,119.18
387,0.702926,,136.8,,119.36
388,0.704744,,136.7,,119.54
389,0.706562,,136.6,,119.72
390,0.70838,,136.5,,119.9
391,0.710198,,136.4,,120.08
392,0.712016,,136.3,,120.26
393,0.713834,,136.2,,120.44
394,0.715652,,136.1,,120.62
395,0.71747,,136,,120.8
396,0.719184,,135.9,,120.38
397,0.720898,,135.8,,119.96
398,0.722612,,135.7,,119.54
399,0.724326,,135.6,,119.12
400,0.72604,,135.5,,118.7
401,0.727754,,135.4,,118.28
402,0.729468,,135.3,,117.86
403,0.731182,,135.2,,117.44
404,0.732896,,135.1,,117.02
405,0.73461,,135,,116.6
406,0.73661,,135.125,,117.025
407,0.73861,,135.25,,117.45
408,0.74061,,135.375,,117.875
409,0.74261,,135.5,,118.3
410,0.74461,,135.625,,118.725
411,0.74661,,135.75,,119.15
412,0.74861,,135.875,,119.575
413,0.75061,,136,,120
414,0.75262,,136,,120.8
415,0.75463,,136,,121.6
416,0.756732,,135.9,,121.6
417,0.758834,,135.8,,121.6
418,0.760936,,135.7,,121.6
419,0.763038,,135.6,,121.6
420,0.76514,,135.5,,121.6
421,0.767242,,135.4,,121.6
422,0.769344,,135.3,,121.6
423,0.771446,,135.2,,121.6
424,0.773548,,135.1,,121.6
425,0.77565,,135,,121.6
426,0.777697,,135.333,,121.4
427,0.779743,,135.667,,121.2
428,0.78179,,136,,121
429,0.783837,,136.333,,120.8
430,0.785883,,136.667,,120.6
431,0.78793,,137,,120.4
432,0.789977,,137.333,,120.2
433,0.792023,,137.667,,120
434,0.79407,,138,,119.8
435,0.79597,,137,,119.2
436,0.797918,,136.8,,118.92
437,0.799866,,136.6,,118.64
438,0.801814,,136.4,,118.36
439,0.803762,,136.2,,118.08
440,0.80571,,136,,117.8
441,0.807658,,135.8,,117.52
442,0.809606,,135.6,,117.24
443,0.811554,,135.4,,116.96
444,0.813502,,135.2,,116.68
445,0.81545,,135,,116.4
446,0.817287,,135,,116.22
447,0.819124,,135,,116.04
448,0.820961,,135,,115.86
449,0.822798,,135,,115.68
450,0.824635,,135,,115.5
451,0.826472,,135,,115.32
452,0.828309,,135,,115.14
453,0.830146,,135,,114.96
454,0.831983,,135,,114.78
455,0.83382,,135,,114.6
456,0.835571,,135.429,,114.943
457,0.837323,,135.857,,115.286
458,0.839074,,136.286,,115.629
459,0.840826,,136.714,,115.971
460,0.842577,,137.143,,116.314
461,0.844329,,137.571,,116.657
462,0.84608,,138,,117
463,0.848033,,138,,116.733
464,0.849987,,138,,116.467
465,0.85194,,138,,116.2
466,0.853791,,138.1,,116
467,0.855642,,138.2,,115.8
468,0.857493,,138.3,,115.6
469,0.859344,,138.4,,115.4
470,0.861195,,138.5,,115.2
471,0.863046,,138.6,,115
472,0.864897,,138.7,,114.8
473,0.866748,,138.8,,114.6
474,0.868599,,138.9,,114.4
475,0.87045,,139,,114.2
476,0.8722,,138.25,,113.8
477,0.87395,,137.5,,113.4
478,0.8757,,136.75,,113
479,0.87745,,136,,112.6
480,0.879118,,136.167,,112.333
481,0.880787,,136.333,,112.067
482,0.882455,,136.5,,111.8
483,0.884123,,136.667,,111.533
484,0.885792,,136.833,,111.267
485,0.88746,,137,,111
486,0.889446,,136.8,,111.44
487,0.891432,,136.6,,111.88
488,0.893418,,136.4,,112.32
489,0.895404,,136.2,,112.76
490,0.89739,,136,,113.2
491,0.899376,,135.8,,113.64
492,0.901362,,135.6,,114.08
493,0.903348,,135.4,,114.52
494,0.905334,,135.2,,114.96
495,0.90732,,135,,115.4
496,0.909367,,134.7,,115.64
497,0.911414,,134.4,,115.88
498,0.913461,,134.1,,116.12
499,0.915508,,133.8,,116.36
500,0.917555,,133.5,,116.6
501,0.919602,,133.2,,116.84
502,0.921649,,132.9,,117.08
503,0.923696,,132.6,,117.32
504,0.925743,,132.3,,117.56
505,0.92779,,132,,117.8
506,0.929633,,133,,117.8
507,0.931477,,134,,117.8
508,0.93332,,135,,117.8
509,0.935141,,135,,117.743
510,0.936963,,135,,117.686
511,0.938784,,135,,117.629
512,0.940606,,135,,117.571
513,0.942427,,135,,117.514
514,0.944249,,135,,117.457
515,0.94607,,135,,117.4
516,0.947814,,135.111,,117.378
517,0.949559,,135.222,,117.356
518,0.951303,,135.333,,117.333
519,0.953048,,135.444,,117.311
520,0.954792,,135.556,,117.289
521,0.956537,,135.667,,117.267
522,0.958281,,135.778,,117.244
523,0.960026,,135.889,,117.222
524,0.96177,,136,,117.2
525,0.96335,,136,,117.2
526,0.965194,,136.2,,117.68
527,0.967038,,136.4,,118.16
528,0.968882,,136.6,,118.64
529,0.970726,,136.8,,119.12
530,0.97257,,137,,119.6
531,0.97494,,138,,119.667
532,0.97731,,139,,119.733
533,0.97968,,140,,119.8
534,0.981795,,140,,120.1
535,0.98391,,140,,120.4
536,0.985648,,140,,120.475
537,0.987385,,140,,120.55
538,0.989122,,140,,120.625
539,0.99086,,140,,120.7
540,0.992598,,140,,120.775
541,0.994335,,140,,120.85
542,0.996072,,140,,120.925
543,0.99781,,140,,121
544,0.999665,,139.5,,121.2
545,1.00152,,139,,121.4
546,1.00302,,138.9,,120.9
547,1.00452,,138.8,,120.4
548,1.00602,,138.7,,119.9
549,1.00752,,138.6,,119.4
550,1.00902,,138.5,,118.9
551,1.01052,,138.4,,118.4
552,1.01202,,138.3,,117.9
553,1.01352,,138.2,,117.4
554,1.01502,,138.1,,116.9
555,1.01652,,138,,116.4
556,1.01808,,137.8,,116.14
557,1.01964,,137.6,,115.88
558,1.0212,,137.4,,115.62
559,1.02276,,137.2,,115.36
560,1.02433,,137,,115.1
561,1.02589,,136.8,,114.84
562,1.02745,,136.6,,114.58
563,1.02901,,136.4,,114.32
564,1.03057,,136.2,,114.06
565,1.03213,,136,,113.8
566,1.03392,,136,,113.88
567,1.03572,,136,,113.96
568,1.03751,,136,,114.04
569,1.03931,,136,,114.12
570,1.0411,,136,,114.2
571,1.04289,,136,,114.28
572,1.04469,,136,,114.36
573,1.04648,,136,,114.44
574,1.04828,,136,,114.52
575,1.05007,,136,,114.6
576,1.05194,,136.2,,115.1
577,1.05381,,136.4,,115.6
578,1.05568,,136.6,,116.1
579,1.05755,,136.8,,116.6
580,1.05941,,137,,117.1
581,1.06128,,137.2,,117.6
582,1.06315,,137.4,,118.1
583,1.06502,,137.6,,118.6
584,1.06689,,137.8,,119.1
585,1.06876,,138,,119.6
586,1.07055,,137.9,,119.7
587,1.07234,,137.8,,119.8
588,1.07412,,137.7,,119.9
589,1.07591,,137.6,,120
590,1.0777,,137.5,,120.1
591,1.07949,,137.4,,120.2
592,1.08128,,137.3,,120.3
593,1.08306,,137.2,,120.4
594,1.08485,,137.1,,120.5
595,1.08664,,137,,120.6
596,1.08824,,137.1,,120.3
597,1.08984,,137.2,,120
598,1.09144,,137.3,,119.7
599,1.09304,,137.4,,119.4
600,1.09464,,137.5,,119.1
601,1.09625,,137.6,,118.8
602,1.09785,,137.7,,118.5
603,1.09945,,137.8,,118.2
604,1.10105,,137.9,,117.9
605,1.10265,,138,,117.6
606,1.10438,,138,,117.46
607,1.10612,,138,,117.32
608,1.10786,,138,,117.18
609,1.10959,,138,,117.04
610,1.11132,,138,,116.9
611,1.11306,,138,,116.76
612,1.11479,,138,,116.62
613,1.11653,,138,,116.48
614,1.11827,,138,,116.34
615,1.12,,138,,116.2
616,1.12175,,137.9,,116.3
617,1.1235,,137.8,,116.4
618,1.12524,,137.7,,116.5
619,1.12699,,137.6,,116.6
620,1.12874,,137.5,,116.7
621,1.13049,,137.4,,116.8
622,1.13224,,137.3,,116.9
623,1.13398,,137.2,,117
624,1.13573,,137.1,,117.1
625,1.13748,,137,,117.2
626,1.13931,,137,,117.28
627,1.14114,,137,,117.36
628,1.14297,,137,,117.44
629,1.1448,,137,,117.52
630,1.14663,,137,,117.6
631,1.14846,,137,,117.68
632,1.15029,,137,,117.76
633,1.15212,,137,,117.84
634,1.15395,,137,,117.92
635,1.15578,,137,,118
636,1.15755,,137.1,,117.8
637,1.15931,,137.2,,117.6
638,1.16108,,137.3,,117.4
639,1.16284,,137.4,,117.2
640,1.1646,,137.5,,117
641,1.16637,,137.6,,116.8
642,1.16813,,137.7,,116.6
643,1.1699,,137.8,,116.4
644,1.17166,,137.9,,116.2
645,1.17343,,138,,116
646,1.17533,,138,,115.82
647,1.17723,,138,,115.64
648,1.17914,,138,,115.46
649,1.18104,,138,,115.28
650,1.18294,,138,,115.1
651,1.18484,,138,,114.92
652,1.18674,,138,,114.74
653,1.18865,,138,,114.56
654,1.19055,,138,,114.38
655,1.19245,,138,,114.2
656,1.19426,,138,,113.6
657,1.19646,,137.889,,113.489
658,1.19866,,137.778,,113.378
659,1.20086,,137.667,,113.267
660,1.20306,,137.556,,113.156
661,1.20525,,137.444,,113.044
662,1.20745,,137.333,,112.933
663,1.20965,,137.222,,112.822
664,1.21185,,137.111,,112.711
665,1.21405,,137,,112.6
666,1.21602,,136.8,,112.76
667,1.21799,,136.6,,112.92
668,1.21996,,136.4,,113.08
669,1.22193,,136.2,,113.24
670,1.2239,,136,,113.4
671,1.22587,,135.8,,113.56
672,1.22784,,135.6,,113.72
673,1.22981,,135.4,,113.88
674,1.23178,,135.2,,114.04
675,1.23375,,135,,114.2
676,1.23541,,135.1,,114.5
677,1.23708,,135.2,,114.8
678,1.23874,,135.3,,115.1
679,1.24041,,135.4,,115.4
680,1.24207,,135.5,,115.7
681,1.24374,,135.6,,116
682,1.2454,,135.7,,116.3
683,1.24707,,135.8,,116.6
684,1.24873,,135.9,,116.9
685,1.2504,,136,,117.2
686,1.25224,,136.2,,117.1
687,1.25407,,136.4,,117
688,1.25591,,136.6,,116.9
689,1.25774,,136.8,,116.8
690,1.25958,,137,,116.7
691,1.26142,,137.2,,116.6
692,1.26325,,137.4,,116.5
693,1.26509,,137.6,,116.4
694,1.26692,,137.8,,116.3
695,1.26876,,138,,116.2
696,1.27054,,138,,115.88
697,1.27231,,138,,115.56
698,1.27409,,138,,115.24
699,1.27586,,138,,114.92
700,1.27764,,138,,114.6
701,1.27942,,138,,114.28
702,1.28119,,138,,113.96
703,1.28297,,138,,113.64
704,1.28474,,138,,113.32
705,1.28652,,138,,113
706,1.28834,,138.1,,113.16
707,1.29015,,138.2,,113.32
708,1.29197,,138.3,,113.48
709,1.29378,,138.4,,113.64
710,1.2956,,138.5,,113.8
711,1.29741,,138.6,,113.96
712,1.29923,,138.7,,114.12
713,1.30104,,138.8,,114.28
714,1.30286,,138.9,,114.44
715,1.30467,,139,,114.6
716,1.30644,,139,,114.6
717,1.30821,,139,,114.6
718,1.30998,,139,,114.6
719,1.31176,,139,,114.6
720,1.31353,,139,,114.6
721,1.3153,,139,,114.6
722,1.31707,,139,,114.6
723,1.31891,,139,,114.267
724,1.32075,,139,,113.933
725,1.32259,,139,,113.6
726,1.32444,,139,,113.68
727,1.3263,,139,,113.76
728,1.32815,,139,,113.84
729,1.33001,,139,,113.92
730,1.33186,,139,,114
731,1.33371,,139,,114.08
732,1.33557,,139,,114.16
733,1.33742,,139,,114.24
734,1.33928,,139,,114.32
735,1.34113,,139,,114.4
736,1.3431,,138.9,,114.5
737,1.34506,,138.8,,114.6
738,1.34703,,138.7,,114.7
739,1.349,,138.6,,114.8
740,1.35096,,138.5,,114.9
741,1.35293,,138.4,,115
742,1.3549,,138.3,,115.1
743,1.35687,,138.2,,115.2
744,1.35883,,138.1,,115.3
745,1.3608,,138,,115.4
746,1.36256,,138.1,,115.22
747,1.36433,,138.2,,115.04
748,1.36609,,138.3,,114.86
749,1.36786,,138.4,,114.68
750,1.36962,,138.5,,114.5
751,1.37138,,138.6,,114.32
752,1.37315,,138.7,,114.14
753,1.37491,,138.8,,113.96
754,1.37668,,138.9,,113.78
755,1.37844,,139,,113.6
756,1.38036,,138.9,,113.62
757,1.38228,,138.8,,113.64
758,1.3842,,138.7,,113.66
759,1.38612,,138.6,,113.68
760,1.38804,,138.5,,113.7
761,1.38996,,138.4,,113.72
762,1.39188,,138.3,,113.74
763,1.3938,,138.2,,113.76
764,1.39572,,138.1,,113.78
765,1.39764,,138,,113.8
766,1.39948,,137.7,,113.52
767,1.40132,,137.4,,113.24
768,1.40317,,137.1,,112.96
769,1.40501,,136.8,,112.68
770,1.40685,,136.5,,112.4
771,1.40869,,136.2,,112.12
772,1.41053,,135.9,,111.84
773,1.41238,,135.6,,111.56
774,1.41422,,135.3,,111.28
775,1.41606,,135,,111
776,1.4178,,135,,111.12
777,1.41954,,135,,111.24
778,1.42128,,135,,111.36
779,1.42302,,135,,111.48
780,1.42475,,135,,111.6
781,1.42649,,135,,111.72
782,1.42823,,135,,111.84
783,1.42997,,135,,111.96
784,1.43171,,135,,112.08
785,1.43345,,135,,112.2
786,1.43531,,135.1,,112.16
787,1.43717,,135.2,,112.12
788,1.43903,,135.3,,112.08
789,1.44089,,135.4,,112.04
790,1.44276,,135.5,,112
791,1.44462,,135.6,,111.96
792,1.44648,,135.7,,111.92
793,1.44834,,135.8,,111.88
794,1.4502,,135.9,,111.84
795,1.45206,,136,,111.8
796,1.45403,,136.5,,112.3
797,1.456,,137,,112.8
798,1.45797,,137.5,,113.3
799,1.45994,,138,,113.8
800,1.46191,,138.5,,114.3
801,1.46388,,139,,114.8
802,1.46576,,139,,114.8
803,1.46765,,139,,114.8
804,1.46953,,139,,114.8
805,1.47141,,139,,114.8
806,1.47303,,138.9,,114.34
807,1.47465,,138.8,,113.88
808,1.47627,,138.7,,113.42
809,1.47789,,138.6,,112.96
810,1.47951,,138.5,,112.5
811,1.48112,,138.4,,112.04
812,1.48274,,138.3,,111.58
813,1.48436,,138.2,,111.12
814,1.48598,,138.1,,110.66
815,1.4876,,138,,110.2
816,1.48926,,138.3,,110.34
817,1.49092,,138.6,,110.48
818,1.49259,,138.9,,110.62
819,1.49425,,139.2,,110.76
820,1.49591,,139.5,,110.9
821,1.49757,,139.8,,111.04
822,1.49923,,140.1,,111.18
823,1.5009,,140.4,,111.32
824,1.50256,,140.7,,111.46
825,1.50422,,141,,111.6
826,1.5059,,140.7,,111.62
827,1.50758,,140.4,,111.64
828,1.50927,,140.1,,111.66
829,1.51095,,139.8,,111.68
830,1.51263,,139.5,,111.7
831,1.51431,,139.2,,111.72
832,1.51599,,138.9,,111.74
833,1.51768,,138.6,,111.76
834,1.51936,,138.3,,111.78
835,1.52104,,138,,111.8
836,1.52285,,138.2,,111.62
837,1.52465,,138.4,,111.44
838,1.52646,,138.6,,111.26
839,1.52826,,138.8,,111.08
840,1.53007,,139,,110.9
841,1.53188,,139.2,,110.72
842,1.53368,,139.4,,110.54
843,1.53549,,139.6,,110.36
844,1.53729,,139.8,,110.18
845,1.5391,,140,,110
846,1.54123,,140,,110.14
847,1.54337,,140,,110.28
848,1.5455,,140,,110.42
849,1.54763,,140,,110.56
850,1.54976,,140,,110.7
851,1.5519,,140,,110.84
852,1.55403,,140,,110.98
853,1.55616,,140,,111.12
854,1.5583,,140,,111.26
855,1.56043,,140,,111.4
856,1.56224,,140.2,,111.28
857,1.56405,,140.4,,111.16
858,1.56586,,140.6,,111.04
859,1.56767,,140.8,,110.92
860,1.56949,,141,,110.8
861,1.5713,,141.2,,110.68
862,1.57311,,141.4,,110.56
863,1.57492,,141.6,,110.44
864,1.57673,,141.8,,110.32
865,1.57854,,142,,110.2
866,1.58034,,141.9,,110.22
867,1.58214,,141.8,,110.24
868,1.58394,,141.7,,110.26
869,1.58574,,141.6,,110.28
870,1.58753,,141.5,,110.3
871,1.58933,,141.4,,110.32
872,1.59113,,141.3,,110.34
873,1.59293,,141.2,,110.36
874,1.59473,,141.1,,110.38
875,1.59653,,141,,110.4
876,1.59821,,140.8,,110.56
877,1.5999,,140.6,,110.72
878,1.60158,,140.4,,110.88
879,1.60326,,140.2,,111.04
880,1.60494,,140,,111.2
881,1.60663,,139.8,,111.36
882,1.60831,,139.6,,111.52
883,1.60999,,139.4,,111.68
884,1.61168,,139.2,,111.84
885,1.61336,,139,,112
886,1.61522,,138.556,,112.578
887,1.61708,,138.111,,113.156
888,1.61894,,137.667,,113.733
889,1.6208,,137.222,,114.311
890,1.62267,,136.778,,114.889
891,1.62453,,136.333,,115.467
892,1.62639,,135.889,,116.044
893,1.62825,,135.444,,116.622
894,1.63011,,135,,117.2
895,1.63203,,135,,117.6
896,1.63399,,135,,117.78
897,1.63595,,135,,117.96
898,1.63791,,135,,118.14
899,1.63987,,135,,118.32
900,1.64183,,135,,118.5
901,1.64378,,135,,118.68
902,1.64574,,135,,118.86
903,1.6477,,135,,119.04
904,1.64966,,135,,119.22
905,1.65162,,135,,119.4
906,1.65335,,134.6,,119.32
907,1.65507,,134.2,,119.24
908,1.6568,,133.8,,119.16
909,1.65852,,133.4,,119.08
910,1.66025,,133,,119
911,1.66197,,132.6,,118.92
912,1.6637,,132.2,,118.84
913,1.66542,,131.8,,118.76
914,1.66715,,131.4,,118.68
915,1.66887,,131,,118.6
916,1.67073,,131.375,,118.825
917,1.67258,,131.75,,119.05
918,1.67444,,132.125,,119.275
919,1.67629,,132.5,,119.5
920,1.67814,,132.875,,119.725
921,1.68,,133.25,,119.95
922,1.68186,,133.625,,120.175
923,1.68371,,134,,120.4
924,1.68565,,134,,120.9
925,1.68758,,134,,121.4
926,1.68942,,134.6,,121.28
927,1.69126,,135.2,,121.16
928,1.6931,,135.8,,121.04
929,1.69494,,136.4,,120.92
930,1.69678,,137,,120.8
931,1.69848,,136.8,,120.84
932,1.70018,,136.6,,120.88
933,1.70189,,136.4,,120.92
934,1.70359,,136.2,,120.96
935,1.70529,,136,,121
936,1.70722,,136.75,,121.4
937,1.70915,,137.5,,121.8
938,1.71108,,138.25,,122.2
939,1.71301,,139,,122.6
940,1.71477,,140,,122.933
941,1.71653,,141,,123.267
942,1.71829,,142,,123.6
943,1.71982,,141.667,,123.6
944,1.72135,,141.333,,123.6
945,1.72288,,141,,123.6
946,1.72452,,139,,123.8
947,1.72615,,137,,124
948,1.72782,,136.875,,123.975
949,1.72949,,136.75,,123.95
950,1.73116,,136.625,,123.925
951,1.73283,,136.5,,123.9
952,1.73449,,136.375,,123.875
953,1.73616,,136.25,,123.85
954,1.73783,,136.125,,123.825
955,1.7395,,136,,123.8
956,1.74116,,136.1,,123.7
957,1.74281,,136.2,,123.6
958,1.74447,,136.3,,123.5
959,1.74612,,136.4,,123.4
960,1.74778,,136.5,,123.3
961,1.74944,,136.6,,123.2
962,1.75109,,136.7,,123.1
963,1.75275,,136.8,,123
964,1.7544,,136.9,,122.9
965,1.75606,,137,,122.8
966,1.75793,,137,,122.76
967,1.75981,,137,,122.72
968,1.76168,,137,,122.68
969,1.76356,,137,,122.64
970,1.76543,,137,,122.6
971,1.7673,,137,,122.56
972,1.76918,,137,,122.52
973,1.77105,,137,,122.48
974,1.77293,,137,,122.44
975,1.7748,,137,,122.4
976,1.77655,,137.125,,122.375
977,1.77831,,137.25,,122.35
978,1.78007,,137.375,,122.325
979,1.78182,,137.5,,122.3
980,1.78357,,137.625,,122.275
981,1.78533,,137.75,,122.25
982,1.78709,,137.875,,122.225
983,1.78884,,138,,122.2
984,1.79076,,138,,121.7
985,1.79268,,138,,121.2
986,1.7946,,138,,121.04
987,1.79652,,138,,120.88
988,1.79844,,138,,120.72
989,1.80036,,138,,120.56
990,1.80228,,138,,120.4
991,1.8042,,138,,120.24
992,1.80612,,138,,120.08
993,1.80804,,138,,119.92
994,1.80996,,138,,119.76
995,1.81188,,138,,119.6
996,1.81381,,138.1,,119.74
997,1.81575,,138.2,,119.88
998,1.81768,,138.3,,120.02
999,1.81962,,138.4,,120.16
1000,1.82156,,138.5,,120.3
1001,1.82349,,138.6,,120.44
1002,1.82542,,138.7,,120.58
1003,1.82736,,138.8,,120.72
1004,1.82929,,138.9,,120.86
1005,1.83123,,139,,121
1006,1.83309,,138.8,,120.7
1007,1.83496,,138.6,,120.4
1008,1.83682,,138.4,,120.1
1009,1.83869,,138.2,,119.8
1010,1.84055,,138,,119.5
1011,1.84242,,137.8,,119.2
1012,1.84428,,137.6,,118.9
1013,1.84615,,137.4,,118.6
1014,1.84801,,137.2,,118.3
1015,1.84988,,137,,118
1016,1.85165,,137,,117.7
1017,1.85342,,137,,117.4
1018,1.85518,,137,,117.1
1019,1.85695,,137,,116.8
1020,1.85865,,137.167,,116.467
1021,1.86036,,137.333,,116.133
1022,1.86206,,137.5,,115.8
1023,1.86376,,137.667,,115.467
1024,1.86547,,137.833,,115.133
1025,1.86717,,138,,114.8
1026,1.86895,,138.2,,114.88
1027,1.87072,,138.4,,114.96
1028,1.8725,,138.6,,115.04
1029,1.87428,,138.8,,115.12
1030,1.87606,,139,,115.2
1031,1.87783,,139.2,,115.28
1032,1.87961,,139.4,,115.36
1033,1.88139,,139.6,,115.44
1034,1.88316,,139.8,,115.52
1035,1.88494,,140,,115.6
1036,1.88668,,139.4,,115.96
1037,1.88841,,138.8,,116.32
1038,1.89015,,138.2,,116.68
1039,1.89188,,137.6,,117.04
1040,1.89362,,137,,117.4
1041,1.89541,,137.2,,117.08
1042,1.89721,,137.4,,116.76
1043,1.899,,137.6,,116.44
1044,1.9008,,137.8,,116.12
1045,1.90259,,138,,115.8
1046,1.90435,,138,,115.66
1047,1.90611,,138,,115.52
1048,1.90787,,138,,115.38
1049,1.90963,,138,,115.24
1050,1.91139,,138,,115.1
1051,1.91316,,138,,114.96
1052,1.91492,,138,,114.82
1053,1.91668,,138,,114.68
1054,1.91844,,138,,114.54
1055,1.9202,,138,,114.4
1056,1.92203,,138.1,,114.5
1057,1.92386,,138.2,,114.6
1058,1.9257,,138.3,,114.7
1059,1.92753,,138.4,,114.8
1060,1.92936,,138.5,,114.9
1061,1.93119,,138.6,,115
1062,1.93302,,138.7,,115.1
1063,1.93486,,138.8,,115.2
1064,1.93669,,138.9,,115.3
1065,1.93852,,139,,115.4
1066,1.94033,,138.9,,115.38
1067,1.94214,,138.8,,115.36
1068,1.94394,,138.7,,115.34
1069,1.94575,,138.6,,115.32
1070,1.94756,,138.5,,115.3
1071,1.94937,,138.4,,115.28
1072,1.95118,,138.3,,115.26
1073,1.95298,,138.2,,115.24
1074,1.95479,,138.1,,115.22
1075,1.9566,,138,,115.2
1076,1.958,,138,,115.18
1077,1.9594,,138,,115.16
1078,1.9608,,138,,115.14
1079,1.9622,,138,,115.12
1080,1.96359,,138,,115.1
1081,1.96499,,138,,115.08
1082,1.96639,,138,,115.06
1083,1.96779,,138,,115.04
1084,1.96919,,138,,115.02
1085,1.97059,,138,,115
1086,1.97242,,138.1,,114.5
1087,1.97424,,138.2,,114
1088,1.97607,,138.3,,113.5
1089,1.97789,,138.4,,113
1090,1.97972,,138.5,,112.5
1091,1.98155,,138.6,,112
1092,1.98337,,138.7,,111.5
1093,1.9852,,138.8,,111
1094,1.98702,,138.9,,110.5
1095,1.98885,,139,,110
1096,1.99106,,139.75,,109.55
1097,1.99326,,140.5,,109.1
1098,1.99547,,141.25,,108.65
1099,1.99767,,142,,108.2
1100,1.99972,,141.5,,107.7
1101,2.00178,,141,,107.2
1102,2.00384,,140.5,,106.7
1103,2.00589,,140,,106.2
1104,2.00794,,139.5,,105.7
1105,2.01,,139,,105.2
1106,2.01184,,139,,104.7
1107,2.01368,,139,,104.2
1108,2.01545,,139,,104.257
1109,2.01721,,139,,104.314
1110,2.01898,,139,,104.371
1111,2.02075,,139,,104.429
1112,2.02252,,139,,104.486
1113,2.02428,,139,,104.543
1114,2.02605,,139,,104.6
1115,2.02737,,139,,104.6
1116,2.02924,,139,,104.68
1117,2.03111,,139,,104.76
1118,2.03298,,139,,104.84
1119,2.03485,,139,,104.92
1120,2.03672,,139,,105
1121,2.0386,,139,,105.08
1122,2.04047,,139,,105.16
1123,2.04234,,139,,105.24
1124,2.04421,,139,,105.32
1125,2.04608,,139,,105.4
1126,2.04774,,139,,105.48
1127,2.0494,,139,,105.56
1128,2.05106,,139,,105.64
1129,2.05272,,139,,105.72
1130,2.05438,,139,,105.8
1131,2.05604,,139,,105.88
1132,2.0577,,139,,105.96
1133,2.05936,,139,,106.04
1134,2.06102,,139,,106.12
1135,2.06268,,139,,106.2
1136,2.06436,,138.8,,106.26
1137,2.06605,,138.6,,106.32
1138,2.06773,,138.4,,106.38
1139,2.06941,,138.2,,106.44
1140,2.07109,,138,,106.5
1141,2.07278,,137.8,,106.56
1142,2.07446,,137.6,,106.62
1143,2.07614,,137.4,,106.68
1144,2.07783,,137.2,,106.74
1145,2.07951,,137,,106.8
1146,2.0813,,136.9,,106.96
1147,2.08309,,136.8,,107.12
1148,2.08489,,136.7,,107.28
1149,2.08668,,136.6,,107.44
1150,2.08847,,136.5,,107.6
1151,2.09026,,136.4,,107.76
1152,2.09205,,136.3,,107.92
1153,2.09385,,136.2,,108.08
1154,2.09564,,136.1,,108.24
1155,2.09743,,136,,108.4
1156,2.0992,,136.1,,108.48
1157,2.10096,,136.2,,108.56
1158,2.10273,,136.3,,108.64
1159,2.10449,,136.4,,108.72
1160,2.10626,,136.5,,108.8
1161,2.10803,,136.6,,108.88
1162,2.10979,,136.7,,108.96
1163,2.11156,,136.8,,109.04
1164,2.11332,,136.9,,109.12
1165,2.11509,,137,,109.2
1166,2.11699,,137.3,,109.38
1167,2.11889,,137.6,,109.56
1168,2.12079,,137.9,,109.74
1169,2.12269,,138.2,,109.92
1170,2.1246,,138.5,,110.1
1171,2.1265,,138.8,,110.28
1172,2.1284,,139.1,,110.46
1173,2.1303,,139.4,,110.64
1174,2.1322,,139.7,,110.82
1175,2.1341,,140,,111
1176,2.13584,,139.8,,111.06
1177,2.13758,,139.6,,111.12
1178,2.13932,,139.4,,111.18
1179,2.14106,,139.2,,111.24
1180,2.1428,,139,,111.3
1181,2.14453,,138.8,,111.36
1182,2.14627,,138.6,,111.42
1183,2.14801,,138.4,,111.48
1184,2.14975,,138.2,,111.54
1185,2.15149,,138,,111.6
1186,2.15309,,138,,111.66
1187,2.15469,,138,,111.72
1188,2.15629,,138,,111.78
1189,2.15789,,138,,111.84
1190,2.15949,,138,,111.9
1191,2.1611,,138,,111.96
1192,2.1627,,138,,112.02
1193,2.1643,,138,,112.08
1194,2.1659,,138,,112.14
1195,2.1675,,138,,112.2
1196,2.16931,,138.1,,112.44
1197,2.17111,,138.2,,112.68
1198,2.17292,,138.3,,112.92
1199,2.17472,,138.4,,113.16
1200,2.17653,,138.5,,113.4
1201,2.17834,,138.6,,113.64
1202,2.18014,,138.7,,113.88
1203,2.18195,,138.8,,114.12
1204,2.18375,,138.9,,114.36
1205,2.18556,,139,,114.6
1206,2.18742,,139.1,,114.7
1207,2.18928,,139.2,,114.8
1208,2.19115,,139.3,,114.9
1209,2.19301,,139.4,,115
1210,2.19487,,139.5,,115.1
1211,2.19673,,139.6,,115.2
1212,2.19859,,139.7,,115.3
1213,2.20046,,139.8,,115.4
1214,2.20232,,139.9,,115.5
1215,2.20418,,140,,115.6
1216,2.20588,,139.9,,115.6
1217,2.20757,,139.8,,115.6
1218,2.20927,,139.7,,115.6
1219,2.21096,,139.6,,115.6
1220,2.21266,,139.5,,115.6
1221,2.21436,,139.4,,115.6
1222,2.21605,,139.3,,115.6
1223,2.21775,,139.2,,115.6
1224,2.21944,,139.1,,115.6
1225,2.22114,,139,,115.6
1226,2.22296,,139,,115.68
1227,2.22477,,139,,115.76
1228,2.22659,,139,,115.84
1229,2.22841,,139,,115.92
1230,2.23022,,139,,116
1231,2.23204,,139,,116.08
1232,2.23386,,139,,116.16
1233,2.23568,,139,,116.24
1234,2.23749,,139,,116.32
1235,2.23931,,139,,116.4
1236,2.24087,,138.8,,116.3
1237,2.24243,,138.6,,116.2
1238,2.24399,,138.4,,116.1
1239,2.24555,,138.2,,116
1240,2.24711,,138,,115.9
1241,2.24866,,137.8,,115.8
1242,2.25022,,137.6,,115.7
1243,2.25178,,137.4,,115.6
1244,2.25334,,137.2,,115.5
1245,2.2549,,137,,115.4
1246,2.25661,,137.1,,115.42
1247,2.25832,,137.2,,115.44
1248,2.26002,,137.3,,115.46
1249,2.26173,,137.4,,115.48
1250,2.26344,,137.5,,115.5
1251,2.26515,,137.6,,115.52
1252,2.26686,,137.7,,115.54
1253,2.26856,,137.8,,115.56
1254,2.27027,,137.9,,115.58
1255,2.27198,,138,,115.6
1256,2.27376,,138.2,,115.66
1257,2.27554,,138.4,,115.72
1258,2.27733,,138.6,,115.78
1259,2.27911,,138.8,,115.84
1260,2.28089,,139,,115.9
1261,2.28267,,139.2,,115.96
1262,2.28445,,139.4,,116.02
1263,2.28624,,139.6,,116.08
1264,2.28802,,139.8,,116.14
1265,2.2898,,140,,116.2
1266,2.29147,,139.875,,116.35
1267,2.29313,,139.75,,116.5
1268,2.2948,,139.625,,116.65
1269,2.29646,,139.5,,116.8
1270,2.29812,,139.375,,116.95
1271,2.29979,,139.25,,117.1
1272,2.30145,,139.125,,117.25
1273,2.30312,,139,,117.4
1274,2.30489,,139.5,,117.3
1275,2.30666,,140,,117.2
1276,2.30835,,140,,117.08
1277,2.31004,,140,,116.96
1278,2.31173,,140,,116.84
1279,2.31342,,140,,116.72
1280,2.31512,,140,,116.6
1281,2.31681,,140,,116.48
1282,2.3185,,140,,116.36
1283,2.32019,,140,,116.24
1284,2.32188,,140,,116.12
1285,2.32357,,140,,116
1286,2.32534,,139.5,,115.7
1287,2.32711,,139,,115.4
1288,2.32888,,138.5,,115.1
1289,2.33065,,138,,114.8
1290,2.33242,,137.5,,114.5
1291,2.33419,,137,,114.2
1292,2.33617,,135.5,,113.9
1293,2.33814,,134,,113.6
1294,2.34002,,134.5,,113.5
1295,2.3419,,135,,113.4
1296,2.34379,,135.2,,113.22
1297,2.34568,,135.4,,113.04
1298,2.34757,,135.6,,112.86
1299,2.34946,,135.8,,112.68
1300,2.35135,,136,,112.5
1301,2.35325,,136.2,,112.32
1302,2.35514,,136.4,,112.14
1303,2.35703,,136.6,,111.96
1304,2.35892,,136.8,,111.78
1305,2.36081,,137,,111.6
1306,2.36249,,137.1,,111.4
1307,2.36417,,137.2,,111.2
1308,2.36584,,137.3,,111
1309,2.36752,,137.4,,110.8
1310,2.3692,,137.5,,110.6
1311,2.37088,,137.6,,110.4
1312,2.37256,,137.7,,110.2
1313,2.37423,,137.8,,110
1314,2.37591,,137.9,,109.8
1315,2.37759,,138,,109.6
1316,2.37941,,138,,109.68
1317,2.38123,,138,,109.76
1318,2.38305,,138,,109.84
1319,2.38487,,138,,109.92
1320,2.38669,,138,,110
1321,2.38851,,138,,110.08
1322,2.39033,,138,,110.16
1323,2.39215,,138,,110.24
1324,2.39397,,138,,110.32
1325,2.39579,,138,,110.4
1326,2.39755,,138.1,,110.22
1327,2.39932,,138.2,,110.04
1328,2.40108,,138.3,,109.86
1329,2.40285,,138.4,,109.68
1330,2.40461,,138.5,,109.5
1331,2.40637,,138.6,,109.32
1332,2.40814,,138.7,,109.14
1333,2.4099,,138.8,,108.96
1334,2.41167,,138.9,,108.78
1335,2.41343,,139,,108.6
1336,2.41523,,139.1,,108.72
1337,2.41702,,139.2,,108.84
1338,2.41882,,139.3,,108.96
1339,2.42061,,139.4,,109.08
1340,2.42241,,139.5,,109.2
1341,2.42421,,139.6,,109.32
1342,2.426,,139.7,,109.44
1343,2.4278,,139.8,,109.56
1344,2.42959,,139.9,,109.68
1345,2.43139,,140,,109.8
1346,2.43317,,139.9,,109.76
1347,2.43495,,139.8,,109.72
1348,2.43673,,139.7,,109.68
1349,2.43851,,139.6,,109.64
1350,2.44029,,139.5,,109.6
1351,2.44207,,139.4,,109.56
1352,2.44385,,139.3,,109.52
1353,2.44563,,139.2,,109.48
1354,2.44741,,139.1,,109.44
1355,2.44919,,139,,109.4
1356,2.45097,,139,,109.44
1357,2.45275,,139,,109.48
1358,2.45454,,139,,109.52
1359,2.45632,,139,,109.56
1360,2.4581,,139,,109.6
1361,2.45988,,139,,109.64
1362,2.46166,,139,,109.68
1363,2.46345,,139,,109.72
1364,2.46523,,139,,109.76
1365,2.46701,,139,,109.8
1366,2.46869,,139,,109.7
1367,2.47037,,139,,109.6
1368,2.47206,,139,,109.5
1369,2.47374,,139,,109.4
1370,2.47542,,139,,109.3
1371,2.4771,,139,,109.2
1372,2.479,,139,,109.3
1373,2.4809,,139,,109.4
1374,2.48279,,139,,109.5
1375,2.48469,,139,,109.6
1376,2.48672,,139,,109.92
1377,2.48874,,139,,110.24
1378,2.49077,,139,,110.56
1379,2.49279,,139,,110.88
1380,2.49482,,139,,111.2
1381,2.49685,,139,,111.52
1382,2.49887,,139,,111.84
1383,2.5009,,139,,112.16
1384,2.50292,,139,,112.48
1385,2.50495,,139,,112.8
1386,2.50681,,139,,112.36
1387,2.50867,,139,,111.92
1388,2.51052,,139,,111.48
1389,2.51238,,139,,111.04
1390,2.51424,,139,,110.6
1391,2.5161,,139,,110.16
1392,2.51796,,139,,109.72
1393,2.51981,,139,,109.28
1394,2.52167,,139,,108.84
1395,2.52353,,139,,108.4
1396,2.52549,,139,,107.92
1397,2.52744,,139,,107.44
1398,2.5294,,139,,106.96
1399,2.53136,,139,,106.48
1400,2.53331,,139,,106
1401,2.53527,,139,,105.52
1402,2.53723,,139,,105.04
1403,2.53919,,139,,104.56
1404,2.54114,,139,,104.08
1405,2.5431,,139,,103.6
1406,2.54493,,139,,103.6
1407,2.54676,,139,,103.6
1408,2.54883,,139.25,,103.675
1409,2.5509,,139.5,,103.75
1410,2.55297,,139.75,,103.825
1411,2.55504,,140,,103.9
1412,2.55711,,140.25,,103.975
1413,2.55918,,140.5,,104.05
1414,2.56125,,140.75,,104.125
1415,2.56332,,141,,104.2
1416,2.56517,,140.8,,104.14
1417,2.56703,,140.6,,104.08
1418,2.56888,,140.4,,104.02
1419,2.57074,,140.2,,103.96
1420,2.57259,,140,,103.9
1421,2.57444,,139.8,,103.84
1422,2.5763,,139.6,,103.78
1423,2.57815,,139.4,,103.72
1424,2.58001,,139.2,,103.66
1425,2.58186,,139,,103.6
1426,2.58387,,139.2,,103.98
1427,2.58587,,139.4,,104.36
1428,2.58788,,139.6,,104.74
1429,2.58988,,139.8,,105.12
1430,2.59189,,140,,105.5
1431,2.5939,,140.2,,105.88
1432,2.5959,,140.4,,106.26
1433,2.59791,,140.6,,106.64
1434,2.59991,,140.8,,107.02
1435,2.60192,,141,,107.4
1436,2.60381,,140.625,,107.875
1437,2.6057,,140.25,,108.35
1438,2.60759,,139.875,,108.825
1439,2.60947,,139.5,,109.3
1440,2.61136,,139.125,,109.775
1441,2.61325,,138.75,,110.25
1442,2.61514,,138.375,,110.725
1443,2.61703,,138,,111.2
1444,2.61885,,138,,111.3
1445,2.62067,,138,,111.4
1446,2.62245,,138.1,,111.34
1447,2.62423,,138.2,,111.28
1448,2.62601,,138.3,,111.22
1449,2.62779,,138.4,,111.16
1450,2.62957,,138.5,,111.1
1451,2.63136,,138.6,,111.04
1452,2.63314,,138.7,,110.98
1453,2.63492,,138.8,,110.92
1454,2.6367,,138.9,,110.86
1455,2.63848,,139,,110.8
1456,2.64023,,139.1,,110.92
1457,2.64198,,139.2,,111.04
1458,2.64373,,139.3,,111.16
1459,2.64548,,139.4,,111.28
1460,2.64723,,139.5,,111.4
1461,2.64898,,139.6,,111.52
1462,2.65073,,139.7,,111.64
1463,2.65248,,139.8,,111.76
1464,2.65423,,139.9,,111.88
1465,2.65598,,140,,112
1466,2.65771,,140.3,,112.04
1467,2.65944,,140.6,,112.08
1468,2.66116,,140.9,,112.12
1469,2.66289,,141.2,,112.16
1470,2.66462,,141.5,,112.2
1471,2.66635,,141.8,,112.24
1472,2.66808,,142.1,,112.28
1473,2.6698,,142.4,,112.32
1474,2.67153,,142.7,,112.36
1475,2.67326,,143,,112.4
1476,2.67502,,142.9,,112.26
1477,2.67679,,142.8,,112.12
1478,2.67855,,142.7,,111.98
1479,2.68032,,142.6,,111.84
1480,2.68208,,142.5,,111.7
1481,2.68384,,142.4,,111.56
1482,2.68561,,142.3,,111.42
1483,2.68737,,142.2,,111.28
1484,2.68914,,142.1,,111.14
1485,2.6909,,142,,111
1486,2.69262,,141.9,,110.74
1487,2.69433,,141.8,,110.48
1488,2.69605,,141.7,,110.22
1489,2.69776,,141.6,,109.96
1490,2.69948,,141.5,,109.7
1491,2.7012,,141.4,,109.44
1492,2.70291,,141.3,,109.18
1493,2.70463,,141.2,,108.92
1494,2.70634,,141.1,,108.66
1495,2.70806,,141,,108.4
1496,2.7098,,141,,108.28
1497,2.71153,,141,,108.16
1498,2.71327,,141,,108.04
1499,2.715,,141,,107.92
1500,2.71673,,141,,107.8
1501,2.71847,,141,,107.68
1502,2.7202,,141,,107.56
1503,2.72194,,141,,107.44
1504,2.72368,,141,,107.32
1505,2.72541,,141,,107.2
1506,2.72717,,140.5,,107.5
1507,2.72892,,140,,107.8
1508,2.7307,,139.875,,107.675
1509,2.73248,,139.75,,107.55
1510,2.73426,,139.625,,107.425
1511,2.73604,,139.5,,107.3
1512,2.73783,,139.375,,107.175
1513,2.73961,,139.25,,107.05
1514,2.74139,,139.125,,106.925
1515,2.74317,,139,,106.8
1516,2.74493,,138.9,,107
1517,2.74669,,138.8,,107.2
1518,2.74844,,138.7,,107.4
1519,2.7502,,138.6,,107.6
1520,2.75196,,138.5,,107.8
1521,2.75372,,138.4,,108
1522,2.75548,,138.3,,108.2
1523,2.75723,,138.2,,108.4
1524,2.75899,,138.1,,108.6
1525,2.76075,,138,,108.8
1526,2.7625,,138.1,,109.02
1527,2.76424,,138.2,,109.24
1528,2.76599,,138.3,,109.46
1529,2.76774,,138.4,,109.68
1530,2.76948,,138.5,,109.9
1531,2.77123,,138.6,,110.12
1532,2.77298,,138.7,,110.34
1533,2.77473,,138.8,,110.56
1534,2.77647,,138.9,,110.78
1535,2.77822,,139,,111
1536,2.77999,,139,,111.04
1537,2.78177,,139,,111.08
1538,2.78354,,139,,111.12
1539,2.78532,,139,,111.16
1540,2.78709,,139,,111.2
1541,2.78886,,139,,111.24
1542,2.79064,,139,,111.28
1543,2.79241,,139,,111.32
1544,2.79419,,139,,111.36
1545,2.79596,,139,,111.4
1546,2.79774,,139.2,,111.52
1547,2.79953,,139.4,,111.64
1548,2.80132,,139.6,,111.76
1549,2.8031,,139.8,,111.88
1550,2.80489,,140,,112
1551,2.80667,,140.2,,112.12
1552,2.80845,,140.4,,112.24
1553,2.81024,,140.6,,112.36
1554,2.81203,,140.8,,112.48
1555,2.81381,,141,,112.6
1556,2.81556,,141,,112.64
1557,2.8173,,141,,112.68
1558,2.81905,,141,,112.72
1559,2.82079,,141,,112.76
1560,2.82254,,141,,112.8
1561,2.82428,,141,,112.84
1562,2.82603,,141,,112.88
1563,2.82777,,141,,112.92
1564,2.82951,,141,,112.96
1565,2.83126,,141,,113
1566,2.83287,,140.5,,112.875
1567,2.83448,,140,,112.75
1568,2.83609,,139.5,,112.625
1569,2.8377,,139,,112.5
1570,2.83931,,138.5,,112.375
1571,2.84092,,138,,112.25
1572,2.84253,,137.5,,112.125
1573,2.84414,,137,,112
1574,2.84579,,136,,112.1
1575,2.84743,,135,,112.2
1576,2.84917,,135.1,,112.08
1577,2.8509,,135.2,,111.96
1578,2.85264,,135.3,,111.84
1579,2.85437,,135.4,,111.72
1580,2.85611,,135.5,,111.6
1581,2.85785,,135.6,,111.48
1582,2.85958,,135.7,,111.36
1583,2.86132,,135.8,,111.24
1584,2.86305,,135.9,,111.12
1585,2.86479,,136,,111
1586,2.86638,,136.3,,111.12
1587,2.86796,,136.6,,111.24
1588,2.86955,,136.9,,111.36
1589,2.87114,,137.2,,111.48
1590,2.87272,,137.5,,111.6
1591,2.87431,,137.8,,111.72
1592,2.8759,,138.1,,111.84
1593,2.87749,,138.4,,111.96
1594,2.87907,,138.7,,112.08
1595,2.88066,,139,,112.2
1596,2.88225,,139,,112.1
1597,2.88383,,139,,112
1598,2.88542,,139,,111.9
1599,2.887,,139,,111.8
1600,2.88859,,139,,111.7
1601,2.89018,,139,,111.6
1602,2.89176,,139,,111.5
1603,2.89335,,139,,111.4
1604,2.89493,,139,,111.3
1605,2.89652,,139,,111.2
1606,2.89821,,138.9,,110.98
1607,2.89991,,138.8,,110.76
1608,2.9016,,138.7,,110.54
1609,2.9033,,138.6,,110.32
1610,2.90499,,138.5,,110.1
1611,2.90668,,138.4,,109.88
1612,2.90838,,138.3,,109.66
1613,2.91007,,138.2,,109.44
1614,2.91177,,138.1,,109.22
1615,2.91346,,138,,109
1616,2.91534,,138.143,,108.914
1617,2.91722,,138.286,,108.829
1618,2.9191,,138.429,,108.743
1619,2.92097,,138.571,,108.657
1620,2.92285,,138.714,,108.571
1621,2.92473,,138.857,,108.486
1622,2.92661,,139,,108.4
1623,2.92846,,139,,108.8
1624,2.93031,,139,,109.2
1625,2.93216,,139,,109.6
1626,2.93389,,139.333,,109.956
1627,2.93562,,139.667,,110.311
1628,2.93734,,140,,110.667
1629,2.93907,,140.333,,111.022
1630,2.9408,,140.667,,111.378
1631,2.94253,,141,,111.733
1632,2.94425,,141.333,,112.089
1633,2.94598,,141.667,,112.444
1634,2.94771,,142,,112.8
1635,2.94979,,143,,113.2
1636,2.9516,,142.778,,113.378
1637,2.9534,,142.556,,113.556
1638,2.95521,,142.333,,113.733
1639,2.95701,,142.111,,113.911
1640,2.95882,,141.889,,114.089
1641,2.96062,,141.667,,114.267
1642,2.96243,,141.444,,114.444
1643,2.96423,,141.222,,114.622
1644,2.96604,,141,,114.8
1645,2.96763,,141,,115
1646,2.96949,,140.8,,114.78
1647,2.97136,,140.6,,114.56
1648,2.97322,,140.4,,114.34
1649,2.97509,,140.2,,114.12
1650,2.97695,,140,,113.9
1651,2.97881,,139.8,,113.68
1652,2.98068,,139.6,,113.46
1653,2.98254,,139.4,,113.24
1654,2.98441,,139.2,,113.02
1655,2.98627,,139,,112.8
1656,2.9881,,138.9,,112.6
1657,2.98992,,138.8,,112.4
1658,2.99175,,138.7,,112.2
1659,2.99358,,138.6,,112
1660,2.9954,,138.5,,111.8
1661,2.99723,,138.4,,111.6
1662,2.99906,,138.3,,111.4
1663,3.00089,,138.2,,111.2
1664,3.00271,,138.1,,111
1665,3.00454,,138,,110.8
1666,3.00641,,137.9,,110.78
1667,3.00828,,137.8,,110.76
1668,3.01015,,137.7,,110.74
1669,3.01202,,137.6,,110.72
1670,3.01389,,137.5,,110.7
1671,3.01576,,137.4,,110.68
1672,3.01763,,137.3,,110.66
1673,3.0195,,137.2,,110.64
1674,3.02137,,137.1,,110.62
1675,3.02324,,137,,110.6
1676,3.02527,,137,,110.72
1677,3.0273,,137,,110.84
1678,3.02933,,137,,110.96
1679,3.03136,,137,,111.08
1680,3.03339,,137,,111.2
1681,3.03542,,137,,111.32
1682,3.03745,,137,,111.44
1683,3.03948,,137,,111.56
1684,3.04151,,137,,111.68
1685,3.04354,,137,,111.8
1686,3.04542,,137.2,,112.14
1687,3.0473,,137.4,,112.48
1688,3.04919,,137.6,,112.82
1689,3.05107,,137.8,,113.16
1690,3.05295,,138,,113.5
1691,3.05483,,138.2,,113.84
1692,3.05671,,138.4,,114.18
1693,3.0586,,138.6,,114.52
1694,3.06048,,138.8,,114.86
1695,3.06236,,139,,115.2
1696,3.06407,,138.25,,114.95
1697,3.06577,,137.5,,114.7
1698,3.06748,,136.75,,114.45
1699,3.06919,,136,,114.2
1700,3.07109,,135,,114.133
1701,3.073,,134,,114.067
1702,3.0749,,133,,114
1703,3.0766,,134,,113.733
1704,3.0783,,135,,113.467
1705,3.08,,136,,113.2
1706,3.08205,,136.2,,112.92
1707,3.08411,,136.4,,112.64
1708,3.08617,,136.6,,112.36
1709,3.08822,,136.8,,112.08
1710,3.09028,,137,,111.8
1711,3.09233,,137.2,,111.52
1712,3.09438,,137.4,,111.24
1713,3.09644,,137.6,,110.96
1714,3.0985,,137.8,,110.68
1715,3.10055,,138,,110.4
1716,3.10251,,138.75,,110.05
1717,3.10447,,139.5,,109.7
1718,3.10644,,140.25,,109.35
1719,3.1084,,141,,109
1720,3.11006,,140.833,,108.767
1721,3.11171,,140.667,,108.533
1722,3.11337,,140.5,,108.3
1723,3.11503,,140.333,,108.067
1724,3.11668,,140.167,,107.833
1725,3.11834,,140,,107.6
1726,3.12011,,139.8,,107.42
1727,3.12189,,139.6,,107.24
1728,3.12366,,139.4,,107.06
1729,3.12543,,139.2,,106.88
1730,3.12721,,139,,106.7
1731,3.12898,,138.8,,106.52
1732,3.13075,,138.6,,106.34
1733,3.13252,,138.4,,106.16
1734,3.1343,,138.2,,105.98
1735,3.13607,,138,,105.8
1736,3.13783,,138.2,,105.76
1737,3.13958,,138.4,,105.72
1738,3.14134,,138.6,,105.68
1739,3.14309,,138.8,,105.64
1740,3.14485,,139,,105.6
1741,3.1466,,139.2,,105.56
1742,3.14836,,139.4,,105.52
1743,3.15011,,139.6,,105.48
1744,3.15186,,139.8,,105.44
1745,3.15362,,140,,105.4
1746,3.15548,,140.2,,105.56
1747,3.15733,,140.4,,105.72
1748,3.15919,,140.6,,105.88
1749,3.16105,,140.8,,106.04
1750,3.16291,,141,,106.2
1751,3.16476,,141.2,,106.36
1752,3.16662,,141.4,,106.52
1753,3.16848,,141.6,,106.68
1754,3.17033,,141.8,,106.84
1755,3.17219,,142,,107
1756,3.17396,,141.9,,106.8
1757,3.17574,,141.8,,106.6
1758,3.17752,,141.7,,106.4
1759,3.17929,,141.6,,106.2
1760,3.18107,,141.5,,106
1761,3.18284,,141.4,,105.8
1762,3.18461,,141.3,,105.6
1763,3.18639,,141.2,,105.4
1764,3.18817,,141.1,,105.2
1765,3.18994,,141,,105
1766,3.19174,,141.1,,105.18
1767,3.19354,,141.2,,105.36
1768,3.19534,,141.3,,105.54
1769,3.19714,,141.4,,105.72
1770,3.19894,,141.5,,105.9
1771,3.20074,,141.6,,106.08
1772,3.20254,,141.7,,106.26
1773,3.20434,,141.8,,106.44
1774,3.20614,,141.9,,106.62
1775,3.20794,,142,,106.8
1776,3.20969,,141.8,,106.88
1777,3.21145,,141.6,,106.96
1778,3.2132,,141.4,,107.04
1779,3.21495,,141.2,,107.12
1780,3.21671,,141,,107.2
1781,3.21846,,140.8,,107.28
1782,3.22021,,140.6,,107.36
1783,3.22196,,140.4,,107.44
1784,3.22372,,140.2,,107.52
1785,3.22547,,140,,107.6
1786,3.22701,,140.1,,107.4
1787,3.22854,,140.2,,107.2
1788,3.23007,,140.3,,107
1789,3.23161,,140.4,,106.8
1790,3.23314,,140.5,,106.6
1791,3.23468,,140.6,,106.4
1792,3.23622,,140.7,,106.2
1793,3.23775,,140.8,,106
1794,3.23928,,140.9,,105.8
1795,3.24082,,141,,105.6
1796,3.24229,,140.571,,105.257
1797,3.24377,,140.143,,104.914
1798,3.24524,,139.714,,104.571
1799,3.24672,,139.286,,104.229
1800,3.24819,,138.857,,103.886
1801,3.24967,,138.429,,103.543
1802,3.25114,,138,,103.2
1803,3.25246,,137.667,,102.933
1804,3.25379,,137.333,,102.667
1805,3.25511,,137,,102.4
1806,3.25686,,137.1,,102
1807,3.25862,,137.2,,101.6
1808,3.26037,,137.3,,101.2
1809,3.26213,,137.4,,100.8
1810,3.26388,,137.5,,100.4
1811,3.26563,,137.6,,100
1812,3.26739,,137.7,,99.6
1813,3.26914,,137.8,,99.2
1814,3.2709,,137.9,,98.8
1815,3.27265,,138,,98.4
1816,3.27437,,137.4,,98.32
1817,3.2761,,136.8,,98.24
1818,3.27782,,136.2,,98.16
1819,3.27955,,135.6,,98.08
1820,3.28127,,135,,98
1821,3.2826,,135.6,,97.88
1822,3.28394,,136.2,,97.76
1823,3.28527,,136.8,,97.64
1824,3.28661,,137.4,,97.52
1825,3.28794,,138,,97.4
1826,3.29012,,138,,97.78
1827,3.29231,,138,,98.16
1828,3.29449,,138,,98.54
1829,3.29667,,138,,98.92
1830,3.29885,,138,,99.3
1831,3.30104,,138,,99.68
1832,3.30322,,138,,100.06
1833,3.3054,,138,,100.44
1834,3.30759,,138,,100.82
1835,3.30977,,138,,101.2
1836,3.31189,,138.1,,101.46
1837,3.314,,138.2,,101.72
1838,3.31612,,138.3,,101.98
1839,3.31823,,138.4,,102.24
1840,3.32035,,138.5,,102.5
1841,3.32247,,138.6,,102.76
1842,3.32458,,138.7,,103.02
1843,3.3267,,138.8,,103.28
1844,3.32881,,138.9,,103.54
1845,3.33093,,139,,103.8
1846,3.33289,,138.9,,103.98
1847,3.33485,,138.8,,104.16
1848,3.3368,,138.7,,104.34
1849,3.33876,,138.6,,104.52
1850,3.34072,,138.5,,104.7
1851,3.34268,,138.4,,104.88
1852,3.34464,,138.3,,105.06
1853,3.34659,,138.2,,105.24
1854,3.34855,,138.1,,105.42
1855,3.35051,,138,,105.6
1856,3.35242,,138.1,,105.86
1857,3.35432,,138.2,,106.12
1858,3.35623,,138.3,,106.38
1859,3.35814,,138.4,,106.64
1860,3.36004,,138.5,,106.9
1861,3.36195,,138.6,,107.16
1862,3.36386,,138.7,,107.42
1863,3.36577,,138.8,,107.68
1864,3.36767,,138.9,,107.94
1865,3.36958,,139,,108.2
1866,3.37138,,139,,108.48
1867,3.37317,,139,,108.76
1868,3.37497,,139,,109.04
1869,3.37676,,139,,109.32
1870,3.37856,,139,,109.6
1871,3.38036,,139,,109.88
1872,3.38215,,139,,110.16
1873,3.38395,,139,,110.44
1874,3.38574,,139,,110.72
1875,3.38754,,139,,111
1876,3.38928,,138.75,,110.95
1877,3.39101,,138.5,,110.9
1878,3.39275,,138.25,,110.85
1879,3.39448,,138,,110.8
1880,3.39622,,137.75,,110.75
1881,3.39796,,137.5,,110.7
1882,3.39969,,137.25,,110.65
1883,3.40143,,137,,110.6
1884,3.40327,,137.5,,110.8
1885,3.40511,,138,,111
1886,3.40727,,138.444,,111.044
1887,3.40943,,138.889,,111.089
1888,3.41158,,139.333,,111.133
1889,3.41374,,139.778,,111.178
1890,3.4159,,140.222,,111.222
1891,3.41806,,140.667,,111.267
1892,3.42021,,141.111,,111.311
1893,3.42237,,141.556,,111.356
1894,3.42453,,142,,111.4
1895,3.42649,,141,,111.4
1896,3.42808,,140.5,,111.567
1897,3.42967,,140,,111.733
1898,3.43126,,139.5,,111.9
1899,3.43285,,139,,112.067
1900,3.43444,,138.5,,112.233
1901,3.43603,,138,,112.4
1902,3.4379,,137.75,,112.4
1903,3.43976,,137.5,,112.4
1904,3.44163,,137.25,,112.4
1905,3.4435,,137,,112.4
1906,3.44547,,137.1,,112.3
1907,3.44744,,137.2,,112.2
1908,3.4494,,137.3,,112.1
1909,3.45137,,137.4,,112
1910,3.45334,,137.5,,111.9
1911,3.45531,,137.6,,111.8
1912,3.45728,,137.7,,111.7
1913,3.45924,,137.8,,111.6
1914,3.46121,,137.9,,111.5
1915,3.46318,,138,,111.4
1916,3.46514,,138.2,,111.56
1917,3.4671,,138.4,,111.72
1918,3.46907,,138.6,,111.88
1919,3.47103,,138.8,,112.04
1920,3.47299,,139,,112.2
1921,3.47487,,139.2,,112.24
1922,3.47674,,139.4,,112.28
1923,3.47862,,139.6,,112.32
1924,3.48049,,139.8,,112.36
1925,3.48237,,140,,112.4
1926,3.48411,,140.2,,112.22
1927,3.48586,,140.4,,112.04
1928,3.4876,,140.6,,111.86
1929,3.48934,,140.8,,111.68
1930,3.49108,,141,,111.5
1931,3.49283,,141.2,,111.32
1932,3.49457,,141.4,,111.14
1933,3.49631,,141.6,,110.96
1934,3.49806,,141.8,,110.78
1935,3.4998,,142,,110.6
1936,3.50159,,141.5,,110.733
1937,3.50337,,141,,110.867
1938,3.50516,,140.5,,111
1939,3.50695,,140,,111.133
1940,3.50873,,139.5,,111.267
1941,3.51052,,139,,111.4
1942,3.51223,,138.75,,111.45
1943,3.51395,,138.5,,111.5
1944,3.51566,,138.25,,111.55
1945,3.51737,,138,,111.6
1946,3.51914,,138.2,,111.62
1947,3.52091,,138.4,,111.64
1948,3.52268,,138.6,,111.66
1949,3.52445,,138.8,,111.68
1950,3.52623,,139,,111.7
1951,3.528,,139.2,,111.72
1952,3.52977,,139.4,,111.74
1953,3.53154,,139.6,,111.76
1954,3.53331,,139.8,,111.78
1955,3.53508,,140,,111.8
1956,3.53686,,140.1,,112.16
1957,3.53864,,140.2,,112.52
1958,3.54042,,140.3,,112.88
1959,3.5422,,140.4,,113.24
1960,3.54398,,140.5,,113.6
1961,3.54576,,140.6,,113.96
1962,3.54754,,140.7,,114.32
1963,3.54932,,140.8,,114.68
1964,3.5511,,140.9,,115.04
1965,3.55288,,141,,115.4
1966,3.55465,,141,,115.56
1967,3.55643,,141,,115.72
1968,3.5582,,141,,115.88
1969,3.55997,,141,,116.04
1970,3.56175,,141,,116.2
1971,3.56352,,141,,116.36
1972,3.56529,,141,,116.52
1973,3.56706,,141,,116.68
1974,3.56884,,141,,116.84
1975,3.57061,,141,,117
1976,3.57239,,140.8,,116.88
1977,3.57417,,140.6,,116.76
1978,3.57594,,140.4,,116.64
1979,3.57772,,140.2,,116.52
1980,3.5795,,140,,116.4
1981,3.58128,,139.8,,116.28
1982,3.58306,,139.6,,116.16
1983,3.58483,,139.4,,116.04
1984,3.58661,,139.2,,115.92
1985,3.58839,,139,,115.8
1986,3.59041,,138.9,,115.76
1987,3.59244,,138.8,,115.72
1988,3.59446,,138.7,,115.68
1989,3.59649,,138.6,,115.64
1990,3.59851,,138.5,,115.6
1991,3.60053,,138.4,,115.56
1992,3.60256,,138.3,,115.52
1993,3.60458,,138.2,,115.48
1994,3.60661,,138.1,,115.44
1995,3.60863,,138,,115.4
1996,3.61039,,138.1,,115.1
1997,3.61216,,138.2,,114.8
1998,3.61392,,138.3,,114.5
1999,3.61569,,138.4,,114.2
2000,3.61745,,138.5,,113.9
2001,3.61921,,138.6,,113.6
2002,3.62098,,138.7,,113.3
2003,3.62274,,138.8,,113
2004,3.62451,,138.9,,112.7
2005,3.62627,,139,,112.4
2006,3.62797,,139.2,,111.9
2007,3.62968,,139.4,,111.4
2008,3.63138,,139.6,,110.9
2009,3.63308,,139.8,,110.4
2010,3.63478,,140,,109.9
2011,3.63649,,140.2,,109.4
2012,3.63819,,140.4,,108.9
2013,3.63989,,140.6,,108.4
2014,3.6416,,140.8,,107.9
2015,3.6433,,141,,107.4
2016,3.64519,,141.1,,107.42
2017,3.64709,,141.2,,107.44
2018,3.64898,,141.3,,107.46
2019,3.65088,,141.4,,107.48
2020,3.65277,,141.5,,107.5
2021,3.65466,,141.6,,107.52
2022,3.65656,,141.7,,107.54
2023,3.65845,,141.8,,107.56
2024,3.66035,,141.9,,107.58
2025,3.66224,,142,,107.6
2026,3.66396,,141.8,,107.5
2027,3.66567,,141.6,,107.4
2028,3.66739,,141.4,,107.3
2029,3.6691,,141.2,,107.2
2030,3.67082,,141,,107.1
2031,3.67253,,140.8,,107
2032,3.67424,,140.6,,106.9
2033,3.67596,,140.4,,106.8
2034,3.67768,,140.2,,106.7
2035,3.67939,,140,,106.6
2036,3.68132,,140,,106.72
2037,3.68325,,140,,106.84
2038,3.68518,,140,,106.96
2039,3.68711,,140,,107.08
2040,3.68904,,140,,107.2
2041,3.69096,,140,,107.32
2042,3.69289,,140,,107.44
2043,3.69482,,140,,107.56
2044,3.69675,,140,,107.68
2045,3.69868,,140,,107.8
2046,3.70044,,140.375,,107.925
2047,3.7022,,140.75,,108.05
2048,3.70396,,141.125,,108.175
2049,3.70572,,141.5,,108.3
2050,3.70748,,141.875,,108.425
2051,3.70924,,142.25,,108.55
2052,3.711,,142.625,,108.675
2053,3.71276,,143,,108.8
2054,3.714,,143,,109.2
2055,3.71521,,143,,109.4
2056,3.71653,,142.5,,109.6
2057,3.71784,,142,,109.8
2058,3.71916,,141.5,,110
2059,3.72048,,141,,110.2
2060,3.72179,,140.5,,110.4
2061,3.72311,,140,,110.6
2062,3.72452,,139.75,,110.7
2063,3.72594,,139.5,,110.8
2064,3.72736,,139.25,,110.9
2065,3.72877,,139,,111
2066,3.73057,,138.571,,110.914
2067,3.73238,,138.143,,110.829
2068,3.73418,,137.714,,110.743
2069,3.73599,,137.286,,110.657
2070,3.73779,,136.857,,110.571
2071,3.7396,,136.429,,110.486
2072,3.7414,,136,,110.4
2073,3.74331,,134,,110.1
2074,3.74521,,132,,109.8
2075,3.74718,,131,,109.6
2076,3.749,,131.1,,109.6
2077,3.75082,,131.2,,109.6
2078,3.75264,,131.3,,109.6
2079,3.75446,,131.4,,109.6
2080,3.75628,,131.5,,109.6
2081,3.7581,,131.6,,109.6
2082,3.75992,,131.7,,109.6
2083,3.76174,,131.8,,109.6
2084,3.76356,,131.9,,109.6
2085,3.76538,,132,,109.6
2086,3.76756,,132.6,,110.04
2087,3.76974,,133.2,,110.48
2088,3.77193,,133.8,,110.92
2089,3.77411,,134.4,,111.36
2090,3.77629,,135,,111.8
2091,3.77794,,135.4,,111.76
2092,3.77959,,135.8,,111.72
2093,3.78123,,136.2,,111.68
2094,3.78288,,136.6,,111.64
2095,3.78453,,137,,111.6
2096,3.78631,,136.571,,111.743
2097,3.78809,,136.143,,111.886
2098,3.78987,,135.714,,112.029
2099,3.79164,,135.286,,112.171
2100,3.79342,,134.857,,112.314
2101,3.7952,,134.429,,112.457
2102,3.79698,,134,,112.6
2103,3.79859,,134.333,,112.733
2104,3.80021,,134.667,,112.867
2105,3.80182,,135,,113
2106,3.80362,,135.333,,112.889
2107,3.80541,,135.667,,112.778
2108,3.80721,,136,,112.667
2109,3.809,,136.333,,112.556
2110,3.8108,,136.667,,112.444
2111,3.81259,,137,,112.333
2112,3.81439,,137.333,,112.222
2113,3.81618,,137.667,,112.111
2114,3.81798,,138,,112
2115,3.81993,,138,,112.4
2116,3.82188,,138.1,,112.62
2117,3.82382,,138.2,,112.84
2118,3.82577,,138.3,,113.06
2119,3.82771,,138.4,,113.28
2120,3.82966,,138.5,,113.5
2121,3.83161,,138.6,,113.72
2122,3.83355,,138.7,,113.94
2123,3.8355,,138.8,,114.16
2124,3.83744,,138.9,,114.38
2125,3.83939,,139,,114.6
2126,3.8413,,139.1,,114.36
2127,3.8432,,139.2,,114.12
2128,3.84511,,139.3,,113.88
2129,3.84701,,139.4,,113.64
2130,3.84892,,139.5,,113.4
2131,3.85083,,139.6,,113.16
2132,3.85273,,139.7,,112.92
2133,3.85464,,139.8,,112.68
2134,3.85654,,139.9,,112.44
2135,3.85845,,140,,112.2
2136,3.86022,,140.1,,112.32
2137,3.86198,,140.2,,112.44
2138,3.86375,,140.3,,112.56
2139,3.86552,,140.4,,112.68
2140,3.86728,,140.5,,112.8
2141,3.86905,,140.6,,112.92
2142,3.87082,,140.7,,113.04
2143,3.87259,,140.8,,113.16
2144,3.87435,,140.9,,113.28
2145,3.87612,,141,,113.4
2146,3.87798,,141.1,,113.4
2147,3.87983,,141.2,,113.4
2148,3.88169,,141.3,,113.4
2149,3.88355,,141.4,,113.4
2150,3.8854,,141.5,,113.4
2151,3.88726,,141.6,,113.4
2152,3.88912,,141.7,,113.4
2153,3.89098,,141.8,,113.4
2154,3.89283,,141.9,,113.4
2155,3.89469,,142,,113.4
2156,3.89647,,142,,113.15
2157,3.89825,,142,,112.9
2158,3.90003,,142,,112.65
2159,3.90181,,142,,112.4
2160,3.90348,,142.167,,111.967
2161,3.90515,,142.333,,111.533
2162,3.90681,,142.5,,111.1
2163,3.90848,,142.667,,110.667
2164,3.91015,,142.833,,110.233
2165,3.91182,,143,,109.8
2166,3.91375,,142.571,,109.686
2167,3.91569,,142.143,,109.571
2168,3.91762,,141.714,,109.457
2169,3.91956,,141.286,,109.343
2170,3.92149,,140.857,,109.229
2171,3.92343,,140.429,,109.114
2172,3.92536,,140,,109
2173,3.92717,,139.5,,108.9
2174,3.92898,,139,,108.8
2175,3.93053,,139,,108.4
2176,3.93215,,140,,108.4
2177,3.93413,,140,,108.422
2178,3.93611,,140,,108.444
2179,3.93809,,140,,108.467
2180,3.94007,,140,,108.489
2181,3.94205,,140,,108.511
2182,3.94403,,140,,108.533
2183,3.94601,,140,,108.556
2184,3.94799,,140,,108.578
2185,3.94997,,140,,108.6
2186,3.95162,,140.1,,108.68
2187,3.95328,,140.2,,108.76
2188,3.95493,,140.3,,108.84
2189,3.95659,,140.4,,108.92
2190,3.95824,,140.5,,109
2191,3.95989,,140.6,,109.08
2192,3.96155,,140.7,,109.16
2193,3.9632,,140.8,,109.24
2194,3.96486,,140.9,,109.32
2195,3.96651,,141,,109.4
2196,3.96823,,140.9,,109.58
2197,3.96995,,140.8,,109.76
2198,3.97168,,140.7,,109.94
2199,3.9734,,140.6,,110.12
2200,3.97512,,140.5,,110.3
2201,3.97684,,140.4,,110.48
2202,3.97856,,140.3,,110.66
2203,3.98029,,140.2,,110.84
2204,3.98201,,140.1,,111.02
2205,3.98373,,140,,111.2
2206,3.98548,,140,,110.92
2207,3.98722,,140,,110.64
2208,3.98897,,140,,110.36
2209,3.99072,,140,,110.08
2210,3.99247,,140,,109.8
2211,3.99421,,140,,109.52
2212,3.99596,,140,,109.24
2213,3.99771,,140,,108.96
2214,3.99945,,140,,108.68
2215,4.0012,,140,,108.4
2216,4.00298,,139.8,,108.3
2217,4.00476,,139.6,,108.2
2218,4.00655,,139.4,,108.1
2219,4.00833,,139.2,,108
2220,4.01011,,139,,107.9
2221,4.01189,,138.8,,107.8
2222,4.01367,,138.6,,107.7
2223,4.01546,,138.4,,107.6
2224,4.01724,,138.2,,107.5
2225,4.01902,,138,,107.4
2226,4.02082,,137.9,,107.28
2227,4.02263,,137.8,,107.16
2228,4.02443,,137.7,,107.04
2229,4.02624,,137.6,,106.92
2230,4.02804,,137.5,,106.8
2231,4.02984,,137.4,,106.68
2232,4.03165,,137.3,,106.56
2233,4.03345,,137.2,,106.44
2234,4.03526,,137.1,,106.32
2235,4.03706,,137,,106.2
2236,4.03897,,137.3,,106.22
2237,4.04089,,137.6,,106.24
2238,4.0428,,137.9,,106.26
2239,4.04471,,138.2,,106.28
2240,4.04663,,138.5,,106.3
2241,4.04854,,138.8,,106.32
2242,4.05045,,139.1,,106.34
2243,4.05236,,139.4,,106.36
2244,4.05428,,139.7,,106.38
2245,4.05619,,140,,106.4
2246,4.05801,,139.8,,106.68
2247,4.05983,,139.6,,106.96
2248,4.06165,,139.4,,107.24
2249,4.06347,,139.2,,107.52
2250,4.06529,,139,,107.8
2251,4.06711,,138.8,,108.08
2252,4.06893,,138.6,,108.36
2253,4.07075,,138.4,,108.64
2254,4.07257,,138.2,,108.92
2255,4.07439,,138,,109.2
2256,4.07626,,138.429,,109.371
2257,4.07814,,138.857,,109.543
2258,4.08001,,139.286,,109.714
2259,4.08188,,139.714,,109.886
2260,4.08375,,140.143,,110.057
2261,4.08563,,140.571,,110.229
2262,4.0875,,141,,110.4
2263,4.08942,,141.333,,110.467
2264,4.09134,,141.667,,110.533
2265,4.09326,,142,,110.6
2266,4.0952,,141.8,,110.64
2267,4.09713,,141.6,,110.68
2268,4.09907,,141.4,,110.72
2269,4.10101,,141.2,,110.76
2270,4.10295,,141,,110.8
2271,4.10488,,140.8,,110.84
2272,4.10682,,140.6,,110.88
2273,4.10876,,140.4,,110.92
2274,4.11069,,140.2,,110.96
2275,4.11263,,140,,111
2276,4.11434,,139.9,,110.92
2277,4.11606,,139.8,,110.84
2278,4.11777,,139.7,,110.76
2279,4.11949,,139.6,,110.68
2280,4.1212,,139.5,,110.6
2281,4.12291,,139.4,,110.52
2282,4.12463,,139.3,,110.44
2283,4.12634,,139.2,,110.36
2284,4.12806,,139.1,,110.28
2285,4.12977,,139,,110.2
2286,4.13129,,139.1,,110.06
2287,4.1328,,139.2,,109.92
2288,4.13432,,139.3,,109.78
2289,4.13583,,139.4,,109.64
2290,4.13735,,139.5,,109.5
2291,4.13887,,139.6,,109.36
2292,4.14038,,139.7,,109.22
2293,4.1419,,139.8,,109.08
2294,4.14341,,139.9,,108.94
2295,4.14493,,140,,108.8
2296,4.14653,,139.8,,108.96
2297,4.14813,,139.6,,109.12
2298,4.14974,,139.4,,109.28
2299,4.15134,,139.2,,109.44
2300,4.15294,,139,,109.6
2301,4.15454,,138.8,,109.76
2302,4.15614,,138.6,,109.92
2303,4.15775,,138.4,,110.08
2304,4.15935,,138.2,,110.24
2305,4.16095,,138,,110.4
2306,4.16252,,138.2,,110.54
2307,4.16409,,138.4,,110.68
2308,4.16566,,138.6,,110.82
2309,4.16723,,138.8,,110.96
2310,4.1688,,139,,111.1
2311,4.17038,,139.2,,111.24
2312,4.17195,,139.4,,111.38
2313,4.17352,,139.6,,111.52
2314,4.17509,,139.8,,111.66
2315,4.17666,,140,,111.8
2316,4.17821,,140.2,,111.76
2317,4.17976,,140.4,,111.72
2318,4.18131,,140.6,,111.68
2319,4.18286,,140.8,,111.64
2320,4.18441,,141,,111.6
2321,4.18596,,141.2,,111.56
2322,4.18751,,141.4,,111.52
2323,4.18906,,141.6,,111.48
2324,4.19061,,141.8,,111.44
2325,4.19216,,142,,111.4
2326,4.19366,,141.9,,111.36
2327,4.19517,,141.8,,111.32
2328,4.19667,,141.7,,111.28
2329,4.19818,,141.6,,111.24
2330,4.19968,,141.5,,111.2
2331,4.20118,,141.4,,111.16
2332,4.20269,,141.3,,111.12
2333,4.20419,,141.2,,111.08
2334,4.2057,,141.1,,111.04
2335,4.2072,,141,,111
2336,4.20867,,140.5,,111.3
2337,4.21015,,140,,111.6
2338,4.21162,,139.5,,111.9
2339,4.21309,,139,,112.2
2340,4.21457,,138.5,,112.5
2341,4.21604,,138,,112.8
2342,4.21751,,138.25,,112.45
2343,4.21898,,138.5,,112.1
2344,4.22044,,138.75,,111.75
2345,4.22191,,139,,111.4
2346,4.22345,,139.2,,111.26
2347,4.22498,,139.4,,111.12
2348,4.22652,,139.6,,110.98
2349,4.22805,,139.8,,110.84
2350,4.22959,,140,,110.7
2351,4.23113,,140.2,,110.56
2352,4.23266,,140.4,,110.42
2353,4.2342,,140.6,,110.28
2354,4.23573,,140.8,,110.14
2355,4.23727,,141,,110
2356,4.23888,,141,,109.94
2357,4.24048,,141,,109.88
2358,4.24209,,141,,109.82
2359,4.24369,,141,,109.76
2360,4.2453,,141,,109.7
2361,4.24691,,141,,109.64
2362,4.24851,,141,,109.58
2363,4.25012,,141,,109.52
2364,4.25172,,141,,109.46
2365,4.25333,,141,,109.4
2366,4.255,,140.8,,109.36
2367,4.25667,,140.6,,109.32
2368,4.25834,,140.4,,109.28
2369,4.26001,,140.2,,109.24
2370,4.26168,,140,,109.2
2371,4.26334,,139.8,,109.16
2372,4.26501,,139.6,,109.12
2373,4.26668,,139.4,,109.08
2374,4.26835,,139.2,,109.04
2375,4.27002,,139,,109
2376,4.27192,,138.9,,109.22
2377,4.27381,,138.8,,109.44
2378,4.27571,,138.7,,109.66
2379,4.2776,,138.6,,109.88
2380,4.2795,,138.5,,110.1
2381,4.2814,,138.4,,110.32
2382,4.28329,,138.3,,110.54
2383,4.28519,,138.2,,110.76
2384,4.28708,,138.1,,110.98
2385,4.28898,,138,,111.2
2386,4.29061,,138,,111.34
2387,4.29225,,138,,111.48
2388,4.29388,,138,,111.62
2389,4.29552,,138,,111.76
2390,4.29716,,138,,111.9
2391,4.29879,,138,,112.04
2392,4.30042,,138,,112.18
2393,4.30206,,138,,112.32
2394,4.30369,,138,,112.46
2395,4.30533,,138,,112.6
2396,4.30696,,138.1,,112.28
2397,4.30859,,138.2,,111.96
2398,4.31023,,138.3,,111.64
2399,4.31186,,138.4,,111.32
2400,4.31349,,138.5,,111
2401,4.31512,,138.6,,110.68
2402,4.31675,,138.7,,110.36
2403,4.31839,,138.8,,110.04
2404,4.32002,,138.9,,109.72
2405,4.32165,,139,,109.4
2406,4.32341,,138.667,,109.422
2407,4.32517,,138.333,,109.444
2408,4.32693,,138,,109.467
2409,4.32869,,137.667,,109.489
2410,4.33045,,137.333,,109.511
2411,4.33221,,137,,109.533
2412,4.33397,,136.667,,109.556
2413,4.33573,,136.333,,109.578
2414,4.33749,,136,,109.6
2415,4.33926,,136,,109.6
2416,4.34087,,136.3,,109.58
2417,4.34248,,136.6,,109.56
2418,4.34408,,136.9,,109.54
2419,4.34569,,137.2,,109.52
2420,4.3473,,137.5,,109.5
2421,4.34891,,137.8,,109.48
2422,4.35052,,138.1,,109.46
2423,4.35212,,138.4,,109.44
2424,4.35373,,138.7,,109.42
2425,4.35534,,139,,109.4
2426,4.35701,,139.1,,109.34
2427,4.35869,,139.2,,109.28
2428,4.36036,,139.3,,109.22
2429,4.36204,,139.4,,109.16
2430,4.36372,,139.5,,109.1
2431,4.36539,,139.6,,109.04
2432,4.36707,,139.7,,108.98
2433,4.36874,,139.8,,108.92
2434,4.37042,,139.9,,108.86
2435,4.37209,,140,,108.8
2436,4.37387,,140.1,,108.78
2437,4.37566,,140.2,,108.76
2438,4.37744,,140.3,,108.74
2439,4.37923,,140.4,,108.72
2440,4.38101,,140.5,,108.7
2441,4.38279,,140.6,,108.68
2442,4.38458,,140.7,,108.66
2443,4.38636,,140.8,,108.64
2444,4.38815,,140.9,,108.62
2445,4.38993,,141,,108.6
2446,4.39156,,140.75,,108.45
2447,4.3932,,140.5,,108.3
2448,4.39483,,140.25,,108.15
2449,4.39647,,140,,108
2450,4.39811,,139.75,,107.85
2451,4.39974,,139.5,,107.7
2452,4.40137,,139.25,,107.55
2453,4.40301,,139,,107.4
2454,4.4047,,138.5,,107.4
2455,4.40639,,138,,107.4
2456,4.40833,,138,,107.56
2457,4.41027,,138,,107.72
2458,4.41221,,138,,107.88
2459,4.41415,,138,,108.04
2460,4.41608,,138,,108.2
2461,4.41802,,138,,108.36
2462,4.41996,,138,,108.52
2463,4.4219,,138,,108.68
2464,4.42384,,138,,108.84
2465,4.42578,,138,,109
2466,4.4275,,138.2,,109.12
2467,4.42922,,138.4,,109.24
2468,4.43095,,138.6,,109.36
2469,4.43267,,138.8,,109.48
2470,4.43439,,139,,109.6
2471,4.43611,,139.2,,109.72
2472,4.43783,,139.4,,109.84
2473,4.43956,,139.6,,109.96
2474,4.44128,,139.8,,110.08
2475,4.443,,140,,110.2
2476,4.44474,,140.1,,110.08
2477,4.44649,,140.2,,109.96
2478,4.44823,,140.3,,109.84
2479,4.44998,,140.4,,109.72
2480,4.45172,,140.5,,109.6
2481,4.45346,,140.6,,109.48
2482,4.45521,,140.7,,109.36
2483,4.45695,,140.8,,109.24
2484,4.4587,,140.9,,109.12
2485,4.46044,,141,,109
2486,4.46219,,141.1,,109.02
2487,4.46393,,141.2,,109.04
2488,4.46568,,141.3,,109.06
2489,4.46742,,141.4,,109.08
2490,4.46917,,141.5,,109.1
2491,4.47092,,141.6,,109.12
2492,4.47266,,141.7,,109.14
2493,4.47441,,141.8,,109.16
2494,4.47615,,141.9,,109.18
2495,4.4779,,142,,109.2
2496,4.4797,,142.2,,109.3
2497,4.48151,,142.4,,109.4
2498,4.48331,,142.6,,109.5
2499,4.48512,,142.8,,109.6
2500,4.48692,,143,,109.7
2501,4.48872,,143.2,,109.8
2502,4.49053,,143.4,,109.9
2503,4.49233,,143.6,,110
2504,4.49414,,143.8,,110.1
2505,4.49594,,144,,110.2
2506,4.49742,,143.5,,109.833
2507,4.49891,,143,,109.467
2508,4.5004,,142.5,,109.1
2509,4.50188,,142,,108.733
2510,4.50337,,141.5,,108.367
2511,4.50485,,141,,108
2512,4.50624,,140.75,,107.75
2513,4.50764,,140.5,,107.5
2514,4.50904,,140.25,,107.25
2515,4.51043,,140,,107
2516,4.51208,,139.9,,106.88
2517,4.51373,,139.8,,106.76
2518,4.51537,,139.7,,106.64
2519,4.51702,,139.6,,106.52
2520,4.51867,,139.5,,106.4
2521,4.52032,,139.4,,106.28
2522,4.52197,,139.3,,106.16
2523,4.52361,,139.2,,106.04
2524,4.52526,,139.1,,105.92
2525,4.52691,,139,,105.8
2526,4.52892,,138.667,,106.022
2527,4.53092,,138.333,,106.244
2528,4.53293,,138,,106.467
2529,4.53493,,137.667,,106.689
2530,4.53694,,137.333,,106.911
2531,4.53894,,137,,107.133
2532,4.54095,,136.667,,107.356
2533,4.54295,,136.333,,107.578
2534,4.54496,,136,,107.8
2535,4.5469,,136,,108.4
2536,4.54881,,135.667,,108.756
2537,4.55072,,135.333,,109.111
2538,4.55263,,135,,109.467
2539,4.55454,,134.667,,109.822
2540,4.55646,,134.333,,110.178
2541,4.55837,,134,,110.533
2542,4.56028,,133.667,,110.889
2543,4.56219,,133.333,,111.244
2544,4.5641,,133,,111.6
2545,4.56571,,133,,111.4
2546,4.56744,,133.375,,111.5
2547,4.56917,,133.75,,111.6
2548,4.5709,,134.125,,111.7
2549,4.57264,,134.5,,111.8
2550,4.57437,,134.875,,111.9
2551,4.5761,,135.25,,112
2552,4.57783,,135.625,,112.1
2553,4.57956,,136,,112.2
2554,4.58115,,136,,112.1
2555,4.58275,,136,,112
2556,4.58449,,136.111,,111.889
2557,4.58624,,136.222,,111.778
2558,4.58798,,136.333,,111.667
2559,4.58973,,136.444,,111.556
2560,4.59147,,136.556,,111.444
2561,4.59322,,136.667,,111.333
2562,4.59496,,136.778,,111.222
2563,4.59671,,136.889,,111.111
2564,4.59845,,137,,111
2565,4.60045,,137,,110.8
2566,4.60251,,137.2,,110.96
2567,4.60457,,137.4,,111.12
2568,4.60663,,137.6,,111.28
2569,4.60869,,137.8,,111.44
2570,4.61074,,138,,111.6
2571,4.6128,,138.2,,111.76
2572,4.61486,,138.4,,111.92
2573,4.61692,,138.6,,112.08
2574,4.61898,,138.8,,112.24
2575,4.62104,,139,,112.4
2576,4.62292,,138.625,,112.525
2577,4.62481,,138.25,,112.65
2578,4.62669,,137.875,,112.775
2579,4.62858,,137.5,,112.9
2580,4.63047,,137.125,,113.025
2581,4.63235,,136.75,,113.15
2582,4.63424,,136.375,,113.275
2583,4.63612,,136,,113.4
2584,4.63734,,136,,113.7
2585,4.63856,,136,,114
2586,4.6402,,136.2,,113.96
2587,4.64184,,136.4,,113.92
2588,4.64348,,136.6,,113.88
2589,4.64512,,136.8,,113.84
2590,4.64676,,137,,113.8
2591,4.64863,,137.75,,113.55
2592,4.6505,,138.5,,113.3
2593,4.65237,,139.25,,113.05
2594,4.65424,,140,,112.8
2595,4.65617,,140,,112.8
2596,4.65796,,140.5,,112.8
2597,4.65975,,141,,112.8
2598,4.66155,,141.5,,112.8
2599,4.66334,,142,,112.8
2600,4.66513,,142.5,,112.8
2601,4.66692,,143,,112.8
2602,4.66829,,143.25,,112.95
2603,4.66966,,143.5,,113.1
2604,4.67102,,143.75,,113.25
2605,4.67239,,144,,113.4
2606,4.67374,,143.8,,113.6
2607,4.6751,,143.6,,113.8
2608,4.67645,,143.4,,114
2609,4.67781,,143.2,,114.2
2610,4.67916,,143,,114.4
2611,4.68051,,142.8,,114.6
2612,4.68187,,142.6,,114.8
2613,4.68322,,142.4,,115
2614,4.68458,,142.2,,115.2
2615,4.68593,,142,,115.4
2616,4.68738,,141.8,,115.24
2617,4.68884,,141.6,,115.08
2618,4.69029,,141.4,,114.92
2619,4.69174,,141.2,,114.76
2620,4.69319,,141,,114.6
2621,4.69465,,140.8,,114.44
2622,4.6961,,140.6,,114.28
2623,4.69755,,140.4,,114.12
2624,4.69901,,140.2,,113.96
2625,4.70046,,140,,113.8
2626,4.70196,,139.7,,113.54
2627,4.70347,,139.4,,113.28
2628,4.70497,,139.1,,113.02
2629,4.70648,,138.8,,112.76
2630,4.70798,,138.5,,112.5
2631,4.70948,,138.2,,112.24
2632,4.71099,,137.9,,111.98
2633,4.71249,,137.6,,111.72
2634,4.714,,137.3,,111.46
2635,4.7155,,137,,111.2
2636,4.71728,,136.9,,110.84
2637,4.71906,,136.8,,110.48
2638,4.72084,,136.7,,110.12
2639,4.72262,,136.6,,109.76
2640,4.7244,,136.5,,109.4
2641,4.72619,,136.4,,109.04
2642,4.72797,,136.3,,108.68
2643,4.72975,,136.2,,108.32
2644,4.73153,,136.1,,107.96
2645,4.73331,,136,,107.6
2646,4.73537,,136,,107.76
2647,4.73743,,136,,107.92
2648,4.73949,,136,,108.08
2649,4.74155,,136,,108.24
2650,4.74361,,136,,108.4
2651,4.74566,,136,,108.56
2652,4.74772,,136,,108.72
2653,4.74978,,136,,108.88
2654,4.75184,,136,,109.04
2655,4.7539,,136,,109.2
2656,4.75563,,135.9,,108.98
2657,4.75736,,135.8,,108.76
2658,4.7591,,135.7,,108.54
2659,4.76083,,135.6,,108.32
2660,4.76256,,135.5,,108.1
2661,4.76429,,135.4,,107.88
2662,4.76602,,135.3,,107.66
2663,4.76776,,135.2,,107.44
2664,4.76949,,135.1,,107.22
2665,4.77122,,135,,107
2666,4.77292,,135.125,,107.075
2667,4.77461,,135.25,,107.15
2668,4.77631,,135.375,,107.225
2669,4.77801,,135.5,,107.3
2670,4.77971,,135.625,,107.375
2671,4.7814,,135.75,,107.45
2672,4.7831,,135.875,,107.525
2673,4.7848,,136,,107.6
2674,4.78655,,136,,107.7
2675,4.78829,,136,,107.8
2676,4.79019,,136.429,,107.857
2677,4.79208,,136.857,,107.914
2678,4.79398,,137.286,,107.971
2679,4.79587,,137.714,,108.029
2680,4.79777,,138.143,,108.086
2681,4.79966,,138.571,,108.143
2682,4.80156,,139,,108.2
2683,4.80328,,139.333,,108.4
2684,4.80501,,139.667,,108.6
2685,4.80673,,140,,108.8
2686,4.80837,,140,,108.84
2687,4.81001,,140,,108.88
2688,4.81165,,140,,108.92
2689,4.81329,,140,,108.96
2690,4.81493,,140,,109
2691,4.81656,,140,,109.04
2692,4.8182,,140,,109.08
2693,4.81984,,140,,109.12
2694,4.82148,,140,,109.16
2695,4.82312,,140,,109.2
2696,4.8247,,140,,109.14
2697,4.82628,,140,,109.08
2698,4.82787,,140,,109.02
2699,4.82945,,140,,108.96
2700,4.83103,,140,,108.9
2701,4.83261,,140,,108.84
2702,4.83419,,140,,108.78
2703,4.83578,,140,,108.72
2704,4.83736,,140,,108.66
2705,4.83894,,140,,108.6
2706,4.8405,,139.9,,108.8
2707,4.84206,,139.8,,109
2708,4.84362,,139.7,,109.2
2709,4.84518,,139.6,,109.4
2710,4.84673,,139.5,,109.6
2711,4.84829,,139.4,,109.8
2712,4.84985,,139.3,,110
2713,4.85141,,139.2,,110.2
2714,4.85297,,139.1,,110.4
2715,4.85453,,139,,110.6
2716,4.85614,,139.1,,110.7
2717,4.85776,,139.2,,110.8
2718,4.85937,,139.3,,110.9
2719,4.86099,,139.4,,111
2720,4.8626,,139.5,,111.1
2721,4.86421,,139.6,,111.2
2722,4.86583,,139.7,,111.3
2723,4.86744,,139.8,,111.4
2724,4.86906,,139.9,,111.5
2725,4.87067,,140,,111.6
2726,4.87255,,140.2,,111.32
2727,4.87443,,140.4,,111.04
2728,4.87631,,140.6,,110.76
2729,4.87819,,140.8,,110.48
2730,4.88007,,141,,110.2
2731,4.88194,,141.2,,109.92
2732,4.88382,,141.4,,109.64
2733,4.8857,,141.6,,109.36
2734,4.88758,,141.8,,109.08
2735,4.88946,,142,,108.8
2736,4.89099,,141.5,,108.667
2737,4.89253,,141,,108.533
2738,4.89406,,140.5,,108.4
2739,4.89559,,140,,108.267
2740,4.89713,,139.5,,108.133
2741,4.89866,,139,,108
2742,4.89991,,139.25,,108.4
2743,4.90116,,139.5,,108.8
2744,4.90241,,139.75,,109.2
2745,4.90366,,140,,109.6
2746,4.90576,,139.571,,109.543
2747,4.90787,,139.143,,109.486
2748,4.90997,,138.714,,109.429
2749,4.91207,,138.286,,109.371
2750,4.91417,,137.857,,109.314
2751,4.91628,,137.429,,109.257
2752,4.91838,,137,,109.2
2753,4.92016,,137,,109.467
2754,4.92194,,137,,109.733
2755,4.92372,,137,,110
2756,4.92553,,137.6,,110.2
2757,4.92735,,138.2,,110.4
2758,4.92916,,138.8,,110.6
2759,4.93098,,139.4,,110.8
2760,4.93279,,140,,111
2761,4.93437,,140.2,,111.08
2762,4.93595,,140.4,,111.16
2763,4.93752,,140.6,,111.24
2764,4.9391,,140.8,,111.32
2765,4.94068,,141,,111.4
2766,4.94248,,140.8,,111.24
2767,4.94427,,140.6,,111.08
2768,4.94607,,140.4,,110.92
2769,4.94786,,140.2,,110.76
2770,4.94966,,140,,110.6
2771,4.95146,,139.8,,110.44
2772,4.95325,,139.6,,110.28
2773,4.95505,,139.4,,110.12
2774,4.95684,,139.2,,109.96
2775,4.95864,,139,,109.8
2776,4.9605,,139,,109.58
2777,4.96237,,139,,109.36
2778,4.96423,,139,,109.14
2779,4.9661,,139,,108.92
2780,4.96796,,139,,108.7
2781,4.96982,,139,,108.48
2782,4.97169,,139,,108.26
2783,4.97355,,139,,108.04
2784,4.97542,,139,,107.82
2785,4.97728,,139,,107.6
2786,4.97878,,139.333,,107.333
2787,4.98028,,139.667,,107.067
2788,4.98179,,140,,106.8
2789,4.98329,,140.333,,106.533
2790,4.98479,,140.667,,106.267
2791,4.98629,,141,,106
2792,4.9878,,141.333,,105.733
2793,4.9893,,141.667,,105.467
2794,4.9908,,142,,105.2
2795,4.99249,,142,,105
2796,4.9946,,141.8,,105.32
2797,4.99671,,141.6,,105.64
2798,4.99883,,141.4,,105.96
2799,5.00094,,141.2,,106.28
2800,5.00305,,141,,106.6
2801,5.00516,,140.8,,106.92
2802,5.00727,,140.6,,107.24
2803,5.00939,,140.4,,107.56
2804,5.0115,,140.2,,107.88
2805,5.01361,,140,,108.2
2806,5.01533,,140.1,,108.1
2807,5.01706,,140.2,,108
2808,5.01878,,140.3,,107.9
2809,5.0205,,140.4,,107.8
2810,5.02223,,140.5,,107.7
2811,5.02395,,140.6,,107.6
2812,5.02567,,140.7,,107.5
2813,5.02739,,140.8,,107.4
2814,5.02912,,140.9,,107.3
2815,5.03084,,141,,107.2
2816,5.03264,,140.9,,107.14
2817,5.03443,,140.8,,107.08
2818,5.03623,,140.7,,107.02
2819,5.03803,,140.6,,106.96
2820,5.03983,,140.5,,106.9
2821,5.04162,,140.4,,106.84
2822,5.04342,,140.3,,106.78
2823,5.04522,,140.2,,106.72
2824,5.04701,,140.1,,106.66
2825,5.04881,,140,,106.6
2826,5.0505,,140,,106.36
2827,5.05218,,140,,106.12
2828,5.05387,,140,,105.88
2829,5.05555,,140,,105.64
2830,5.05724,,140,,105.4
2831,5.05893,,140,,105.16
2832,5.06061,,140,,104.92
2833,5.0623,,140,,104.68
2834,5.06398,,140,,104.44
2835,5.06567,,140,,104.2
2836,5.06733,,140,,104.14
2837,5.06899,,140,,104.08
2838,5.07065,,140,,104.02
2839,5.07231,,140,,103.96
2840,5.07397,,140,,103.9
2841,5.07563,,140,,103.84
2842,5.07729,,140,,103.78
2843,5.07895,,140,,103.72
2844,5.08061,,140,,103.66
2845,5.08227,,140,,103.6
2846,5.08372,,140,,103.9
2847,5.08517,,140,,104.2
2848,5.08661,,140,,104.5
2849,5.08806,,140,,104.8
2850,5.08951,,140,,105.1
2851,5.09096,,140,,105.4
2852,5.09241,,140,,105.7
2853,5.09385,,140,,106
2854,5.0953,,140,,106.3
2855,5.09675,,140,,106.6
2856,5.09812,,139.8,,106.68
2857,5.0995,,139.6,,106.76
2858,5.10087,,139.4,,106.84
2859,5.10225,,139.2,,106.92
2860,5.10362,,139,,107
2861,5.10499,,138.8,,107.08
2862,5.10637,,138.6,,107.16
2863,5.10774,,138.4,,107.24
2864,5.10912,,138.2,,107.32
2865,5.11049,,138,,107.4
2866,5.11188,,138,,107.533
2867,5.11327,,138,,107.667
2868,5.11466,,138,,107.8
2869,5.11605,,138,,107.933
2870,5.11743,,138,,108.067
2871,5.11882,,138,,108.2
2872,5.12021,,138,,108.333
2873,5.1216,,138,,108.467
2874,5.12299,,138,,108.6
2875,5.1243,,138,,108.2
2876,5.12646,,138.3,,108.1
2877,5.12862,,138.6,,108
2878,5.13079,,138.9,,107.9
2879,5.13295,,139.2,,107.8
2880,5.13511,,139.5,,107.7
2881,5.13727,,139.8,,107.6
2882,5.13943,,140.1,,107.5
2883,5.1416,,140.4,,107.4
2884,5.14376,,140.7,,107.3
2885,5.14592,,141,,107.2
2886,5.14797,,140.25,,106.75
2887,5.15002,,139.5,,106.3
2888,5.15207,,138.75,,105.85
2889,5.15412,,138,,105.4
2890,5.15613,,138,,105.133
2891,5.15814,,138,,104.867
2892,5.16014,,138,,104.6
2893,5.16215,,138,,104.333
2894,5.16416,,138,,104.067
2895,5.16617,,138,,103.8
2896,5.1681,,138.1,,103.64
2897,5.17003,,138.2,,103.48
2898,5.17196,,138.3,,103.32
2899,5.17389,,138.4,,103.16
2900,5.17582,,138.5,,103
2901,5.17775,,138.6,,102.84
2902,5.17968,,138.7,,102.68
2903,5.18161,,138.8,,102.52
2904,5.18354,,138.9,,102.36
2905,5.18547,,139,,102.2
2906,5.18702,,139,,102.62
2907,5.18857,,139,,103.04
2908,5.19012,,139,,103.46
2909,5.19167,,139,,103.88
2910,5.19322,,139,,104.3
2911,5.19478,,139,,104.72
2912,5.19633,,139,,105.14
2913,5.19788,,139,,105.56
2914,5.19943,,139,,105.98
2915,5.20098,,139,,106.4
2916,5.20279,,139.2,,106.82
2917,5.20461,,139.4,,107.24
2918,5.20642,,139.6,,107.66
2919,5.20824,,139.8,,108.08
2920,5.21005,,140,,108.5
2921,5.21186,,140.2,,108.92
2922,5.21368,,140.4,,109.34
2923,5.21549,,140.6,,109.76
2924,5.21731,,140.8,,110.18
2925,5.21912,,141,,110.6
2926,5.2209,,140.9,,110.52
2927,5.22267,,140.8,,110.44
2928,5.22445,,140.7,,110.36
2929,5.22622,,140.6,,110.28
2930,5.228,,140.5,,110.2
2931,5.22978,,140.4,,110.12
2932,5.23155,,140.3,,110.04
2933,5.23333,,140.2,,109.96
2934,5.2351,,140.1,,109.88
2935,5.23688,,140,,109.8
2936,5.23879,,140.5,,109.8
2937,5.24069,,141,,109.8
2938,5.2426,,141.5,,109.8
2939,5.24451,,142,,109.8
2940,5.24641,,142.5,,109.8
2941,5.24832,,143,,109.8
2942,5.25026,,142.5,,109.8
2943,5.2522,,142,,109.8
2944,5.25374,,141.5,,110.2
2945,5.25527,,141,,110.6
2946,5.257,,141.375,,110.675
2947,5.25873,,141.75,,110.75
2948,5.26046,,142.125,,110.825
2949,5.26219,,142.5,,110.9
2950,5.26392,,142.875,,110.975
2951,5.26565,,143.25,,111.05
2952,5.26738,,143.625,,111.125
2953,5.26911,,144,,111.2
2954,5.27062,,145,,111
2955,5.27274,,145,,110.6
2956,5.27514,,145,,110.444
2957,5.27754,,145,,110.289
2958,5.27994,,145,,110.133
2959,5.28234,,145,,109.978
2960,5.28473,,145,,109.822
2961,5.28713,,145,,109.667
2962,5.28953,,145,,109.511
2963,5.29193,,145,,109.356
2964,5.29433,,145,,109.2
2965,5.29661,,145,,109
2966,5.29873,,145,,109.22
2967,5.30085,,145,,109.44
2968,5.30297,,145,,109.66
2969,5.30509,,145,,109.88
2970,5.3072,,145,,110.1
2971,5.30932,,145,,110.32
2972,5.31144,,145,,110.54
2973,5.31356,,145,,110.76
2974,5.31568,,145,,110.98
2975,5.3178,,145,,111.2
2976,5.31984,,145.1,,111.54
2977,5.32189,,145.2,,111.88
2978,5.32393,,145.3,,112.22
2979,5.32597,,145.4,,112.56
2980,5.32802,,145.5,,112.9
2981,5.33006,,145.6,,113.24
2982,5.3321,,145.7,,113.58
2983,5.33414,,145.8,,113.92
2984,5.33619,,145.9,,114.26
2985,5.33823,,146,,114.6
2986,5.34033,,146.333,,114.489
2987,5.34243,,146.667,,114.378
2988,5.34453,,147,,114.267
2989,5.34663,,147.333,,114.156
2990,5.34873,,147.667,,114.044
2991,5.35083,,148,,113.933
2992,5.35293,,148.333,,113.822
2993,5.35503,,148.667,,113.711
2994,5.35713,,149,,113.6
2995,5.35908,,150,,113.6
2996,5.36101,,150.1,,113.46
2997,5.36294,,150.2,,113.32
2998,5.36486,,150.3,,113.18
2999,5.36679,,150.4,,113.04
3000,5.36872,,150.5,,112.9
3001,5.37065,,150.6,,112.76
3002,5.37258,,150.7,,112.62
3003,5.3745,,150.8,,112.48
3004,5.37643,,150.9,,112.34
3005,5.37836,,151,,112.2
3006,5.38036,,150.667,,111.867
3007,5.38237,,150.333,,111.533
3008,5.38437,,150,,111.2
3009,5.38638,,149.667,,110.867
3010,5.38838,,149.333,,110.533
3011,5.39039,,149,,110.2
3012,5.39239,,148.667,,109.867
3013,5.3944,,148.333,,109.533
3014,5.3964,,148,,109.2
3015,5.39844,,148,,109.2
3016,5.40055,,148,,109.24
3017,5.40266,,148,,109.28
3018,5.40477,,148,,109.32
3019,5.40688,,148,,109.36
3020,5.40899,,148,,109.4
3021,5.4111,,148,,109.44
3022,5.41321,,148,,109.48
3023,5.41532,,148,,109.52
3024,5.41743,,148,,109.56
3025,5.41954,,148,,109.6
3026,5.42154,,148.333,,109.733
3027,5.42354,,148.667,,109.867
3028,5.42555,,149,,110
3029,5.42755,,149.333,,110.133
3030,5.42955,,149.667,,110.267
3031,5.43155,,150,,110.4
3032,5.43356,,150.333,,110.533
3033,5.43556,,150.667,,110.667
3034,5.43756,,151,,110.8
3035,5.43946,,150,,110.6
3036,5.44128,,150.2,,110.62
3037,5.4431,,150.4,,110.64
3038,5.44492,,150.6,,110.66
3039,5.44674,,150.8,,110.68
3040,5.44856,,151,,110.7
3041,5.45038,,151.2,,110.72
3042,5.4522,,151.4,,110.74
3043,5.45402,,151.6,,110.76
3044,5.45584,,151.8,,110.78
3045,5.45766,,152,,110.8
3046,5.45955,,151.9,,110.76
3047,5.46145,,151.8,,110.72
3048,5.46334,,151.7,,110.68
3049,5.46524,,151.6,,110.64
3050,5.46713,,151.5,,110.6
3051,5.46903,,151.4,,110.56
3052,5.47093,,151.3,,110.52
3053,5.47282,,151.2,,110.48
3054,5.47471,,151.1,,110.44
3055,5.47661,,151,,110.4
3056,5.47837,,150.9,,110.36
3057,5.48012,,150.8,,110.32
3058,5.48188,,150.7,,110.28
3059,5.48363,,150.6,,110.24
3060,5.48539,,150.5,,110.2
3061,5.48715,,150.4,,110.16
3062,5.4889,,150.3,,110.12
3063,5.49066,,150.2,,110.08
3064,5.49241,,150.1,,110.04
3065,5.49417,,150,,110
3066,5.49604,,150,,110.18
3067,5.49791,,150,,110.36
3068,5.49978,,150,,110.54
3069,5.50165,,150,,110.72
3070,5.50352,,150,,110.9
3071,5.50539,,150,,111.08
3072,5.50726,,150,,111.26
3073,5.50913,,150,,111.44
3074,5.511,,150,,111.62
3075,5.51287,,150,,111.8
3076,5.5147,,149.9,,111.88
3077,5.51653,,149.8,,111.96
3078,5.51836,,149.7,,112.04
3079,5.52019,,149.6,,112.12
3080,5.52202,,149.5,,112.2
3081,5.52385,,149.4,,112.28
3082,5.52568,,149.3,,112.36
3083,5.52751,,149.2,,112.44
3084,5.52934,,149.1,,112.52
3085,5.53117,,149,,112.6
3086,5.5331,,149,,112.46
3087,5.53503,,149,,112.32
3088,5.53696,,149,,112.18
3089,5.53889,,149,,112.04
3090,5.54082,,149,,111.9
3091,5.54275,,149,,111.76
3092,5.54468,,149,,111.62
3093,5.54661,,149,,111.48
3094,5.54854,,149,,111.34
3095,5.55047,,149,,111.2
3096,5.55243,,148.9,,111.28
3097,5.5544,,148.8,,111.36
3098,5.55636,,148.7,,111.44
3099,5.55832,,148.6,,111.52
3100,5.56029,,148.5,,111.6
3101,5.56225,,148.4,,111.68
3102,5.56421,,148.3,,111.76
3103,5.56617,,148.2,,111.84
3104,5.56814,,148.1,,111.92
3105,5.5701,,148,,112
3106,5.57196,,147.75,,112.05
3107,5.57381,,147.5,,112.1
3108,5.57567,,147.25,,112.15
3109,5.57753,,147,,112.2
3110,5.57991,,146.833,,112.6
3111,5.58228,,146.667,,113
3112,5.58466,,146.5,,113.4
3113,5.58704,,146.333,,113.8
3114,5.58941,,146.167,,114.2
3115,5.59179,,146,,114.6
3116,5.5941,,146.222,,114.733
3117,5.59642,,146.444,,114.867
3118,5.59873,,146.667,,115
3119,5.60104,,146.889,,115.133
3120,5.60336,,147.111,,115.267
3121,5.60567,,147.333,,115.4
3122,5.60798,,147.556,,115.533
3123,5.6103,,147.778,,115.667
3124,5.61261,,148,,115.8
3125,5.61496,,148,,116.2
3126,5.6169,,148,,116.34
3127,5.61884,,148,,116.48
3128,5.62079,,148,,116.62
3129,5.62273,,148,,116.76
3130,5.62467,,148,,116.9
3131,5.62661,,148,,117.04
3132,5.62855,,148,,117.18
3133,5.6305,,148,,117.32
3134,5.63244,,148,,117.46
3135,5.63438,,148,,117.6
3136,5.63622,,148,,117.54
3137,5.63806,,148,,117.48
3138,5.6399,,148,,117.42
3139,5.64174,,148,,117.36
3140,5.64358,,148,,117.3
3141,5.64542,,148,,117.24
3142,5.64726,,148,,117.18
3143,5.6491,,148,,117.12
3144,5.65094,,148,,117.06
3145,5.65278,,148,,117
3146,5.65496,,148,,116.84
3147,5.65714,,148,,116.68
3148,5.65932,,148,,116.52
3149,5.6615,,148,,116.36
3150,5.66367,,148,,116.2
3151,5.66585,,148,,116.04
3152,5.66803,,148,,115.88
3153,5.67021,,148,,115.72
3154,5.67239,,148,,115.56
3155,5.67457,,148,,115.4
3156,5.67666,,148.2,,115.88
3157,5.67876,,148.4,,116.36
3158,5.68086,,148.6,,116.84
3159,5.68295,,148.8,,117.32
3160,5.68505,,149,,117.8
3161,5.68714,,149.2,,118.28
3162,5.68924,,149.4,,118.76
3163,5.69133,,149.6,,119.24
3164,5.69343,,149.8,,119.72
3165,5.69552,,150,,120.2
3166,5.69732,,150,,120.02
3167,5.69912,,150,,119.84
3168,5.70091,,150,,119.66
3169,5.70271,,150,,119.48
3170,5.70451,,150,,119.3
3171,5.70631,,150,,119.12
3172,5.70811,,150,,118.94
3173,5.7099,,150,,118.76
3174,5.7117,,150,,118.58
3175,5.7135,,150,,118.4
3176,5.71542,,149.9,,118.18
3177,5.71734,,149.8,,117.96
3178,5.71926,,149.7,,117.74
3179,5.72118,,149.6,,117.52
3180,5.7231,,149.5,,117.3
3181,5.72502,,149.4,,117.08
3182,5.72694,,149.3,,116.86
3183,5.72886,,149.2,,116.64
3184,5.73078,,149.1,,116.42
3185,5.7327,,149,,116.2
3186,5.73463,,149,,116
3187,5.73657,,149,,115.8
3188,5.7385,,149,,115.6
3189,5.74043,,149,,115.4
3190,5.74237,,149,,115.2
3191,5.7443,,149,,115
3192,5.74623,,149,,114.8
3193,5.74816,,149,,114.6
3194,5.7501,,149,,114.4
3195,5.75203,,149,,114.2
3196,5.75405,,147.667,,114.2
3197,5.75608,,146.333,,114.2
3198,5.7581,,145,,114.2
3199,5.75995,,144.5,,114.167
3200,5.7618,,144,,114.133
3201,5.76365,,143.5,,114.1
3202,5.76551,,143,,114.067
3203,5.76736,,142.5,,114.033
3204,5.76921,,142,,114
3205,5.77104,,141,,113.8
3206,5.77291,,140,,113.8
3207,5.7749,,140.5,,113.3
3208,5.77688,,141,,112.8
3209,5.77887,,141.5,,112.3
3210,5.78086,,142,,111.8
3211,5.78284,,142.5,,111.3
3212,5.78483,,143,,110.8
3213,5.78668,,143.667,,110.467
3214,5.78853,,144.333,,110.133
3215,5.79038,,145,,109.8
3216,5.79246,,145.5,,109.567
3217,5.79454,,146,,109.333
3218,5.79662,,146.5,,109.1
3219,5.7987,,147,,108.867
3220,5.80078,,147.5,,108.633
3221,5.80286,,148,,108.4
3222,5.80496,,148.25,,108.4
3223,5.80706,,148.5,,108.4
3224,5.80916,,148.75,,108.4
3225,5.81126,,149,,108.4
3226,5.81324,,149.2,,108.66
3227,5.81522,,149.4,,108.92
3228,5.8172,,149.6,,109.18
3229,5.81918,,149.8,,109.44
3230,5.82116,,150,,109.7
3231,5.82314,,150.2,,109.96
3232,5.82512,,150.4,,110.22
3233,5.8271,,150.6,,110.48
3234,5.82908,,150.8,,110.74
3235,5.83106,,151,,111
3236,5.83285,,150.8,,110.8
3237,5.83464,,150.6,,110.6
3238,5.83643,,150.4,,110.4
3239,5.83822,,150.2,,110.2
3240,5.84001,,150,,110
3241,5.84155,,149.75,,110.15
3242,5.84309,,149.5,,110.3
3243,5.84462,,149.25,,110.45
3244,5.84616,,149,,110.6
3245,5.84777,,149,,111.4
3246,5.84911,,149,,111.4
3247,5.85045,,149,,111.4
3248,5.85178,,149,,111.4
3249,5.85312,,149,,111.4
3250,5.85446,,149,,111.4
3251,5.8558,,149,,111.4
3252,5.85714,,149,,111.4
3253,5.85847,,149,,111.4
3254,5.85981,,149,,111.4
3255,5.86115,,149,,111.4
3256,5.86239,,148.9,,111.6
3257,5.86363,,148.8,,111.8
3258,5.86487,,148.7,,112
3259,5.86611,,148.6,,112.2
3260,5.86735,,148.5,,112.4
3261,5.8686,,148.4,,112.6
3262,5.86984,,148.3,,112.8
3263,5.87108,,148.2,,113
3264,5.87232,,148.1,,113.2
3265,5.87356,,148,,113.4
3266,5.8756,,147.571,,113.114
3267,5.87763,,147.143,,112.829
3268,5.87967,,146.714,,112.543
3269,5.8817,,146.286,,112.257
3270,5.88374,,145.857,,111.971
3271,5.88577,,145.429,,111.686
3272,5.88781,,145,,111.4
3273,5.88987,,143.5,,111.1
3274,5.89193,,142,,110.8
3275,5.89385,,142,,111.4
3276,5.89504,,141.667,,111.467
3277,5.89624,,141.333,,111.533
3278,5.89743,,141,,111.6
3279,5.89863,,140.667,,111.667
3280,5.89982,,140.333,,111.733
3281,5.90102,,140,,111.8
3282,5.90215,,139.25,,111.65
3283,5.90327,,138.5,,111.5
3284,5.9044,,137.75,,111.35
3285,5.90553,,137,,111.2
3286,5.90679,,136,,111.267
3287,5.90805,,135,,111.333
3288,5.90931,,134,,111.4
3289,5.91096,,133.857,,111.6
3290,5.91262,,133.714,,111.8
3291,5.91427,,133.571,,112
3292,5.91592,,133.429,,112.2
3293,5.91757,,133.286,,112.4
3294,5.91923,,133.143,,112.6
3295,5.92088,,133,,112.8
3296,5.92275,,132.9,,112.82
3297,5.92461,,132.8,,112.84
3298,5.92648,,132.7,,112.86
3299,5.92835,,132.6,,112.88
3300,5.93022,,132.5,,112.9
3301,5.93208,,132.4,,112.92
3302,5.93395,,132.3,,112.94
3303,5.93582,,132.2,,112.96
3304,5.93768,,132.1,,112.98
3305,5.93955,,132,,113
3306,5.9414,,131.5,,113
3307,5.94325,,131,,113
3308,5.9451,,130.5,,113
3309,5.94695,,130,,113
3310,5.9488,,129.5,,113
3311,5.95065,,129,,113
3312,5.95229,,129,,113.5
3313,5.95394,,129,,114
3314,5.95558,,129,,114.5
3315,5.95722,,129,,115
3316,5.95895,,129.1,,114.96
3317,5.96067,,129.2,,114.92
3318,5.9624,,129.3,,114.88
3319,5.96412,,129.4,,114.84
3320,5.96585,,129.5,,114.8
3321,5.96758,,129.6,,114.76
3322,5.9693,,129.7,,114.72
3323,5.97103,,129.8,,114.68
3324,5.97275,,129.9,,114.64
3325,5.97448,,130,,114.6
3326,5.97619,,130.2,,114.66
3327,5.97789,,130.4,,114.72
3328,5.97959,,130.6,,114.78
3329,5.9813,,130.8,,114.84
3330,5.98301,,131,,114.9
3331,5.98471,,131.2,,114.96
3332,5.98642,,131.4,,115.02
3333,5.98812,,131.6,,115.08
3334,5.98982,,131.8,,115.14
3335,5.99153,,132,,115.2
3336,5.99345,,131.833,,114.867
3337,5.99536,,131.667,,114.533
3338,5.99728,,131.5,,114.2
3339,5.99919,,131.333,,113.867
3340,6.0011,,131.167,,113.533
3341,6.00302,,131,,113.2
3342,6.00476,,131.25,,112.95
3343,6.00651,,131.5,,112.7
3344,6.00826,,131.75,,112.45
3345,6.01,,132,,112.2
3346,6.01031,,132.3,,111.88
3347,6.01062,,132.6,,111.56
3348,6.01093,,132.9,,111.24
3349,6.01124,,133.2,,110.92
3350,6.01154,,133.5,,110.6
3351,6.01185,,133.8,,110.28
3352,6.01216,,134.1,,109.96
3353,6.01247,,134.4,,109.64
3354,6.01278,,134.7,,109.32
3355,6.01309,,135,,109
3356,6.01325,,136,,108.6
3357,6.01342,,137,,108.2
3358,6.01358,,138,,107.8
3359,6.01362,,138.75,,107.7
3360,6.01366,,139.5,,107.6
3361,6.01371,,140.25,,107.5
3362,6.01375,,141,,107.4
3363,6.01378,,141.667,,107.467
3364,6.01381,,142.333,,107.533
3365,6.01384,,143,,107.6
3366,6.01459,,142.429,,107.629
3367,6.01534,,141.857,,107.657
3368,6.01609,,141.286,,107.686
3369,6.01683,,140.714,,107.714
3370,6.01758,,140.143,,107.743
3371,6.01833,,139.571,,107.771
3372,6.01908,,139,,107.8
3373,6.02033,,137.5,,107.8
3374,6.02159,,136,,107.8
3375,6.02263,,134,,107.8
3376,6.02394,,132.5,,107.8
3377,6.02525,,131,,107.8
3378,6.02688,,130.25,,107.8
3379,6.02851,,129.5,,107.8
3380,6.03014,,128.75,,107.8
3381,6.03177,,128,,107.8
3382,6.03301,,128,,107.8
3383,6.03425,,128,,107.8
3384,6.03548,,128,,107.8
3385,6.03672,,128,,107.8
3386,6.03807,,127,,107.733
3387,6.03943,,126,,107.667
3388,6.04078,,125,,107.6
3389,6.04227,,123.5,,107.6
3390,6.04375,,122,,107.6
3391,6.04505,,121.25,,107.55
3392,6.04635,,120.5,,107.5
3393,6.04764,,119.75,,107.45
3394,6.04894,,119,,107.4
3395,6.0505,,119,,107.4
3396,6.05233,,119.5,,107.267
3397,6.05417,,120,,107.133
3398,6.056,,120.5,,107
3399,6.05783,,121,,106.867
3400,6.05967,,121.5,,106.733
3401,6.0615,,122,,106.6
3402,6.06338,,122.75,,106.45
3403,6.06527,,123.5,,106.3
3404,6.06715,,124.25,,106.15
3405,6.06903,,125,,106
3406,6.07062,,126,,105.9
3407,6.0722,,127,,105.8
3408,6.0742,,127.429,,105.743
3409,6.0762,,127.857,,105.686
3410,6.0782,,128.286,,105.629
3411,6.08019,,128.714,,105.571
3412,6.08219,,129.143,,105.514
3413,6.08419,,129.571,,105.457
3414,6.08619,,130,,105.4
3415,6.08774,,130,,105.4
3416,6.08921,,130.75,,105.5
3417,6.09068,,131.5,,105.6
3418,6.09215,,132.25,,105.7
3419,6.09362,,133,,105.8
3420,6.09546,,133.333,,105.767
3421,6.0973,,133.667,,105.733
3422,6.09915,,134,,105.7
3423,6.10099,,134.333,,105.667
3424,6.10283,,134.667,,105.633
3425,6.10467,,135,,105.6
3426,6.10686,,135.5,,105.267
3427,6.10905,,136,,104.933
3428,6.11123,,136.5,,104.6
3429,6.11342,,137,,104.267
3430,6.11561,,137.5,,103.933
3431,6.1178,,138,,103.6
3432,6.12,,138.25,,103.6
3433,6.1222,,138.5,,103.6
3434,6.1244,,138.75,,103.6
3435,6.1266,,139,,103.6
3436,6.12856,,140.5,,103.5
3437,6.13051,,142,,103.4
3438,6.1329,,142.75,,103.95
3439,6.13528,,143.5,,104.5
3440,6.13767,,144.25,,105.05
3441,6.14006,,145,,105.6
3442,6.1426,,145.25,,105.85
3443,6.14514,,145.5,,106.1
3444,6.14768,,145.75,,106.35
3445,6.15022,,146,,106.6
3446,6.15226,,146.2,,106.44
3447,6.15429,,146.4,,106.28
3448,6.15633,,146.6,,106.12
3449,6.15837,,146.8,,105.96
3450,6.1604,,147,,105.8
3451,6.16244,,147.2,,105.64
3452,6.16448,,147.4,,105.48
3453,6.16652,,147.6,,105.32
3454,6.16855,,147.8,,105.16
3455,6.17059,,148,,105
3456,6.1727,,148,,104.88
3457,6.17481,,148,,104.76
3458,6.17691,,148,,104.64
3459,6.17902,,148,,104.52
3460,6.18113,,148,,104.4
3461,6.18324,,148,,104.28
3462,6.18535,,148,,104.16
3463,6.18745,,148,,104.04
3464,6.18956,,148,,103.92
3465,6.19167,,148,,103.8
3466,6.19402,,148,,104.178
3467,6.19637,,148,,104.556
3468,6.19872,,148,,104.933
3469,6.20107,,148,,105.311
3470,6.20342,,148,,105.689
3471,6.20577,,148,,106.067
3472,6.20812,,148,,106.444
3473,6.21047,,148,,106.822
3474,6.21282,,148,,107.2
3475,6.21518,,148,,108.4
3476,6.2174,,148.1,,108.66
3477,6.21962,,148.2,,108.92
3478,6.22184,,148.3,,109.18
3479,6.22406,,148.4,,109.44
3480,6.22628,,148.5,,109.7
3481,6.2285,,148.6,,109.96
3482,6.23072,,148.7,,110.22
3483,6.23294,,148.8,,110.48
3484,6.23516,,148.9,,110.74
3485,6.23738,,149,,111
3486,6.23969,,149.111,,111.511
3487,6.242,,149.222,,112.022
3488,6.24432,,149.333,,112.533
3489,6.24663,,149.444,,113.044
3490,6.24894,,149.556,,113.556
3491,6.25125,,149.667,,114.067
3492,6.25357,,149.778,,114.578
3493,6.25588,,149.889,,115.089
3494,6.25819,,150,,115.6
3495,6.26048,,150,,115.4
3496,6.26277,,150.111,,115.133
3497,6.26506,,150.222,,114.867
3498,6.26735,,150.333,,114.6
3499,6.26964,,150.444,,114.333
3500,6.27194,,150.556,,114.067
3501,6.27423,,150.667,,113.8
3502,6.27652,,150.778,,113.533
3503,6.27881,,150.889,,113.267
3504,6.2811,,151,,113
3505,6.28294,,151,,112.8
3506,6.2849,,151.2,,112.8
3507,6.28687,,151.4,,112.8
3508,6.28883,,151.6,,112.8
3509,6.2908,,151.8,,112.8
3510,6.29276,,152,,112.8
3511,6.29472,,152.2,,112.8
3512,6.29669,,152.4,,112.8
3513,6.29865,,152.6,,112.8
3514,6.30062,,152.8,,112.8
3515,6.30258,,153,,112.8
3516,6.30445,,152.8,,112.82
3517,6.30632,,152.6,,112.84
3518,6.3082,,152.4,,112.86
3519,6.31007,,152.2,,112.88
3520,6.31194,,152,,112.9
3521,6.31381,,151.8,,112.92
3522,6.31568,,151.6,,112.94
3523,6.31756,,151.4,,112.96
3524,6.31943,,151.2,,112.98
3525,6.3213,,151,,113
3526,6.32339,,150.5,,112.933
3527,6.32548,,150,,112.867
3528,6.32757,,149.5,,112.8
3529,6.32966,,149,,112.733
3530,6.33175,,148.5,,112.667
3531,6.33384,,148,,112.6
3532,6.33626,,148.25,,112.75
3533,6.33868,,148.5,,112.9
3534,6.34111,,148.75,,113.05
3535,6.34353,,149,,113.2
3536,6.34552,,149.1,,113.22
3537,6.34751,,149.2,,113.24
3538,6.34951,,149.3,,113.26
3539,6.3515,,149.4,,113.28
3540,6.35349,,149.5,,113.3
3541,6.35548,,149.6,,113.32
3542,6.35747,,149.7,,113.34
3543,6.35947,,149.8,,113.36
3544,6.36146,,149.9,,113.38
3545,6.36345,,150,,113.4
3546,6.36541,,149.8,,113.28
3547,6.36738,,149.6,,113.16
3548,6.36934,,149.4,,113.04
3549,6.3713,,149.2,,112.92
3550,6.37326,,149,,112.8
3551,6.37523,,148.8,,112.68
3552,6.37719,,148.6,,112.56
3553,6.37915,,148.4,,112.44
3554,6.38112,,148.2,,112.32
3555,6.38308,,148,,112.2
3556,6.38495,,148.2,,112.2
3557,6.38683,,148.4,,112.2
3558,6.3887,,148.6,,112.2
3559,6.39058,,148.8,,112.2
3560,6.39245,,149,,112.2
3561,6.39432,,149.2,,112.2
3562,6.3962,,149.4,,112.2
3563,6.39807,,149.6,,112.2
3564,6.39995,,149.8,,112.2
3565,6.40182,,150,,112.2
3566,6.40369,,149.667,,112.033
3567,6.40556,,149.333,,111.867
3568,6.40742,,149,,111.7
3569,6.40929,,148.667,,111.533
3570,6.41116,,148.333,,111.367
3571,6.41303,,148,,111.2
3572,6.41503,,148,,111.35
3573,6.41703,,148,,111.5
3574,6.41902,,148,,111.65
3575,6.42102,,148,,111.8
3576,6.42312,,148.3,,111.92
3577,6.42522,,148.6,,112.04
3578,6.42732,,148.9,,112.16
3579,6.42942,,149.2,,112.28
3580,6.43152,,149.5,,112.4
3581,6.43362,,149.8,,112.52
3582,6.43572,,150.1,,112.64
3583,6.43782,,150.4,,112.76
3584,6.43992,,150.7,,112.88
3585,6.44202,,151,,113
3586,6.44404,,151,,113.457
3587,6.44607,,151,,113.914
3588,6.44809,,151,,114.371
3589,6.45012,,151,,114.829
3590,6.45214,,151,,115.286
3591,6.45417,,151,,115.743
3592,6.45619,,151,,116.2
3593,6.45804,,150.333,,116.6
3594,6.45989,,149.667,,117
3595,6.46174,,149,,117.4
3596,6.46373,,148.9,,117.46
3597,6.46571,,148.8,,117.52
3598,6.4677,,148.7,,117.58
3599,6.46968,,148.6,,117.64
3600,6.47167,,148.5,,117.7
3601,6.47366,,148.4,,117.76
3602,6.47564,,148.3,,117.82
3603,6.47763,,148.2,,117.88
3604,6.47961,,148.1,,117.94
3605,6.4816,,148,,118
3606,6.48347,,148,,118
3607,6.48533,,148,,118
3608,6.48719,,148,,118
3609,6.48906,,148,,118
3610,6.49093,,148,,118
3611,6.49279,,148,,118
3612,6.49465,,148,,118
3613,6.49652,,148,,118
3614,6.49839,,148,,118
3615,6.50025,,148,,118
3616,6.50192,,148.2,,118.16
3617,6.50359,,148.4,,118.32
3618,6.50526,,148.6,,118.48
3619,6.50693,,148.8,,118.64
3620,6.5086,,149,,118.8
3621,6.51059,,149.2,,118.84
3622,6.51259,,149.4,,118.88
3623,6.51458,,149.6,,118.92
3624,6.51658,,149.8,,118.96
3625,6.51857,,150,,119
3626,6.52053,,150,,118.98
3627,6.5225,,150,,118.96
3628,6.52446,,150,,118.94
3629,6.52643,,150,,118.92
3630,6.52839,,150,,118.9
3631,6.53035,,150,,118.88
3632,6.53232,,150,,118.86
3633,6.53428,,150,,118.84
3634,6.53625,,150,,118.82
3635,6.53821,,150,,118.8
3636,6.54001,,149.571,,118.429
3637,6.54182,,149.143,,118.057
3638,6.54362,,148.714,,117.686
3639,6.54543,,148.286,,117.314
3640,6.54723,,147.857,,116.943
3641,6.54904,,147.429,,116.571
3642,6.55084,,147,,116.2
3643,6.5528,,146,,115.867
3644,6.55477,,145,,115.533
3645,6.55673,,144,,115.2
3646,6.55893,,144.2,,115.1
3647,6.56113,,144.4,,115
3648,6.56332,,144.6,,114.9
3649,6.56552,,144.8,,114.8
3650,6.56772,,145,,114.7
3651,6.56992,,145.2,,114.6
3652,6.57212,,145.4,,114.5
3653,6.57431,,145.6,,114.4
3654,6.57651,,145.8,,114.3
3655,6.57871,,146,,114.2
3656,6.58093,,147,,114.2
3657,6.58315,,148,,114.2
3658,6.58537,,149,,114.2
3659,6.58737,,149.75,,114.25
3660,6.58936,,150.5,,114.3
3661,6.59136,,151.25,,114.35
3662,6.59335,,152,,114.4
3663,6.59566,,152,,114.733
3664,6.59796,,152,,115.067
3665,6.60027,,152,,115.4
3666,6.60231,,151.625,,115.525
3667,6.60436,,151.25,,115.65
3668,6.6064,,150.875,,115.775
3669,6.60845,,150.5,,115.9
3670,6.6105,,150.125,,116.025
3671,6.61254,,149.75,,116.15
3672,6.61458,,149.375,,116.275
3673,6.61663,,149,,116.4
3674,6.61862,,149,,116.8
3675,6.62061,,149,,117.2
3676,6.62276,,149.1,,117.26
3677,6.6249,,149.2,,117.32
3678,6.62705,,149.3,,117.38
3679,6.6292,,149.4,,117.44
3680,6.63134,,149.5,,117.5
3681,6.63349,,149.6,,117.56
3682,6.63564,,149.7,,117.62
3683,6.63779,,149.8,,117.68
3684,6.63993,,149.9,,117.74
3685,6.64208,,150,,117.8
3686,6.64422,,150.2,,117.84
3687,6.64637,,150.4,,117.88
3688,6.64851,,150.6,,117.92
3689,6.65066,,150.8,,117.96
3690,6.6528,,151,,118
3691,6.65495,,151.2,,118.04
3692,6.65709,,151.4,,118.08
3693,6.65924,,151.6,,118.12
3694,6.66139,,151.8,,118.16
3695,6.66353,,152,,118.2
3696,6.66542,,151.9,,117.78
3697,6.66732,,151.8,,117.36
3698,6.66921,,151.7,,116.94
3699,6.67111,,151.6,,116.52
3700,6.673,,151.5,,116.1
3701,6.6749,,151.4,,115.68
3702,6.6768,,151.3,,115.26
3703,6.67869,,151.2,,114.84
3704,6.68058,,151.1,,114.42
3705,6.68248,,151,,114
3706,6.68433,,150.9,,113.56
3707,6.68618,,150.8,,113.12
3708,6.68803,,150.7,,112.68
3709,6.68988,,150.6,,112.24
3710,6.69173,,150.5,,111.8
3711,6.69358,,150.4,,111.36
3712,6.69543,,150.3,,110.92
3713,6.69728,,150.2,,110.48
3714,6.69913,,150.1,,110.04
3715,6.70098,,150,,109.6
3716,6.7027,,149.9,,109.46
3717,6.70443,,149.8,,109.32
3718,6.70616,,149.7,,109.18
3719,6.70788,,149.6,,109.04
3720,6.7096,,149.5,,108.9
3721,6.71133,,149.4,,108.76
3722,6.71306,,149.3,,108.62
3723,6.71478,,149.2,,108.48
3724,6.7165,,149.1,,108.34
3725,6.71823,,149,,108.2
3726,6.72039,,150,,108.2
3727,6.72187,,149.889,,107.822
3728,6.72335,,149.778,,107.444
3729,6.72484,,149.667,,107.067
3730,6.72632,,149.556,,106.689
3731,6.7278,,149.444,,106.311
3732,6.72928,,149.333,,105.933
3733,6.73077,,149.222,,105.556
3734,6.73225,,149.111,,105.178
3735,6.73373,,149,,104.8
3736,6.73485,,149.25,,104.45
3737,6.73597,,149.5,,104.1
3738,6.7371,,149.75,,103.75
3739,6.73822,,150,,103.4
3740,6.73989,,150,,103.1
3741,6.74155,,150,,102.8
3742,6.74322,,150,,102.5
3743,6.74488,,150,,102.2
3744,6.74655,,150,,101.9
3745,6.74821,,150,,101.6
3746,6.75005,,149.625,,101.825
3747,6.7519,,149.25,,102.05
3748,6.75374,,148.875,,102.275
3749,6.75558,,148.5,,102.5
3750,6.75743,,148.125,,102.725
3751,6.75927,,147.75,,102.95
3752,6.76112,,147.375,,103.175
3753,6.76296,,147,,103.4
3754,6.76463,,146.5,,103.9
3755,6.7663,,146,,104.4
3756,6.76801,,145.571,,104.8
3757,6.76972,,145.143,,105.2
3758,6.77143,,144.714,,105.6
3759,6.77314,,144.286,,106
3760,6.77485,,143.857,,106.4
3761,6.77656,,143.429,,106.8
3762,6.77827,,143,,107.2
3763,6.7795,,142,,107.867
3764,6.78072,,141,,108.533
3765,6.78195,,140,,109.2
3766,6.78322,,139.5,,109.667
3767,6.78448,,139,,110.133
3768,6.78575,,138.5,,110.6
3769,6.78701,,138,,111.067
3770,6.78827,,137.5,,111.533
3771,6.78954,,137,,112
3772,6.79099,,135.5,,112
3773,6.79243,,134,,112
3774,6.79377,,133,,111.8
3775,6.7951,,132,,111.6
3776,6.79672,,131.8,,111.5
3777,6.79835,,131.6,,111.4
3778,6.79997,,131.4,,111.3
3779,6.8016,,131.2,,111.2
3780,6.80322,,131,,111.1
3781,6.80485,,130.8,,111
3782,6.80647,,130.6,,110.9
3783,6.8081,,130.4,,110.8
3784,6.80973,,130.2,,110.7
3785,6.81135,,130,,110.6
3786,6.81319,,129.4,,111.04
3787,6.81504,,128.8,,111.48
3788,6.81688,,128.2,,111.92
3789,6.81873,,127.6,,112.36
3790,6.82057,,127,,112.8
3791,6.8223,,127,,112.56
3792,6.82403,,127,,112.32
3793,6.82575,,127,,112.08
3794,6.82748,,127,,111.84
3795,6.82921,,127,,111.6
3796,6.83121,,127,,111.76
3797,6.8332,,127,,111.92
3798,6.8352,,127,,112.08
3799,6.83719,,127,,112.24
3800,6.83919,,127,,112.4
3801,6.84104,,127.2,,112.8
3802,6.84289,,127.4,,113.2
3803,6.84473,,127.6,,113.6
3804,6.84658,,127.8,,114
3805,6.84843,,128,,114.4
3806,6.85051,,129,,114.333
3807,6.8526,,130,,114.267
3808,6.85468,,131,,114.2
3809,6.85656,,131.143,,113.943
3810,6.85844,,131.286,,113.686
3811,6.86032,,131.429,,113.429
3812,6.86221,,131.571,,113.171
3813,6.86409,,131.714,,112.914
3814,6.86597,,131.857,,112.657
3815,6.86785,,132,,112.4
3816,6.86984,,133,,112.667
3817,6.87182,,134,,112.933
3818,6.87381,,135,,113.2
3819,6.87551,,134.2,,112.84
3820,6.87721,,133.4,,112.48
3821,6.87891,,132.6,,112.12
3822,6.88061,,131.8,,111.76
3823,6.88231,,131,,111.4
3824,6.88382,,130,,110.9
3825,6.88532,,129,,110.4
3826,6.88712,,129,,110.36
3827,6.88891,,129,,110.32
3828,6.89071,,129,,110.28
3829,6.89251,,129,,110.24
3830,6.89431,,129,,110.2
3831,6.8961,,129,,110.16
3832,6.8979,,129,,110.12
3833,6.8997,,129,,110.08
3834,6.90149,,129,,110.04
3835,6.90329,,129,,110
3836,6.90518,,129.4,,110.12
3837,6.90706,,129.8,,110.24
3838,6.90895,,130.2,,110.36
3839,6.91083,,130.6,,110.48
3840,6.91272,,131,,110.6
3841,6.91369,,130.5,,110.9
3842,6.91466,,130,,111.2
3843,6.9155,,129.667,,111
3844,6.91633,,129.333,,110.8
3845,6.91717,,129,,110.6
3846,6.91884,,129.2,,110.36
3847,6.92052,,129.4,,110.12
3848,6.92219,,129.6,,109.88
3849,6.92387,,129.8,,109.64
3850,6.92554,,130,,109.4
3851,6.92722,,130.2,,109.16
3852,6.92889,,130.4,,108.92
3853,6.93057,,130.6,,108.68
3854,6.93224,,130.8,,108.44
3855,6.93392,,131,,108.2
3856,6.93576,,130.8,,108.26
3857,6.9376,,130.6,,108.32
3858,6.93945,,130.4,,108.38
3859,6.94129,,130.2,,108.44
3860,6.94313,,130,,108.5
3861,6.94497,,129.8,,108.56
3862,6.94681,,129.6,,108.62
3863,6.94866,,129.4,,108.68
3864,6.9505,,129.2,,108.74
3865,6.95234,,129,,108.8
3866,6.95381,,128.9,,108.62
3867,6.95528,,128.8,,108.44
3868,6.95676,,128.7,,108.26
3869,6.95823,,128.6,,108.08
3870,6.9597,,128.5,,107.9
3871,6.96117,,128.4,,107.72
3872,6.96264,,128.3,,107.54
3873,6.96412,,128.2,,107.36
3874,6.96559,,128.1,,107.18
3875,6.96706,,128,,107
3876,6.96877,,128.2,,106.44
3877,6.97049,,128.4,,105.88
3878,6.9722,,128.6,,105.32
3879,6.97392,,128.8,,104.76
3880,6.97563,,129,,104.2
3881,6.97764,,129.75,,104.35
3882,6.97964,,130.5,,104.5
3883,6.98165,,131.25,,104.65
3884,6.98366,,132,,104.8
3885,6.98551,,133,,105
3886,6.98719,,132.571,,105.4
3887,6.98888,,132.143,,105.8
3888,6.99056,,131.714,,106.2
3889,6.99225,,131.286,,106.6
3890,6.99393,,130.857,,107
3891,6.99562,,130.429,,107.4
3892,6.9973,,130,,107.8
3893,6.99932,,129.333,,108
3894,7.00134,,128.667,,108.2
3895,7.00336,,128,,108.4
3896,7.00484,,127.8,,108.56
3897,7.00632,,127.6,,108.72
3898,7.00779,,127.4,,108.88
3899,7.00927,,127.2,,109.04
3900,7.01075,,127,,109.2
3901,7.01223,,126.8,,109.36
3902,7.01371,,126.6,,109.52
3903,7.01518,,126.4,,109.68
3904,7.01666,,126.2,,109.84
3905,7.01814,,126,,110
3906,7.02022,,125.5,,110.2
3907,7.0223,,125,,110.4
3908,7.02464,,126.333,,110.333
3909,7.02698,,127.667,,110.267
3910,7.02932,,129,,110.2
3911,7.03207,,131,,110.5
3912,7.03482,,133,,110.8
3913,7.03755,,134.5,,110.8
3914,7.04028,,136,,110.8
3915,7.04279,,137,,111.2
3916,7.04525,,137.6,,111.52
3917,7.04771,,138.2,,111.84
3918,7.05018,,138.8,,112.16
3919,7.05264,,139.4,,112.48
3920,7.0551,,140,,112.8
3921,7.05748,,140.6,,112.64
3922,7.05986,,141.2,,112.48
3923,7.06225,,141.8,,112.32
3924,7.06463,,142.4,,112.16
3925,7.06701,,143,,112
3926,7.0696,,143.25,,111.925
3927,7.07219,,143.5,,111.85
3928,7.07479,,143.75,,111.775
3929,7.07738,,144,,111.7
3930,7.07997,,144.25,,111.625
3931,7.08256,,144.5,,111.55
3932,7.08516,,144.75,,111.475
3933,7.08775,,145,,111.4
3934,7.08964,,145.5,,111.4
3935,7.09153,,146,,111.4
3936,7.09342,,146.5,,111.567
3937,7.09532,,147,,111.733
3938,7.09722,,147.5,,111.9
3939,7.09911,,148,,112.067
3940,7.101,,148.5,,112.233
3941,7.1029,,149,,112.4
3942,7.10485,,149.25,,112.3
3943,7.10681,,149.5,,112.2
3944,7.10877,,149.75,,112.1
3945,7.11072,,150,,112
3946,7.1129,,150,,111.86
3947,7.11508,,150,,111.72
3948,7.11726,,150,,111.58
3949,7.11944,,150,,111.44
3950,7.12162,,150,,111.3
3951,7.12379,,150,,111.16
3952,7.12597,,150,,111.02
3953,7.12815,,150,,110.88
3954,7.13033,,150,,110.74
3955,7.13251,,150,,110.6
3956,7.13462,,150.2,,110.46
3957,7.13674,,150.4,,110.32
3958,7.13885,,150.6,,110.18
3959,7.14096,,150.8,,110.04
3960,7.14307,,151,,109.9
3961,7.14519,,151.2,,109.76
3962,7.1473,,151.4,,109.62
3963,7.14941,,151.6,,109.48
3964,7.15153,,151.8,,109.34
3965,7.15364,,152,,109.2
3966,7.15562,,152.1,,108.8
3967,7.15759,,152.2,,108.4
3968,7.15957,,152.3,,108
3969,7.16154,,152.4,,107.6
3970,7.16352,,152.5,,107.2
3971,7.1655,,152.6,,106.8
3972,7.16747,,152.7,,106.4
3973,7.16945,,152.8,,106
3974,7.17142,,152.9,,105.6
3975,7.1734,,153,,105.2
3976,7.1753,,152.25,,105.15
3977,7.1772,,151.5,,105.1
3978,7.17909,,150.75,,105.05
3979,7.18099,,150,,105
3980,7.18293,,149.667,,105.033
3981,7.18486,,149.333,,105.067
3982,7.1868,,149,,105.1
3983,7.18873,,148.667,,105.133
3984,7.19067,,148.333,,105.167
3985,7.1926,,148,,105.2
3986,7.19457,,148.2,,105.32
3987,7.19654,,148.4,,105.44
3988,7.19851,,148.6,,105.56
3989,7.20048,,148.8,,105.68
3990,7.20244,,149,,105.8
3991,7.20441,,149.2,,105.92
3992,7.20638,,149.4,,106.04
3993,7.20835,,149.6,,106.16
3994,7.21032,,149.8,,106.28
3995,7.21229,,150,,106.4
3996,7.21446,,150,,106.68
3997,7.21663,,150,,106.96
3998,7.21881,,150,,107.24
3999,7.22098,,150,,107.52
4000,7.22315,,150,,107.8
4001,7.22532,,150,,108.08
4002,7.22749,,150,,108.36
4003,7.22967,,150,,108.64
4004,7.23184,,150,,108.92
4005,7.23401,,150,,109.2
4006,7.23598,,150,,109.24
4007,7.23794,,150,,109.28
4008,7.23991,,150,,109.32
4009,7.24187,,150,,109.36
4010,7.24384,,150,,109.4
4011,7.24581,,150,,109.44
4012,7.24777,,150,,109.48
4013,7.24974,,150,,109.52
4014,7.2517,,150,,109.56
4015,7.25367,,150,,109.6
4016,7.25558,,149.9,,110.04
4017,7.2575,,149.8,,110.48
4018,7.25941,,149.7,,110.92
4019,7.26133,,149.6,,111.36
4020,7.26324,,149.5,,111.8
4021,7.26515,,149.4,,112.24
4022,7.26707,,149.3,,112.68
4023,7.26898,,149.2,,113.12
4024,7.2709,,149.1,,113.56
4025,7.27281,,149,,114
4026,7.27492,,148.8,,114.06
4027,7.27703,,148.6,,114.12
4028,7.27914,,148.4,,114.18
4029,7.28125,,148.2,,114.24
4030,7.28336,,148,,114.3
4031,7.28546,,147.8,,114.36
4032,7.28757,,147.6,,114.42
4033,7.28968,,147.4,,114.48
4034,7.29179,,147.2,,114.54
4035,7.2939,,147,,114.6
4036,7.29595,,147.333,,114.756
4037,7.29801,,147.667,,114.911
4038,7.30006,,148,,115.067
4039,7.30212,,148.333,,115.222
4040,7.30417,,148.667,,115.378
4041,7.30623,,149,,115.533
4042,7.30828,,149.333,,115.689
4043,7.31034,,149.667,,115.844
4044,7.31239,,150,,116
4045,7.31445,,150,,115.8
4046,7.31661,,150,,115.52
4047,7.31878,,150,,115.24
4048,7.32094,,150,,114.96
4049,7.32311,,150,,114.68
4050,7.32527,,150,,114.4
4051,7.32743,,150,,114.12
4052,7.3296,,150,,113.84
4053,7.33176,,150,,113.56
4054,7.33393,,150,,113.28
4055,7.33609,,150,,113
4056,7.3381,,150,,113.14
4057,7.34012,,150,,113.28
4058,7.34213,,150,,113.42
4059,7.34414,,150,,113.56
4060,7.34616,,150,,113.7
4061,7.34817,,150,,113.84
4062,7.35018,,150,,113.98
4063,7.35219,,150,,114.12
4064,7.35421,,150,,114.26
4065,7.35622,,150,,114.4
4066,7.35822,,150.2,,114.18
4067,7.36022,,150.4,,113.96
4068,7.36222,,150.6,,113.74
4069,7.36422,,150.8,,113.52
4070,7.36622,,151,,113.3
4071,7.36821,,151.2,,113.08
4072,7.37021,,151.4,,112.86
4073,7.37221,,151.6,,112.64
4074,7.37421,,151.8,,112.42
4075,7.37621,,152,,112.2
4076,7.37796,,151.75,,111.8
4077,7.3797,,151.5,,111.4
4078,7.38145,,151.25,,111
4079,7.38319,,151,,110.6
4080,7.38494,,150.75,,110.2
4081,7.38668,,150.5,,109.8
4082,7.38843,,150.25,,109.4
4083,7.39017,,150,,109
4084,7.39163,,150.5,,108.1
4085,7.39309,,151,,107.2
4086,7.39508,,151,,106.2
4087,7.39706,,151,,105.2
4088,7.39925,,150.875,,105.65
4089,7.40145,,150.75,,106.1
4090,7.40364,,150.625,,106.55
4091,7.40583,,150.5,,107
4092,7.40803,,150.375,,107.45
4093,7.41022,,150.25,,107.9
4094,7.41242,,150.125,,108.35
4095,7.41461,,150,,108.8
4096,7.41656,,149.9,,108.86
4097,7.41851,,149.8,,108.92
4098,7.42046,,149.7,,108.98
4099,7.42241,,149.6,,109.04
4100,7.42436,,149.5,,109.1
4101,7.42632,,149.4,,109.16
4102,7.42827,,149.3,,109.22
4103,7.43022,,149.2,,109.28
4104,7.43217,,149.1,,109.34
4105,7.43412,,149,,109.4
4106,7.4361,,149.2,,109.5
4107,7.43809,,149.4,,109.6
4108,7.44007,,149.6,,109.7
4109,7.44206,,149.8,,109.8
4110,7.44404,,150,,109.9
4111,7.44602,,150.2,,110
4112,7.44801,,150.4,,110.1
4113,7.44999,,150.6,,110.2
4114,7.45198,,150.8,,110.3
4115,7.45396,,151,,110.4
4116,7.45591,,151.1,,110.7
4117,7.45786,,151.2,,111
4118,7.45981,,151.3,,111.3
4119,7.46176,,151.4,,111.6
4120,7.46371,,151.5,,111.9
4121,7.46566,,151.6,,112.2
4122,7.46761,,151.7,,112.5
4123,7.46956,,151.8,,112.8
4124,7.47151,,151.9,,113.1
4125,7.47346,,152,,113.4
4126,7.47541,,151.625,,113.425
4127,7.47735,,151.25,,113.45
4128,7.4793,,150.875,,113.475
4129,7.48124,,150.5,,113.5
4130,7.48319,,150.125,,113.525
4131,7.48514,,149.75,,113.55
4132,7.48708,,149.375,,113.575
4133,7.48903,,149,,113.6
4134,7.49103,,149,,113.2
4135,7.49303,,149,,112.8
4136,7.49495,,149,,112.82
4137,7.49686,,149,,112.84
4138,7.49878,,149,,112.86
4139,7.50069,,149,,112.88
4140,7.5026,,149,,112.9
4141,7.50452,,149,,112.92
4142,7.50643,,149,,112.94
4143,7.50835,,149,,112.96
4144,7.51026,,149,,112.98
4145,7.51218,,149,,113
4146,7.51424,,148.875,,112.825
4147,7.51629,,148.75,,112.65
4148,7.51835,,148.625,,112.475
4149,7.52041,,148.5,,112.3
4150,7.52247,,148.375,,112.125
4151,7.52453,,148.25,,111.95
4152,7.52658,,148.125,,111.775
4153,7.52864,,148,,111.6
4154,7.53068,,147.5,,111.2
4155,7.53271,,147,,110.8
4156,7.53486,,146.9,,110.68
4157,7.53701,,146.8,,110.56
4158,7.53915,,146.7,,110.44
4159,7.5413,,146.6,,110.32
4160,7.54345,,146.5,,110.2
4161,7.5456,,146.4,,110.08
4162,7.54775,,146.3,,109.96
4163,7.54989,,146.2,,109.84
4164,7.55204,,146.1,,109.72
4165,7.55419,,146,,109.6
4166,7.5563,,146.375,,109.7
4167,7.55841,,146.75,,109.8
4168,7.56052,,147.125,,109.9
4169,7.56263,,147.5,,110
4170,7.56474,,147.875,,110.1
4171,7.56685,,148.25,,110.2
4172,7.56896,,148.625,,110.3
4173,7.57107,,149,,110.4
4174,7.57285,,149.5,,110.7
4175,7.57462,,150,,111
4176,7.57642,,149.9,,111.1
4177,7.57821,,149.8,,111.2
4178,7.58001,,149.7,,111.3
4179,7.58181,,149.6,,111.4
4180,7.58361,,149.5,,111.5
4181,7.5854,,149.4,,111.6
4182,7.5872,,149.3,,111.7
4183,7.589,,149.2,,111.8
4184,7.59079,,149.1,,111.9
4185,7.59259,,149,,112
4186,7.59437,,149,,111.84
4187,7.59614,,149,,111.68
4188,7.59792,,149,,111.52
4189,7.5997,,149,,111.36
4190,7.60148,,149,,111.2
4191,7.60325,,149,,111.04
4192,7.60503,,149,,110.88
4193,7.60681,,149,,110.72
4194,7.60858,,149,,110.56
4195,7.61036,,149,,110.4
4196,7.61252,,149.1,,110.64
4197,7.61467,,149.2,,110.88
4198,7.61683,,149.3,,111.12
4199,7.61898,,149.4,,111.36
4200,7.62114,,149.5,,111.6
4201,7.62329,,149.6,,111.84
4202,7.62545,,149.7,,112.08
4203,7.6276,,149.8,,112.32
4204,7.62976,,149.9,,112.56
4205,7.63191,,150,,112.8
4206,7.6339,,150,,113.2
4207,7.63612,,150,,113.1
4208,7.63835,,150,,113
4209,7.63994,,150.143,,112.971
4210,7.64153,,150.286,,112.943
4211,7.64312,,150.429,,112.914
4212,7.64471,,150.571,,112.886
4213,7.6463,,150.714,,112.857
4214,7.64789,,150.857,,112.829
4215,7.64948,,151,,112.8
4216,7.65099,,150.9,,112.6
4217,7.65249,,150.8,,112.4
4218,7.654,,150.7,,112.2
4219,7.65551,,150.6,,112
4220,7.65701,,150.5,,111.8
4221,7.65852,,150.4,,111.6
4222,7.66003,,150.3,,111.4
4223,7.66154,,150.2,,111.2
4224,7.66304,,150.1,,111
4225,7.66455,,150,,110.8
4226,7.6661,,149.25,,110.55
4227,7.66765,,148.5,,110.3
4228,7.6692,,147.75,,110.05
4229,7.67075,,147,,109.8
4230,7.67222,,146.5,,109.467
4231,7.67369,,146,,109.133
4232,7.67516,,145.5,,108.8
4233,7.67664,,145,,108.467
4234,7.67811,,144.5,,108.133
4235,7.67958,,144,,107.8
4236,7.68107,,143.25,,107.45
4237,7.68255,,142.5,,107.1
4238,7.68404,,141.75,,106.75
4239,7.68553,,141,,106.4
4240,7.68694,,140.4,,106.24
4241,7.68834,,139.8,,106.08
4242,7.68975,,139.2,,105.92
4243,7.69115,,138.6,,105.76
4244,7.69256,,138,,105.6
4245,7.69438,,138,,105.6
4246,7.69594,,137.5,,105.533
4247,7.69749,,137,,105.467
4248,7.69905,,136.5,,105.4
4249,7.70061,,136,,105.333
4250,7.70216,,135.5,,105.267
4251,7.70372,,135,,105.2
4252,7.7055,,135,,105.35
4253,7.70727,,135,,105.5
4254,7.70905,,135,,105.65
4255,7.71083,,135,,105.8
4256,7.7126,,135.5,,106.4
4257,7.71438,,136,,107
4258,7.71615,,136.5,,107.6
4259,7.71793,,137,,108.2
4260,7.71984,,136.5,,108.4
4261,7.72176,,136,,108.6
4262,7.72353,,134.5,,108.8
4263,7.72529,,133,,109
4264,7.7267,,133.5,,109.3
4265,7.72812,,134,,109.6
4266,7.72966,,133.667,,109.489
4267,7.73119,,133.333,,109.378
4268,7.73273,,133,,109.267
4269,7.73427,,132.667,,109.156
4270,7.7358,,132.333,,109.044
4271,7.73734,,132,,108.933
4272,7.73888,,131.667,,108.822
4273,7.74041,,131.333,,108.711
4274,7.74195,,131,,108.6
4275,7.74395,,131,,108.6
4276,7.74574,,130.8,,108.38
4277,7.74754,,130.6,,108.16
4278,7.74933,,130.4,,107.94
4279,7.75113,,130.2,,107.72
4280,7.75292,,130,,107.5
4281,7.75471,,129.8,,107.28
4282,7.75651,,129.6,,107.06
4283,7.7583,,129.4,,106.84
4284,7.7601,,129.2,,106.62
4285,7.76189,,129,,106.4
4286,7.76354,,129.1,,106.92
4287,7.76518,,129.2,,107.44
4288,7.76683,,129.3,,107.96
4289,7.76848,,129.4,,108.48
4290,7.77013,,129.5,,109
4291,7.77177,,129.6,,109.52
4292,7.77342,,129.7,,110.04
4293,7.77507,,129.8,,110.56
4294,7.77671,,129.9,,111.08
4295,7.77836,,130,,111.6
4296,7.78029,,129.4,,112.16
4297,7.78221,,128.8,,112.72
4298,7.78414,,128.2,,113.28
4299,7.78606,,127.6,,113.84
4300,7.78799,,127,,114.4
4301,7.79,,126.25,,114.75
4302,7.792,,125.5,,115.1
4303,7.79401,,124.75,,115.45
4304,7.79602,,124,,115.8
4305,7.79798,,125,,116
4306,7.79983,,125.6,,116.36
4307,7.80168,,126.2,,116.72
4308,7.80354,,126.8,,117.08
4309,7.80539,,127.4,,117.44
4310,7.80724,,128,,117.8
4311,7.80873,,127.8,,117.8
4312,7.81021,,127.6,,117.8
4313,7.8117,,127.4,,117.8
4314,7.81318,,127.2,,117.8
4315,7.81467,,127,,117.8
4316,7.81668,,126.8,,117.68
4317,7.81869,,126.6,,117.56
4318,7.82071,,126.4,,117.44
4319,7.82272,,126.2,,117.32
4320,7.82473,,126,,117.2
4321,7.82674,,125.8,,117.08
4322,7.82875,,125.6,,116.96
4323,7.83077,,125.4,,116.84
4324,7.83278,,125.2,,116.72
4325,7.83479,,125,,116.6
4326,7.83628,,124.7,,116.22
4327,7.83776,,124.4,,115.84
4328,7.83925,,124.1,,115.46
4329,7.84074,,123.8,,115.08
4330,7.84223,,123.5,,114.7
4331,7.84371,,123.2,,114.32
4332,7.8452,,122.9,,113.94
4333,7.84669,,122.6,,113.56
4334,7.84817,,122.3,,113.18
4335,7.84966,,122,,112.8
4336,7.85147,,122.2,,112.48
4337,7.85328,,122.4,,112.16
4338,7.8551,,122.6,,111.84
4339,7.85691,,122.8,,111.52
4340,7.85872,,123,,111.2
4341,7.86056,,123,,111.08
4342,7.8624,,123,,110.96
4343,7.86425,,123,,110.84
4344,7.86609,,123,,110.72
4345,7.86793,,123,,110.6
4346,7.86952,,123.375,,110.425
4347,7.87112,,123.75,,110.25
4348,7.87271,,124.125,,110.075
4349,7.8743,,124.5,,109.9
4350,7.87589,,124.875,,109.725
4351,7.87749,,125.25,,109.55
4352,7.87908,,125.625,,109.375
4353,7.88067,,126,,109.2
4354,7.88242,,126,,108.9
4355,7.88417,,126,,108.6
4356,7.88589,,126.111,,108.267
4357,7.88761,,126.222,,107.933
4358,7.88933,,126.333,,107.6
4359,7.89105,,126.444,,107.267
4360,7.89278,,126.556,,106.933
4361,7.8945,,126.667,,106.6
4362,7.89622,,126.778,,106.267
4363,7.89794,,126.889,,105.933
4364,7.89966,,127,,105.6
4365,7.90136,,126,,105.8
4366,7.90291,,125.9,,106.1
4367,7.90447,,125.8,,106.4
4368,7.90602,,125.7,,106.7
4369,7.90758,,125.6,,107
4370,7.90913,,125.5,,107.3
4371,7.91068,,125.4,,107.6
4372,7.91224,,125.3,,107.9
4373,7.91379,,125.2,,108.2
4374,7.91535,,125.1,,108.5
4375,7.9169,,125,,108.8
4376,7.91861,,124.25,,108.9
4377,7.92032,,123.5,,109
4378,7.92202,,122.75,,109.1
4379,7.92373,,122,,109.2
4380,7.92541,,121.833,,109.2
4381,7.92709,,121.667,,109.2
4382,7.92877,,121.5,,109.2
4383,7.93045,,121.333,,109.2
4384,7.93213,,121.167,,109.2
4385,7.93381,,121,,109.2
4386,7.93554,,121.2,,108.84
4387,7.93727,,121.4,,108.48
4388,7.939,,121.6,,108.12
4389,7.94073,,121.8,,107.76
4390,7.94246,,122,,107.4
4391,7.94418,,122.2,,107.04
4392,7.94591,,122.4,,106.68
4393,7.94764,,122.6,,106.32
4394,7.94937,,122.8,,105.96
4395,7.9511,,123,,105.6
4396,7.95275,,122.778,,105.444
4397,7.95441,,122.556,,105.289
4398,7.95606,,122.333,,105.133
4399,7.95771,,122.111,,104.978
4400,7.95937,,121.889,,104.822
4401,7.96102,,121.667,,104.667
4402,7.96267,,121.444,,104.511
4403,7.96433,,121.222,,104.356
4404,7.96598,,121,,104.2
4405,7.96751,,121,,104.4
4406,7.96901,,121.25,,104.75
4407,7.97051,,121.5,,105.1
4408,7.97201,,121.75,,105.45
4409,7.97351,,122,,105.8
4410,7.97514,,121.833,,105.833
4411,7.97678,,121.667,,105.867
4412,7.97841,,121.5,,105.9
4413,7.98004,,121.333,,105.933
4414,7.98168,,121.167,,105.967
4415,7.98331,,121,,106
4416,7.98466,,121.143,,105.914
4417,7.98602,,121.286,,105.829
4418,7.98737,,121.429,,105.743
4419,7.98873,,121.571,,105.657
4420,7.99008,,121.714,,105.571
4421,7.99144,,121.857,,105.486
4422,7.99279,,122,,105.4
4423,7.99427,,121.667,,105.533
4424,7.99574,,121.333,,105.667
4425,7.99722,,121,,105.8
4426,7.9991,,121,,106.64
4427,8.00099,,121,,107.48
4428,8.00287,,121,,108.32
4429,8.00476,,121,,109.16
4430,8.00664,,121,,110
4431,8.00818,,121.75,,110
4432,8.00971,,122.5,,110
4433,8.01125,,123.25,,110
4434,8.01279,,124,,110
4435,8.01468,,124,,110.2
4436,8.01656,,124,,109.867
4437,8.01845,,124,,109.533
4438,8.02033,,124,,109.2
4439,8.0223,,123.25,,109.1
4440,8.02427,,122.5,,109
4441,8.02625,,121.75,,108.9
4442,8.02822,,121,,108.8
4443,8.02981,,121,,109.067
4444,8.03141,,121,,109.333
4445,8.033,,121,,109.6
4446,8.03451,,121.4,,109.68
4447,8.03603,,121.8,,109.76
4448,8.03754,,122.2,,109.84
4449,8.03906,,122.6,,109.92
4450,8.04057,,123,,110
4451,8.04201,,122.8,,110.04
4452,8.04345,,122.6,,110.08
4453,8.0449,,122.4,,110.12
4454,8.04634,,122.2,,110.16
4455,8.04778,,122,,110.2
4456,8.04926,,122.333,,110.911
4457,8.05073,,122.667,,111.622
4458,8.05221,,123,,112.333
4459,8.05369,,123.333,,113.044
4460,8.05516,,123.667,,113.756
4461,8.05664,,124,,114.467
4462,8.05812,,124.333,,115.178
4463,8.05959,,124.667,,115.889
4464,8.06107,,125,,116.6
4465,8.0629,,124,,117
4466,8.06451,,123,,117
4467,8.06613,,122,,117
4468,8.06774,,121,,117
4469,8.06949,,121,,117.029
4470,8.07124,,121,,117.057
4471,8.07299,,121,,117.086
4472,8.07474,,121,,117.114
4473,8.07649,,121,,117.143
4474,8.07824,,121,,117.171
4475,8.07999,,121,,117.2
4476,8.08179,,121,,116.9
4477,8.0836,,121,,116.6
4478,8.0854,,121,,116.3
4479,8.08721,,121,,116
4480,8.08901,,121,,115.7
4481,8.09081,,121,,115.4
4482,8.09262,,121,,115.1
4483,8.09442,,121,,114.8
4484,8.09623,,121,,114.5
4485,8.09803,,121,,114.2
4486,8.09918,,121,,113.6
4487,8.10048,,121.429,,113.543
4488,8.10179,,121.857,,113.486
4489,8.10309,,122.286,,113.429
4490,8.10439,,122.714,,113.371
4491,8.10569,,123.143,,113.314
4492,8.107,,123.571,,113.257
4493,8.1083,,124,,113.2
4494,8.11008,,124,,113.2
4495,8.11187,,124,,113.2
4496,8.11288,,124.1,,113.34
4497,8.11389,,124.2,,113.48
4498,8.1149,,124.3,,113.62
4499,8.11591,,124.4,,113.76
4500,8.11691,,124.5,,113.9
4501,8.11792,,124.6,,114.04
4502,8.11893,,124.7,,114.18
4503,8.11994,,124.8,,114.32
4504,8.12095,,124.9,,114.46
4505,8.12196,,125,,114.6
4506,8.12361,,124.75,,114.6
4507,8.12526,,124.5,,114.6
4508,8.12691,,124.25,,114.6
4509,8.12856,,124,,114.6
4510,8.1302,,124.167,,114.5
4511,8.13184,,124.333,,114.4
4512,8.13349,,124.5,,114.3
4513,8.13513,,124.667,,114.2
4514,8.13677,,124.833,,114.1
4515,8.13841,,125,,114
