secs,km,power,hr,cad,alt
0,0,,105,,6.11
1,0.003,,105,,6.11
2,0.00643,,106,,6.06429
3,0.0097,,106,,6.01857
4,0.01264,,105,,5.97286
5,0.01572,,103,,5.92714
6,0.01888,,103,,5.88143
7,0.02165,,102,,5.83571
8,0.02557,,100,,5.79
9,0.02863,,104,,5.75462
10,0.03155,,104,,5.71923
11,0.03429,,104,,5.68385
12,0.0363,,106,,5.64846
13,0.03722,,108,,5.61308
14,0.03798,,110,,5.57769
15,0.03848,,114,,5.54231
16,0.03998,,120,,5.50692
17,0.03998,,122,,5.47154
18,0.0416,,122,,5.43615
19,0.04365,,123,,5.40077
20,0.04566,,114,,5.36538
21,0.04843,,109,,5.33
22,0.05396,,105,,5.25545
23,0.05396,,105,,5.18091
24,0.05821,,106,,5.10636
25,0.05821,,106,,5.03182
26,0.05966,,109,,4.95727
27,0.06112,,111,,4.88273
28,0.06287,,115,,4.80818
29,0.06452,,115,,4.73364
30,0.06623,,118,,4.65909
31,0.06818,,119,,4.58455
32,0.06989,,123,,4.51
33,0.07072,,126,,4.50636
34,0.0714,,131,,4.50273
35,0.07141,,133,,4.49909
36,0.07259,,133,,4.49545
37,0.07259,,133,,4.49182
38,0.07487,,134,,4.48818
39,0.08082,,135,,4.48455
40,0.08082,,135,,4.48091
41,0.08422,,135,,4.47727
42,0.08789,,134,,4.47364
43,0.09156,,136,,4.47
44,0.09534,,138,,4.56
45,0.099,,138,,4.65
46,0.10267,,141,,4.74
47,0.10591,,139,,4.83
48,0.10912,,140,,4.92
49,0.11256,,143,,5.01
50,0.11583,,142,,5.05286
51,0.11937,,141,,5.09571
52,0.12233,,141,,5.13857
53,0.12507,,140,,5.18143
54,0.12817,,139,,5.22429
55,0.13146,,140,,5.26714
56,0.13455,,138,,5.31
57,0.1378,,137,,5.32
58,0.14127,,138,,5.33
59,0.14462,,138,,5.34
60,0.14791,,136,,5.35
61,0.15114,,139,,5.36
62,0.15444,,139,,5.37
63,0.15786,,140,,5.38
64,0.16132,,141,,5.32667
65,0.16486,,142,,5.27333
66,0.16836,,141,,5.22
67,0.1718,,140,,5.16667
68,0.17513,,141,,5.11333
69,0.17852,,142,,5.06
70,0.18192,,142,,5.00714
71,0.18508,,142,,4.95429
72,0.18832,,142,,4.90143
73,0.19139,,143,,4.84857
74,0.19436,,142,,4.79571
75,0.19742,,142,,4.74286
76,0.20062,,142,,4.69
77,0.20353,,141,,4.735
78,0.20639,,141,,4.78
79,0.20942,,141,,4.825
80,0.21253,,141,,4.87
81,0.21575,,141,,4.915
82,0.21896,,141,,4.96
83,0.22206,,142,,5.005
84,0.22482,,137,,4.98863
85,0.22741,,124,,4.97225
86,0.23011,,122,,4.95588
87,0.2328,,117,,4.9395
88,0.23569,,116,,4.92313
89,0.23852,,116,,4.90675
90,0.24138,,116,,4.89038
91,0.24409,,116,,4.874
92,0.24662,,116,,4.8605
93,0.24903,,116,,4.847
94,0.2515,,117,,4.8335
95,0.254,,117,,4.82
96,0.2567,,117,,4.8065
97,0.25975,,118,,4.793
98,0.26279,,118,,4.7795
99,0.26592,,118,,4.766
100,0.269,,118,,4.75943
101,0.27208,,119,,4.75286
102,0.27506,,121,,4.74629
103,0.278,,123,,4.73971
104,0.28119,,123,,4.73314
105,0.28438,,123,,4.72657
106,0.2873,,123,,4.72
107,0.29008,,123,,4.711
108,0.29313,,123,,4.702
109,0.29632,,123,,4.693
110,0.29933,,123,,4.684
111,0.30265,,124,,4.675
112,0.3056,,124,,4.666
113,0.30874,,124,,4.657
114,0.31122,,125,,4.63433
115,0.31443,,125,,4.61167
116,0.31781,,125,,4.589
117,0.32094,,125,,4.56633
118,0.32435,,124,,4.54367
119,0.33139,,124,,4.521
120,0.33139,,124,,4.49975
121,0.3348,,125,,4.4785
122,0.33777,,125,,4.45725
123,0.34104,,125,,4.436
124,0.34432,,125,,4.41475
125,0.34764,,125,,4.3935
126,0.35088,,126,,4.37225
127,0.35387,,126,,4.351
128,0.35708,,127,,4.324
129,0.36036,,127,,4.297
130,0.36364,,128,,4.27
131,0.367,,128,,4.243
132,0.37035,,129,,4.216
133,0.37372,,129,,4.189
134,0.3771,,129,,4.162
135,0.38063,,129,,4.13957
136,0.38401,,129,,4.11714
137,0.38724,,128,,4.09471
138,0.39036,,128,,4.07229
139,0.39672,,128,,4.04986
140,0.39672,,128,,4.02743
141,0.39992,,127,,4.005
142,0.40342,,127,,3.98417
143,0.40695,,127,,3.96333
144,0.41041,,128,,3.9425
145,0.41361,,128,,3.92167
146,0.41698,,129,,3.90083
147,0.42014,,129,,3.88
148,0.4234,,129,,3.86171
149,0.4265,,129,,3.84343
150,0.42955,,129,,3.82514
151,0.43289,,128,,3.80686
152,0.43663,,128,,3.78857
153,0.44033,,128,,3.77029
154,0.4436,,128,,3.752
155,0.44682,,128,,3.72629
156,0.45326,,128,,3.70057
157,0.45326,,128,,3.67486
158,0.45691,,128,,3.64914
159,0.46028,,128,,3.62343
160,0.46306,,128,,3.59771
161,0.46619,,128,,3.572
162,0.46945,,128,,3.55657
163,0.47253,,128,,3.54114
164,0.47576,,128,,3.52571
165,0.47916,,128,,3.51029
166,0.48238,,128,,3.49486
167,0.48598,,128,,3.47943
168,0.4892,,128,,3.464
169,0.49229,,128,,3.46657
170,0.4952,,128,,3.46914
171,0.49825,,128,,3.47171
172,0.50113,,127,,3.47429
173,0.50418,,127,,3.47686
174,0.50729,,127,,3.47943
175,0.51147,,127,,3.482
176,0.51494,,127,,3.50243
177,0.51862,,128,,3.52286
178,0.5256,,127,,3.54329
179,0.5256,,128,,3.56371
180,0.52896,,127,,3.58414
181,0.53196,,127,,3.60457
182,0.53496,,127,,3.625
183,0.53812,,127,,3.65571
184,0.54098,,127,,3.68643
185,0.54421,,128,,3.71714
186,0.5479,,128,,3.74786
187,0.55159,,128,,3.77857
188,0.55498,,128,,3.80929
189,0.55821,,129,,3.84
190,0.5615,,129,,3.87686
191,0.56449,,128,,3.91371
192,0.56759,,128,,3.95057
193,0.57073,,129,,3.98743
194,0.57393,,127,,4.02429
195,0.57738,,127,,4.06114
196,0.58097,,127,,4.098
197,0.58473,,126,,4.135
198,0.58823,,127,,4.172
199,0.59172,,127,,4.209
200,0.59497,,127,,4.246
201,0.59752,,127,,4.283
202,0.60025,,127,,4.32
203,0.60331,,127,,4.357
204,0.60632,,127,,4.38
205,0.61157,,128,,4.403
206,0.61157,,128,,4.426
207,0.61379,,128,,4.449
208,0.61595,,127,,4.472
209,0.61819,,127,,4.495
210,0.62053,,127,,4.518
211,0.62294,,126,,4.541
212,0.62573,,126,,4.564
213,0.62886,,126,,4.58714
214,0.63172,,125,,4.61029
215,0.63456,,125,,4.63343
216,0.63728,,124,,4.65657
217,0.64001,,125,,4.67971
218,0.64325,,125,,4.70286
219,0.64681,,123,,4.726
220,0.6504,,122,,4.7465
221,0.65383,,122,,4.767
222,0.65715,,122,,4.7875
223,0.66042,,121,,4.808
224,0.66401,,122,,4.8285
225,0.668,,122,,4.849
226,0.67128,,122,,4.86457
227,0.67441,,122,,4.88014
228,0.6771,,123,,4.89571
229,0.68016,,126,,4.91129
230,0.68346,,125,,4.92686
231,0.68645,,123,,4.94243
232,0.68992,,124,,4.958
233,0.69345,,124,,4.96
234,0.69733,,125,,4.962
235,0.7009,,126,,4.964
236,0.70465,,126,,4.966
237,0.70824,,126,,4.968
238,0.71155,,126,,4.97
239,0.71502,,126,,4.95767
240,0.71838,,127,,4.94533
241,0.72209,,127,,4.933
242,0.72541,,127,,4.92067
243,0.72882,,127,,4.90833
244,0.73202,,127,,4.896
245,0.73501,,127,,4.87543
246,0.73822,,127,,4.85486
247,0.74156,,127,,4.83429
248,0.74497,,127,,4.81371
249,0.74838,,127,,4.79314
250,0.75156,,126,,4.77257
251,0.75502,,126,,4.752
252,0.75766,,127,,4.72638
253,0.76042,,127,,4.70075
254,0.76338,,127,,4.67513
255,0.76645,,127,,4.6495
256,0.76976,,128,,4.62388
257,0.77275,,128,,4.59825
258,0.77568,,131,,4.57263
259,0.7786,,131,,4.547
260,0.78144,,131,,4.50771
261,0.78432,,131,,4.46843
262,0.78724,,131,,4.42914
263,0.7903,,131,,4.38986
264,0.79311,,131,,4.35057
265,0.79614,,131,,4.31129
266,0.79918,,131,,4.272
267,0.8026,,130,,4.229
268,0.80603,,130,,4.186
269,0.80933,,130,,4.143
270,0.8126,,129,,4.1
271,0.81587,,129,,4.057
272,0.81914,,129,,4.014
273,0.82209,,129,,3.971
274,0.82496,,129,,3.93229
275,0.82801,,129,,3.89357
276,0.83408,,129,,3.85486
277,0.83408,,129,,3.81614
278,0.83718,,128,,3.77743
279,0.84048,,128,,3.73871
280,0.84373,,126,,3.7
281,0.84668,,126,,3.664
282,0.85276,,126,,3.628
283,0.85276,,126,,3.592
284,0.85573,,126,,3.556
285,0.85893,,126,,3.52
286,0.86203,,126,,3.484
287,0.86524,,125,,3.448
288,0.86809,,126,,3.42188
289,0.87066,,126,,3.39575
290,0.8732,,126,,3.36963
291,0.87588,,126,,3.3435
292,0.87917,,127,,3.31738
293,0.88265,,127,,3.29125
294,0.88576,,126,,3.26513
295,0.88883,,126,,3.239
296,0.89201,,125,,3.22986
297,0.89513,,126,,3.22071
298,0.89788,,125,,3.21157
299,0.90084,,125,,3.20243
300,0.90391,,125,,3.19329
301,0.90696,,124,,3.18414
302,0.91005,,124,,3.175
303,0.91319,,125,,3.18075
304,0.91605,,126,,3.1865
305,0.91905,,126,,3.19225
306,0.92209,,127,,3.198
307,0.92513,,127,,3.20375
308,0.92791,,127,,3.2095
309,0.93078,,127,,3.21525
310,0.93366,,127,,3.221
311,0.93619,,127,,3.22788
312,0.93816,,127,,3.23475
313,0.94048,,127,,3.24163
314,0.94334,,127,,3.2485
315,0.94629,,127,,3.25538
316,0.95227,,127,,3.26225
317,0.95227,,127,,3.26913
318,0.95524,,127,,3.276
319,0.95847,,127,,3.27975
320,0.9618,,127,,3.2835
321,0.96534,,127,,3.28725
322,0.96829,,127,,3.291
323,0.97111,,127,,3.29475
324,0.97392,,127,,3.2985
325,0.97569,,126,,3.30225
326,0.97689,,127,,3.306
327,0.97732,,127,,3.31021
328,0.97732,,127,,3.31443
329,0.97732,,127,,3.31864
330,0.97782,,127,,3.32286
331,0.97782,,127,,3.32707
332,0.97791,,127,,3.33129
333,0.97885,,126,,3.3355
334,0.98145,,126,,3.33971
335,0.98398,,126,,3.34393
336,0.99002,,126,,3.34814
337,0.99002,,126,,3.35236
338,0.99301,,125,,3.35657
339,0.99571,,125,,3.36079
340,0.99854,,125,,3.365
341,1.00199,,125,,3.386
342,1.00575,,125,,3.407
343,1.00951,,125,,3.428
344,1.01319,,125,,3.449
345,1.01665,,125,,3.47
346,1.02343,,126,,3.491
347,1.02343,,126,,3.5155
348,1.02675,,126,,3.54
349,1.03289,,126,,3.5645
350,1.03289,,126,,3.589
351,1.03593,,127,,3.6135
352,1.04194,,127,,3.638
353,1.04194,,127,,3.6625
354,1.04488,,127,,3.687
355,1.04779,,127,,3.72171
356,1.0504,,127,,3.75643
357,1.0532,,127,,3.79114
358,1.05645,,127,,3.82586
359,1.05996,,127,,3.86057
360,1.06324,,127,,3.89529
361,1.0694,,129,,3.93
362,1.0694,,129,,3.96914
363,1.07237,,129,,4.00829
364,1.07901,,129,,4.04743
365,1.07901,,129,,4.08657
366,1.08329,,130,,4.12571
367,1.08753,,130,,4.16486
368,1.09161,,129,,4.204
369,1.09914,,128,,4.24571
370,1.09914,,128,,4.28743
371,1.10233,,128,,4.32914
372,1.10545,,127,,4.37086
373,1.10864,,128,,4.41257
374,1.11176,,128,,4.45429
375,1.11462,,129,,4.496
376,1.12034,,129,,4.53683
377,1.12034,,129,,4.57767
378,1.12325,,128,,4.6185
379,1.12648,,129,,4.65933
380,1.1295,,129,,4.70017
381,1.13526,,129,,4.741
382,1.13526,,129,,4.76256
383,1.1379,,128,,4.78411
384,1.14344,,128,,4.80567
385,1.14344,,128,,4.82722
386,1.14644,,127,,4.84878
387,1.15213,,127,,4.87033
388,1.15213,,127,,4.89189
389,1.15492,,127,,4.91344
390,1.16053,,127,,4.935
391,1.16053,,127,,4.95438
392,1.16331,,128,,4.97375
393,1.16967,,127,,4.99313
394,1.16967,,127,,5.0125
395,1.17303,,127,,5.03188
396,1.17629,,127,,5.05125
397,1.17938,,127,,5.07063
398,1.18527,,127,,5.09
399,1.18527,,127,,5.10663
400,1.18842,,127,,5.12325
401,1.19388,,127,,5.13988
402,1.19388,,127,,5.1565
403,1.19691,,127,,5.17313
404,1.20348,,128,,5.18975
405,1.20348,,128,,5.20638
406,1.20648,,128,,5.223
407,1.20978,,129,,5.2395
408,1.21306,,129,,5.256
409,1.21972,,129,,5.2725
410,1.21972,,129,,5.289
411,1.22273,,129,,5.3055
412,1.22842,,130,,5.322
413,1.22842,,130,,5.32422
414,1.23121,,130,,5.32644
415,1.23701,,129,,5.32867
416,1.23701,,129,,5.33089
417,1.24008,,129,,5.33311
418,1.24625,,128,,5.33533
419,1.24625,,128,,5.33756
420,1.24888,,127,,5.33978
421,1.25385,,127,,5.342
422,1.25385,,127,,5.33522
423,1.25632,,127,,5.32844
424,1.26128,,128,,5.32167
425,1.26335,,127,,5.31489
426,1.26335,,127,,5.30811
427,1.26585,,127,,5.30133
428,1.26827,,127,,5.29456
429,1.27079,,127,,5.28778
430,1.27619,,127,,5.281
431,1.27619,,127,,5.27343
432,1.27904,,127,,5.26586
433,1.28455,,128,,5.25829
434,1.28455,,128,,5.25071
435,1.28721,,128,,5.24314
436,1.29149,,127,,5.23557
437,1.29149,,127,,5.228
438,1.29265,,127,,5.22043
439,1.29265,,127,,5.21286
440,1.29293,,127,,5.20529
441,1.29409,,127,,5.19771
442,1.29665,,128,,5.19014
443,1.29665,,128,,5.18257
444,1.29823,,128,,5.175
445,1.30028,,128,,5.17243
446,1.30344,,128,,5.16986
447,1.30643,,128,,5.16729
448,1.3139,,128,,5.16471
449,1.3139,,128,,5.16214
450,1.31725,,128,,5.15957
451,1.32337,,128,,5.157
452,1.32337,,128,,5.16513
453,1.32566,,130,,5.17325
454,1.33076,,132,,5.18138
455,1.33076,,132,,5.1895
456,1.3333,,131,,5.19763
457,1.34246,,131,,5.20575
458,1.34246,,131,,5.21388
459,1.34739,,131,,5.222
460,1.35601,,130,,5.237
461,1.35601,,130,,5.252
462,1.3608,,130,,5.267
463,1.36881,,131,,5.282
464,1.36881,,131,,5.2835
465,1.3725,,131,,5.285
466,1.37914,,131,,5.2865
467,1.37914,,131,,5.288
468,1.38225,,131,,5.2895
469,1.39016,,131,,5.291
470,1.39016,,131,,5.28175
471,1.39506,,131,,5.2725
472,1.39506,,131,,5.26325
473,1.39772,,131,,5.254
474,1.4007,,130,,5.24475
475,1.4007,,130,,5.2355
476,1.4042,,130,,5.22625
477,1.41126,,130,,5.217
478,1.41126,,130,,5.194
479,1.415,,130,,5.171
480,1.42275,,130,,5.148
481,1.42275,,130,,5.125
482,1.42673,,130,,5.102
483,1.43374,,130,,5.079
484,1.43374,,130,,5.05167
485,1.43714,,133,,5.02433
486,1.44451,,135,,4.997
487,1.44451,,135,,4.96967
488,1.44787,,134,,4.94233
489,1.454,,133,,4.915
490,1.454,,133,,4.89429
491,1.45754,,133,,4.87357
492,1.46135,,133,,4.85286
493,1.46565,,133,,4.83214
494,1.47344,,134,,4.81143
495,1.47344,,134,,4.79071
496,1.4775,,134,,4.77
497,1.48409,,134,,4.75271
498,1.48409,,134,,4.73543
499,1.48707,,135,,4.71814
500,1.4931,,138,,4.70086
501,1.4931,,138,,4.68357
502,1.49688,,137,,4.66629
503,1.50459,,136,,4.649
504,1.50459,,136,,4.63614
505,1.50899,,136,,4.62329
506,1.5163,,136,,4.61043
507,1.5163,,136,,4.59757
508,1.52049,,136,,4.58471
509,1.52458,,136,,4.57186
510,1.52834,,136,,4.559
511,1.53563,,137,,4.52567
512,1.53563,,137,,4.49233
513,1.53961,,141,,4.459
514,1.54846,,142,,4.42567
515,1.54846,,142,,4.39233
516,1.55265,,144,,4.359
517,1.55668,,143,,4.305
518,1.56087,,143,,4.251
519,1.56833,,143,,4.197
520,1.56833,,143,,4.143
521,1.57148,,143,,4.089
522,1.5782,,143,,4.035
523,1.5782,,143,,3.974
524,1.58219,,142,,3.913
525,1.58586,,142,,3.852
526,1.58974,,142,,3.791
527,1.5935,,142,,3.73
528,1.60126,,141,,3.669
529,1.60126,,141,,3.63788
530,1.60435,,141,,3.60675
531,1.6125,,139,,3.57563
532,1.6125,,139,,3.5445
533,1.61619,,141,,3.51338
534,1.61922,,142,,3.48225
535,1.62161,,142,,3.45113
536,1.62379,,142,,3.42
537,1.62581,,142,,3.40822
538,1.62765,,142,,3.39644
539,1.62955,,142,,3.38467
540,1.63102,,141,,3.37289
541,1.63529,,141,,3.36111
542,1.63529,,141,,3.34933
543,1.6387,,141,,3.33756
544,1.64175,,142,,3.32578
545,1.64478,,142,,3.314
546,1.64709,,142,,3.32018
547,1.6491,,143,,3.32636
548,1.65126,,143,,3.33255
549,1.65311,,143,,3.33873
550,1.65641,,142,,3.34491
551,1.65641,,142,,3.35109
552,1.66011,,141,,3.35727
553,1.66011,,141,,3.36345
554,1.66256,,141,,3.36964
555,1.66458,,141,,3.37582
556,1.66669,,140,,3.382
557,1.67028,,140,,3.40433
558,1.67258,,140,,3.42667
559,1.67522,,140,,3.449
560,1.67765,,140,,3.47133
561,1.67975,,140,,3.49367
562,1.68178,,140,,3.516
563,1.68418,,140,,3.53833
564,1.68692,,140,,3.56067
565,1.68772,,140,,3.583
566,1.68847,,138,,3.609
567,1.68963,,138,,3.635
568,1.69157,,138,,3.661
569,1.6927,,138,,3.687
570,1.69548,,138,,3.713
571,1.69756,,136,,3.739
572,1.69964,,136,,3.765
573,1.70413,,132,,3.791
574,1.70413,,132,,3.817
575,1.70602,,133,,3.843
576,1.70924,,132,,3.869
577,1.71226,,132,,3.90633
578,1.7154,,132,,3.94367
579,1.71801,,131,,3.981
580,1.71989,,131,,4.01833
581,1.72199,,131,,4.05567
582,1.72766,,131,,4.093
583,1.72766,,131,,4.13033
584,1.72969,,129,,4.16767
585,1.73201,,129,,4.205
586,1.73698,,129,,4.25588
587,1.73698,,129,,4.30675
588,1.73952,,129,,4.35763
589,1.74201,,129,,4.4085
590,1.74485,,129,,4.45938
591,1.74757,,129,,4.51025
592,1.7504,,129,,4.56113
593,1.7531,,129,,4.612
594,1.75576,,129,,4.68613
595,1.75842,,129,,4.76025
596,1.76132,,129,,4.83438
597,1.76408,,128,,4.9085
598,1.76699,,128,,4.98263
599,1.76991,,128,,5.05675
600,1.77281,,128,,5.13088
601,1.77561,,128,,5.205
602,1.7783,,128,,5.28
603,1.78084,,128,,5.355
604,1.78308,,128,,5.43
605,1.78524,,128,,5.505
606,1.78729,,128,,5.58
607,1.78936,,128,,5.655
608,1.79169,,128,,5.73
609,1.79479,,129,,5.805
610,1.79749,,129,,5.88
611,1.80442,,129,,6.0172
612,1.80442,,129,,6.1544
613,1.80981,,129,,6.2916
614,1.81389,,129,,6.4288
615,1.81815,,129,,6.566
616,1.82558,,129,,6.64833
617,1.82558,,129,,6.73067
618,1.82943,,130,,6.813
619,1.83321,,130,,6.89533
620,1.83715,,131,,6.97767
621,1.84066,,131,,7.06
622,1.84453,,132,,7.11443
623,1.84778,,132,,7.16886
624,1.85101,,133,,7.22329
625,1.85404,,133,,7.27771
626,1.85712,,138,,7.33214
627,1.86036,,138,,7.38657
628,1.86368,,139,,7.441
629,1.86639,,140,,7.476
630,1.86883,,141,,7.511
631,1.87288,,141,,7.546
632,1.87613,,140,,7.581
633,1.87938,,140,,7.616
634,1.88294,,142,,7.651
635,1.8863,,142,,7.686
636,1.88956,,141,,7.70686
637,1.89269,,141,,7.72771
638,1.89588,,140,,7.74857
639,1.89884,,141,,7.76943
640,1.90236,,141,,7.79029
641,1.90541,,141,,7.81114
642,1.9082,,141,,7.832
643,1.91067,,141,,7.851
644,1.91346,,141,,7.87
645,1.9171,,142,,7.889
646,1.92081,,142,,7.908
647,1.92454,,141,,7.927
648,1.92797,,142,,7.946
649,1.93122,,142,,7.965
650,1.93395,,141,,7.98714
651,1.93691,,141,,8.00929
652,1.94357,,143,,8.03143
653,1.94357,,143,,8.05357
654,1.94707,,143,,8.07571
655,1.95049,,143,,8.09786
656,1.95404,,143,,8.12
657,1.95791,,142,,8.14017
658,1.96179,,142,,8.16033
659,1.96646,,142,,8.1805
660,1.97004,,142,,8.20067
661,1.97374,,141,,8.22083
662,1.97705,,141,,8.241
663,1.98031,,141,,8.24129
664,1.98359,,141,,8.24157
665,1.98682,,142,,8.24186
666,1.98971,,142,,8.24214
667,1.99593,,143,,8.24243
668,1.99593,,143,,8.24271
669,1.99897,,143,,8.243
670,2.0019,,143,,8.242
671,2.00784,,142,,8.241
672,2.00784,,142,,8.24
673,2.01075,,142,,8.239
674,2.01478,,142,,8.238
675,2.01833,,140,,8.237
676,2.02194,,140,,8.236
677,2.03032,,142,,8.2444
678,2.03032,,142,,8.2528
679,2.03429,,143,,8.2612
680,2.03966,,143,,8.2696
681,2.04353,,142,,8.278
682,2.04845,,143,,8.31267
683,2.05218,,143,,8.34733
684,2.05606,,143,,8.382
685,2.05959,,143,,8.41667
686,2.06308,,143,,8.45133
687,2.06758,,143,,8.486
688,2.07152,,143,,8.5405
689,2.07526,,143,,8.595
690,2.07883,,143,,8.6495
691,2.08545,,142,,8.704
692,2.08545,,142,,8.7585
693,2.08841,,142,,8.813
694,2.09236,,142,,8.86617
695,2.0957,,143,,8.91933
696,2.09944,,143,,8.9725
697,2.10368,,145,,9.02567
698,2.10703,,145,,9.07883
699,2.10992,,145,,9.132
700,2.11398,,145,,9.172
701,2.11697,,145,,9.212
702,2.12173,,145,,9.252
703,2.12525,,145,,9.292
704,2.12889,,145,,9.332
705,2.1326,,145,,9.372
706,2.13995,,146,,9.38543
707,2.13995,,146,,9.39886
708,2.14319,,146,,9.41229
709,2.1463,,145,,9.42571
710,2.14946,,144,,9.43914
711,2.15243,,144,,9.45257
712,2.15543,,144,,9.466
713,2.15841,,145,,9.45767
714,2.1619,,145,,9.44933
715,2.16521,,145,,9.441
716,2.16932,,145,,9.43267
717,2.17327,,145,,9.42433
718,2.17764,,146,,9.416
719,2.1828,,146,,9.3806
720,2.18675,,146,,9.3452
721,2.19061,,146,,9.3098
722,2.19441,,146,,9.2744
723,2.19808,,147,,9.239
724,2.20169,,148,,9.20871
725,2.20462,,148,,9.17843
726,2.20765,,150,,9.14814
727,2.21044,,150,,9.11786
728,2.21346,,149,,9.08757
729,2.21635,,149,,9.05729
730,2.22236,,149,,9.027
731,2.22236,,149,,8.98817
732,2.22579,,151,,8.94933
733,2.22926,,152,,8.9105
734,2.23274,,151,,8.87167
735,2.23648,,151,,8.83283
736,2.24373,,151,,8.794
737,2.24373,,151,,8.75629
738,2.24766,,152,,8.71857
739,2.25123,,152,,8.68086
740,2.25482,,152,,8.64314
741,2.25862,,152,,8.60543
742,2.26235,,153,,8.56771
743,2.26673,,153,,8.53
744,2.27087,,153,,8.47983
745,2.27443,,153,,8.42967
746,2.28201,,153,,8.3795
747,2.28201,,153,,8.32933
748,2.28569,,153,,8.27917
749,2.28883,,153,,8.229
750,2.2916,,155,,8.17129
751,2.29468,,155,,8.11357
752,2.29771,,155,,8.05586
753,2.30138,,155,,7.99814
754,2.30501,,155,,7.94043
755,2.30839,,155,,7.88271
756,2.31195,,155,,7.825
757,2.31549,,155,,7.75083
758,2.31908,,156,,7.67667
759,2.32297,,156,,7.6025
760,2.32663,,156,,7.52833
761,2.33004,,156,,7.45417
762,2.33386,,156,,7.38
763,2.33689,,156,,7.32243
764,2.33959,,156,,7.26486
765,2.3449,,154,,7.20729
766,2.3449,,154,,7.14971
767,2.34801,,154,,7.09214
768,2.35169,,155,,7.03457
769,2.35904,,155,,6.977
770,2.35904,,155,,6.93343
771,2.3627,,155,,6.88986
772,2.36652,,154,,6.84629
773,2.37426,,154,,6.80271
774,2.37426,,154,,6.75914
775,2.37818,,154,,6.71557
776,2.38173,,154,,6.672
777,2.38512,,153,,6.64943
778,2.38812,,153,,6.62686
779,2.39419,,153,,6.60429
780,2.39419,,153,,6.58171
781,2.39736,,153,,6.55914
782,2.40043,,153,,6.53657
783,2.40344,,153,,6.514
784,2.40615,,153,,6.51483
785,2.409,,152,,6.51567
786,2.41225,,152,,6.5165
787,2.41541,,153,,6.51733
788,2.41898,,153,,6.51817
789,2.42559,,154,,6.519
790,2.42559,,154,,6.52856
791,2.42848,,154,,6.53811
792,2.43131,,154,,6.54767
793,2.43693,,155,,6.55722
794,2.43693,,155,,6.56678
795,2.43958,,155,,6.57633
796,2.44255,,154,,6.58589
797,2.4459,,155,,6.59544
798,2.4493,,154,,6.605
799,2.45277,,154,,6.63283
800,2.45583,,154,,6.66067
801,2.45909,,154,,6.6885
802,2.46239,,154,,6.71633
803,2.46676,,155,,6.74417
804,2.4707,,155,,6.772
805,2.47799,,155,,6.793
806,2.47799,,155,,6.814
807,2.4819,,153,,6.835
808,2.48557,,153,,6.856
809,2.48899,,153,,6.877
810,2.49242,,154,,6.898
811,2.49599,,154,,6.91429
812,2.49903,,153,,6.93057
813,2.50214,,153,,6.94686
814,2.50798,,153,,6.96314
815,2.50798,,153,,6.97943
816,2.51069,,154,,6.99571
817,2.51382,,154,,7.012
818,2.52126,,154,,7.0266
819,2.52126,,153,,7.0412
820,2.52568,,154,,7.0558
821,2.53085,,154,,7.0704
822,2.5351,,154,,7.085
823,2.53971,,154,,7.094
824,2.54357,,154,,7.103
825,2.54816,,154,,7.112
826,2.55694,,154,,7.121
827,2.55694,,154,,7.12133
828,2.5612,,155,,7.12167
829,2.56577,,155,,7.122
830,2.57013,,155,,7.12233
831,2.57386,,155,,7.12267
832,2.57731,,155,,7.123
833,2.58427,,155,,7.124
834,2.58427,,155,,7.125
835,2.59151,,155,,7.126
836,2.59151,,155,,7.127
837,2.59554,,155,,7.128
838,2.60006,,155,,7.129
839,2.60686,,154,,7.1295
840,2.60686,,154,,7.13
841,2.60986,,154,,7.1305
842,2.6132,,154,,7.131
843,2.61694,,154,,7.1315
844,2.62206,,154,,7.132
845,2.62753,,154,,7.1292
846,2.63202,,154,,7.1264
847,2.63623,,154,,7.1236
848,2.6401,,154,,7.1208
849,2.64368,,154,,7.118
850,2.6476,,154,,7.098
851,2.65178,,154,,7.078
852,2.65688,,153,,7.058
853,2.66198,,153,,7.038
854,2.66628,,154,,7.018
855,2.6704,,154,,6.99314
856,2.6738,,154,,6.96829
857,2.6766,,154,,6.94343
858,2.68274,,155,,6.91857
859,2.68274,,155,,6.89371
860,2.6854,,155,,6.86886
861,2.688,,155,,6.844
862,2.6904,,155,,6.81283
863,2.69375,,156,,6.78167
864,2.69674,,156,,6.7505
865,2.70042,,156,,6.71933
866,2.70541,,156,,6.68817
867,2.7097,,156,,6.657
868,2.71369,,156,,6.61917
869,2.71793,,156,,6.58133
870,2.72164,,156,,6.5435
871,2.72542,,156,,6.50567
872,2.72999,,156,,6.46783
873,2.7346,,155,,6.43
874,2.73909,,155,,6.401
875,2.74357,,155,,6.372
876,2.74803,,155,,6.343
877,2.75215,,155,,6.314
878,2.76074,,154,,6.285
879,2.76074,,154,,6.28186
880,2.76567,,154,,6.27871
881,2.7698,,154,,6.27557
882,2.77356,,154,,6.27243
883,2.77712,,154,,6.26929
884,2.78087,,154,,6.26614
885,2.78538,,154,,6.263
886,2.78993,,154,,6.2716
887,2.79489,,153,,6.2802
888,2.79952,,153,,6.2888
889,2.80336,,153,,6.2974
890,2.80629,,153,,6.306
891,2.80921,,154,,6.3035
892,2.8131,,154,,6.301
893,2.81708,,154,,6.2985
894,2.8217,,154,,6.296
895,2.82591,,154,,6.2935
896,2.83035,,154,,6.291
897,2.83495,,154,,6.265
898,2.83922,,154,,6.239
899,2.84352,,154,,6.213
900,2.84757,,154,,6.187
901,2.85177,,154,,6.161
902,2.85561,,154,,6.115
903,2.85942,,154,,6.069
904,2.86317,,154,,6.023
905,2.8667,,155,,5.977
906,2.87034,,155,,5.931
907,2.87413,,155,,5.885
908,2.87802,,155,,5.82167
909,2.88182,,154,,5.75833
910,2.88584,,154,,5.695
911,2.88961,,155,,5.63167
912,2.89384,,155,,5.56833
913,2.89797,,156,,5.505
914,2.90178,,156,,5.42617
915,2.90558,,156,,5.34733
916,2.9089,,156,,5.2685
917,2.91238,,156,,5.18967
918,2.91635,,156,,5.11083
919,2.92036,,155,,5.032
920,2.92424,,155,,4.9645
921,2.92801,,156,,4.897
922,2.93183,,156,,4.8295
923,2.9396,,155,,4.762
924,2.9396,,155,,4.6945
925,2.94287,,155,,4.627
926,2.94575,,155,,4.57686
927,2.9487,,154,,4.52671
928,2.95406,,154,,4.47657
929,2.95406,,154,,4.42643
930,2.9575,,155,,4.37629
931,2.9608,,155,,4.32614
932,2.96395,,155,,4.276
933,2.97055,,155,,4.22433
934,2.97055,,155,,4.17267
935,2.97681,,154,,4.121
936,2.97681,,154,,4.06933
937,2.98074,,154,,4.01767
938,2.98441,,155,,3.966
939,2.98808,,155,,3.9156
940,2.99174,,155,,3.8652
941,2.99539,,155,,3.8148
942,2.9991,,155,,3.7644
943,3.00744,,155,,3.714
944,3.00744,,155,,3.68771
945,3.01196,,155,,3.66143
946,3.01642,,156,,3.63514
947,3.01985,,156,,3.60886
948,3.02349,,157,,3.58257
949,3.0275,,157,,3.55629
950,3.03115,,157,,3.53
951,3.03726,,156,,3.51486
952,3.03726,,156,,3.49971
953,3.04024,,156,,3.48457
954,3.04332,,156,,3.46943
955,3.04663,,156,,3.45429
956,3.05069,,156,,3.43914
957,3.05467,,156,,3.424
958,3.05836,,156,,3.424
959,3.06213,,156,,3.424
960,3.06944,,155,,3.424
961,3.06944,,155,,3.424
962,3.07335,,155,,3.424
963,3.0773,,155,,3.424
964,3.08103,,156,,3.44317
965,3.08474,,156,,3.46233
966,3.09302,,155,,3.4815
967,3.09302,,155,,3.50067
968,3.09718,,154,,3.51983
969,3.10114,,153,,3.539
970,3.10784,,154,,3.58883
971,3.10784,,155,,3.63867
972,3.11605,,154,,3.6885
973,3.11605,,153,,3.73833
974,3.1205,,153,,3.78817
975,3.12466,,153,,3.838
976,3.13216,,153,,3.90617
977,3.13216,,153,,3.97433
978,3.13556,,153,,4.0425
979,3.13922,,153,,4.11067
980,3.14244,,153,,4.17883
981,3.14581,,153,,4.247
982,3.1492,,154,,4.28875
983,3.15234,,154,,4.3305
984,3.15749,,154,,4.37225
985,3.15749,,154,,4.414
986,3.15937,,154,,4.45575
987,3.16493,,154,,4.4975
988,3.16493,,154,,4.53925
989,3.16792,,153,,4.581
990,3.17097,,154,,4.61957
991,3.17423,,154,,4.65814
992,3.18104,,154,,4.69671
993,3.18104,,154,,4.73529
994,3.18452,,154,,4.77386
995,3.18793,,154,,4.81243
996,3.19141,,154,,4.851
997,3.19476,,154,,4.87657
998,3.20145,,155,,4.90214
999,3.20145,,155,,4.92771
1000,3.20806,,156,,4.95329
1001,3.20806,,156,,4.97886
1002,3.21147,,156,,5.00443
1003,3.21492,,156,,5.03
1004,3.21881,,157,,5.0464
1005,3.22704,,157,,5.0628
1006,3.22704,,157,,5.0792
1007,3.23161,,157,,5.0956
1008,3.23597,,157,,5.112
1009,3.24024,,157,,5.1044
1010,3.24476,,157,,5.0968
1011,3.24908,,157,,5.0892
1012,3.25322,,157,,5.0816
1013,3.25759,,157,,5.074
1014,3.26171,,157,,5.05333
1015,3.26565,,157,,5.03267
1016,3.26944,,157,,5.012
1017,3.27326,,157,,4.99133
1018,3.27708,,156,,4.97067
1019,3.28045,,156,,4.95
1020,3.28849,,156,,4.9038
1021,3.28849,,156,,4.8576
1022,3.2926,,157,,4.8114
1023,3.29695,,156,,4.7652
1024,3.30113,,155,,4.719
1025,3.3053,,155,,4.6576
1026,3.30953,,154,,4.5962
1027,3.31383,,154,,4.5348
1028,3.31798,,155,,4.4734
1029,3.32201,,155,,4.412
1030,3.32567,,156,,4.34517
1031,3.32974,,156,,4.27833
1032,3.33389,,156,,4.2115
1033,3.33848,,156,,4.14467
1034,3.34289,,155,,4.07783
1035,3.34725,,155,,4.011
1036,3.35152,,155,,3.939
1037,3.35538,,155,,3.867
1038,3.35959,,155,,3.795
1039,3.36364,,155,,3.723
1040,3.36759,,155,,3.651
1041,3.37154,,155,,3.579
1042,3.38005,,155,,3.519
1043,3.38005,,155,,3.459
1044,3.3842,,155,,3.399
1045,3.38805,,155,,3.339
1046,3.39173,,155,,3.279
1047,3.39562,,155,,3.219
1048,3.39891,,157,,3.175
1049,3.40229,,157,,3.131
1050,3.40575,,157,,3.087
1051,3.40896,,157,,3.043
1052,3.41205,,157,,2.999
1053,3.4185,,157,,2.955
1054,3.4185,,157,,2.92843
1055,3.4219,,157,,2.90186
1056,3.42537,,157,,2.87529
1057,3.42858,,157,,2.84871
1058,3.43188,,157,,2.82214
1059,3.43557,,157,,2.79557
1060,3.43911,,158,,2.769
1061,3.44274,,158,,2.74443
1062,3.4461,,158,,2.71986
1063,3.44943,,158,,2.69529
1064,3.45253,,158,,2.67071
1065,3.45563,,158,,2.64614
1066,3.45902,,158,,2.62157
1067,3.46265,,158,,2.597
1068,3.46623,,158,,2.57567
1069,3.46954,,158,,2.55433
1070,3.47298,,158,,2.533
1071,3.4769,,158,,2.51167
1072,3.48106,,158,,2.49033
1073,3.48519,,158,,2.469
1074,3.48968,,158,,2.455
1075,3.49357,,159,,2.441
1076,3.49756,,159,,2.427
1077,3.50145,,159,,2.413
1078,3.50509,,159,,2.399
1079,3.50837,,159,,2.385
1080,3.51199,,159,,2.37567
1081,3.5157,,160,,2.36633
1082,3.5196,,160,,2.357
1083,3.52749,,160,,2.34767
1084,3.52749,,160,,2.33833
1085,3.53143,,160,,2.329
1086,3.53514,,158,,2.3275
1087,3.53848,,156,,2.326
1088,3.54174,,156,,2.3245
1089,3.54489,,157,,2.323
1090,3.54757,,157,,2.3215
1091,3.55501,,157,,2.32
1092,3.55501,,157,,2.31438
1093,3.55835,,157,,2.30875
1094,3.56133,,157,,2.30313
1095,3.5648,,157,,2.2975
1096,3.56812,,158,,2.29188
1097,3.57117,,158,,2.28625
1098,3.57389,,157,,2.28063
1099,3.57605,,157,,2.275
1100,3.58019,,157,,2.2734
1101,3.58019,,157,,2.2718
1102,3.58219,,156,,2.2702
1103,3.58388,,156,,2.2686
1104,3.58584,,156,,2.267
1105,3.5879,,155,,2.2654
1106,3.5902,,155,,2.2638
1107,3.5949,,155,,2.2622
1108,3.5949,,155,,2.2606
1109,3.59994,,155,,2.259
1110,3.59994,,155,,2.25825
1111,3.60312,,156,,2.2575
1112,3.6063,,156,,2.25675
1113,3.61194,,156,,2.256
1114,3.61194,,156,,2.25525
1115,3.61459,,156,,2.2545
1116,3.61736,,156,,2.25375
1117,3.62024,,156,,2.253
1118,3.6266,,156,,2.25043
1119,3.6266,,156,,2.24786
1120,3.6339,,156,,2.24529
1121,3.6339,,156,,2.24271
1122,3.63743,,156,,2.24014
1123,3.64022,,157,,2.23757
1124,3.6433,,157,,2.235
1125,3.64944,,157,,2.24371
1126,3.64944,,157,,2.25243
1127,3.65237,,157,,2.26114
1128,3.65525,,157,,2.26986
1129,3.65823,,156,,2.27857
1130,3.66279,,157,,2.28729
1131,3.66635,,157,,2.296
1132,3.66988,,158,,2.3338
1133,3.67475,,158,,2.3716
1134,3.68127,,158,,2.4094
1135,3.68644,,158,,2.4472
1136,3.69137,,158,,2.485
1137,3.69577,,158,,2.5448
1138,3.7,,157,,2.6046
1139,3.70395,,157,,2.6644
1140,3.70861,,156,,2.7242
1141,3.71368,,156,,2.784
1142,3.71829,,156,,2.8552
1143,3.72276,,156,,2.9264
1144,3.72717,,156,,2.9976
1145,3.73127,,157,,3.0688
1146,3.7351,,157,,3.14
1147,3.7388,,157,,3.2025
1148,3.74599,,157,,3.265
1149,3.74599,,157,,3.3275
1150,3.74949,,157,,3.39
1151,3.75309,,157,,3.4525
1152,3.75644,,156,,3.515
1153,3.75928,,156,,3.56943
1154,3.76472,,155,,3.62386
1155,3.76472,,155,,3.67829
1156,3.76738,,155,,3.73271
1157,3.77,,156,,3.78714
1158,3.77324,,156,,3.84157
1159,3.78158,,156,,3.896
1160,3.78158,,156,,3.95614
1161,3.78524,,156,,4.01629
1162,3.78882,,156,,4.07643
1163,3.79237,,156,,4.13657
1164,3.7957,,155,,4.19671
1165,3.79947,,155,,4.25686
1166,3.80688,,155,,4.317
1167,3.80688,,155,,4.36988
1168,3.81038,,155,,4.42275
1169,3.81377,,155,,4.47563
1170,3.81678,,155,,4.5285
1171,3.82002,,155,,4.58138
1172,3.82308,,157,,4.63425
1173,3.82632,,157,,4.68713
1174,3.8294,,156,,4.74
1175,3.83281,,156,,4.81
1176,3.8364,,156,,4.88
1177,3.8399,,156,,4.95
1178,3.84376,,157,,5.02
1179,3.84781,,157,,5.09
1180,3.85187,,157,,5.16
1181,3.85593,,157,,5.2548
1182,3.85993,,157,,5.3496
1183,3.8646,,157,,5.4444
1184,3.86867,,157,,5.5392
1185,3.87297,,156,,5.634
1186,3.87697,,157,,5.7224
1187,3.8814,,157,,5.8108
1188,3.88636,,157,,5.8992
1189,3.8905,,156,,5.9876
1190,3.89396,,156,,6.076
1191,3.89921,,157,,6.1494
1192,3.90376,,157,,6.2228
1193,3.90802,,157,,6.2962
1194,3.91202,,157,,6.3696
1195,3.91601,,156,,6.443
1196,3.91979,,156,,6.5016
1197,3.92372,,157,,6.5602
1198,3.92764,,157,,6.6188
1199,3.93422,,155,,6.6774
1200,3.93864,,155,,6.736
1201,3.94689,,154,,6.791
1202,3.94689,,154,,6.846
1203,3.95105,,155,,6.901
1204,3.95516,,155,,6.956
1205,3.95948,,155,,7.011
1206,3.96418,,155,,7.0846
1207,3.96864,,155,,7.1582
1208,3.97351,,156,,7.2318
1209,3.97772,,156,,7.3054
1210,3.98162,,156,,7.379
1211,3.98897,,155,,7.4622
1212,3.98897,,155,,7.5454
1213,3.99289,,155,,7.6286
1214,3.99719,,154,,7.7118
1215,4.00264,,153,,7.795
1216,4.00685,,153,,7.8578
1217,4.01623,,155,,7.9206
1218,4.01623,,155,,7.9834
1219,4.02074,,155,,8.0462
1220,4.02481,,155,,8.109
1221,4.02835,,154,,8.13729
1222,4.03233,,154,,8.16557
1223,4.03603,,154,,8.19386
1224,4.03935,,154,,8.22214
1225,4.04231,,154,,8.25043
1226,4.04493,,154,,8.27871
1227,4.05069,,154,,8.307
1228,4.05069,,154,,8.322
1229,4.0541,,154,,8.337
1230,4.057,,154,,8.352
1231,4.06005,,154,,8.367
1232,4.06324,,155,,8.382
1233,4.06666,,155,,8.397
1234,4.07255,,154,,8.412
1235,4.07255,,154,,8.40913
1236,4.07818,,154,,8.40625
1237,4.07818,,154,,8.40338
1238,4.08171,,154,,8.4005
1239,4.08496,,154,,8.39763
1240,4.08847,,154,,8.39475
1241,4.09192,,154,,8.39188
1242,4.09782,,154,,8.389
1243,4.09782,,154,,8.38488
1244,4.10068,,154,,8.38075
1245,4.10402,,154,,8.37663
1246,4.10698,,154,,8.3725
1247,4.10967,,154,,8.36838
1248,4.11306,,155,,8.36425
1249,4.11652,,155,,8.36013
1250,4.12243,,156,,8.356
1251,4.12243,,156,,8.35417
1252,4.12613,,156,,8.35233
1253,4.13032,,155,,8.3505
1254,4.13565,,155,,8.34867
1255,4.1406,,156,,8.34683
1256,4.14501,,156,,8.345
1257,4.14935,,156,,8.349
1258,4.15491,,156,,8.353
1259,4.15897,,155,,8.357
1260,4.16255,,155,,8.361
1261,4.17033,,155,,8.365
1262,4.17033,,155,,8.37129
1263,4.17473,,156,,8.37757
1264,4.17865,,157,,8.38386
1265,4.18263,,158,,8.39014
1266,4.18617,,158,,8.39643
1267,4.18997,,158,,8.40271
1268,4.19368,,157,,8.409
1269,4.19728,,157,,8.41067
1270,4.20491,,156,,8.41233
1271,4.20491,,156,,8.414
1272,4.20905,,157,,8.41567
1273,4.21283,,157,,8.41733
1274,4.2163,,157,,8.419
1275,4.22009,,157,,8.41883
1276,4.22345,,157,,8.41867
1277,4.23103,,156,,8.4185
1278,4.23103,,156,,8.41833
1279,4.23539,,155,,8.41817
1280,4.23933,,155,,8.418
1281,4.24348,,154,,8.4506
1282,4.24917,,154,,8.4832
1283,4.25292,,154,,8.5158
1284,4.25659,,154,,8.5484
1285,4.26349,,154,,8.581
1286,4.26349,,154,,8.621
1287,4.26696,,154,,8.661
1288,4.27061,,155,,8.701
1289,4.27388,,155,,8.741
1290,4.27722,,154,,8.781
1291,4.28059,,154,,8.821
1292,4.28431,,153,,8.861
1293,4.28833,,153,,8.89571
1294,4.29539,,152,,8.93043
1295,4.29539,,152,,8.96514
1296,4.29856,,153,,8.99986
1297,4.30129,,153,,9.03457
1298,4.30374,,152,,9.06929
1299,4.30633,,152,,9.104
1300,4.30916,,151,,9.13617
1301,4.31198,,151,,9.16833
1302,4.31577,,152,,9.2005
1303,4.31996,,152,,9.23267
1304,4.32346,,152,,9.26483
1305,4.32708,,152,,9.297
1306,4.33073,,152,,9.30357
1307,4.33418,,152,,9.31014
1308,4.3374,,152,,9.31671
1309,4.34458,,152,,9.32329
1310,4.34458,,152,,9.32986
1311,4.34796,,152,,9.33643
1312,4.35187,,153,,9.343
1313,4.35545,,153,,9.3238
1314,4.35953,,154,,9.3046
1315,4.36533,,154,,9.2854
1316,4.36992,,154,,9.2662
1317,4.37413,,154,,9.247
1318,4.38161,,154,,9.21783
1319,4.38161,,154,,9.18867
1320,4.38519,,153,,9.1595
1321,4.38835,,154,,9.13033
1322,4.39152,,153,,9.10117
1323,4.39826,,154,,9.072
1324,4.39826,,154,,9.04462
1325,4.40108,,154,,9.01725
1326,4.40403,,154,,8.98987
1327,4.40672,,155,,8.9625
1328,4.40941,,155,,8.93512
1329,4.4123,,155,,8.90775
1330,4.41513,,155,,8.88037
1331,4.42124,,155,,8.853
1332,4.42124,,155,,8.82362
1333,4.42432,,155,,8.79425
1334,4.42753,,156,,8.76487
1335,4.43069,,157,,8.7355
1336,4.43383,,157,,8.70613
1337,4.43712,,157,,8.67675
1338,4.44018,,157,,8.64738
1339,4.44302,,157,,8.618
1340,4.44583,,157,,8.574
1341,4.45379,,158,,8.53
1342,4.45379,,158,,8.486
1343,4.45746,,157,,8.442
1344,4.4609,,157,,8.398
1345,4.46412,,157,,8.354
1346,4.47056,,156,,8.30843
1347,4.47056,,156,,8.26286
1348,4.47378,,156,,8.21729
1349,4.47678,,155,,8.17171
1350,4.48284,,156,,8.12614
1351,4.48284,,156,,8.08057
1352,4.48581,,156,,8.035
1353,4.48954,,156,,7.96783
1354,4.49636,,156,,7.90067
1355,4.49636,,156,,7.8335
1356,4.49962,,154,,7.76633
1357,4.50313,,154,,7.69917
1358,4.50676,,154,,7.632
1359,4.50973,,153,,7.57886
1360,4.51359,,154,,7.52571
1361,4.51675,,154,,7.47257
1362,4.51949,,154,,7.41943
1363,4.52234,,154,,7.36629
1364,4.52527,,153,,7.31314
1365,4.52835,,153,,7.26
1366,4.53171,,154,,7.20933
1367,4.53527,,154,,7.15867
1368,4.53855,,155,,7.108
1369,4.54183,,155,,7.05733
1370,4.54553,,154,,7.00667
1371,4.54923,,154,,6.956
1372,4.55321,,155,,6.91917
1373,4.55693,,155,,6.88233
1374,4.56079,,157,,6.8455
1375,4.56411,,157,,6.80867
1376,4.56706,,157,,6.77183
1377,4.57008,,157,,6.735
1378,4.57288,,156,,6.72813
1379,4.57585,,156,,6.72125
1380,4.57869,,156,,6.71438
1381,4.58155,,154,,6.7075
1382,4.58448,,156,,6.70063
1383,4.58759,,156,,6.69375
1384,4.59071,,156,,6.68688
1385,4.59412,,156,,6.68
1386,4.59724,,156,,6.68771
1387,4.60063,,157,,6.69543
1388,4.60763,,156,,6.70314
1389,4.60763,,156,,6.71086
1390,4.61083,,157,,6.71857
1391,4.61357,,156,,6.72629
1392,4.61615,,156,,6.734
1393,4.62165,,156,,6.75325
1394,4.62165,,156,,6.7725
1395,4.62425,,156,,6.79175
1396,4.62697,,156,,6.811
1397,4.62968,,156,,6.83025
1398,4.636,,157,,6.8495
1399,4.636,,157,,6.86875
1400,4.63915,,156,,6.888
1401,4.64222,,156,,6.91038
1402,4.6458,,156,,6.93275
1403,4.64898,,156,,6.95513
1404,4.6517,,156,,6.9775
1405,4.65402,,156,,6.99988
1406,4.65632,,156,,7.02225
1407,4.65958,,155,,7.04463
1408,4.6631,,155,,7.067
1409,4.667,,155,,7.083
1410,4.67072,,155,,7.099
1411,4.674,,154,,7.115
1412,4.67731,,154,,7.131
1413,4.68054,,154,,7.147
1414,4.68379,,154,,7.163
1415,4.68746,,154,,7.179
1416,4.69152,,154,,7.18367
1417,4.69499,,155,,7.18833
1418,4.69841,,155,,7.193
1419,4.70654,,155,,7.19767
1420,4.70654,,155,,7.20233
1421,4.71051,,155,,7.207
1422,4.71461,,155,,7.1966
1423,4.72382,,155,,7.1862
1424,4.72382,,155,,7.1758
1425,4.72789,,154,,7.1654
1426,4.73142,,154,,7.155
1427,4.7348,,155,,7.14586
1428,4.73791,,155,,7.13671
1429,4.74413,,154,,7.12757
1430,4.74413,,154,,7.11843
1431,4.74723,,155,,7.10929
1432,4.75073,,155,,7.10014
1433,4.75488,,155,,7.091
1434,4.75915,,155,,7.084
1435,4.76242,,154,,7.077
1436,4.76805,,154,,7.07
1437,4.77149,,155,,7.063
1438,4.77538,,155,,7.056
1439,4.77938,,157,,7.0604
1440,4.78354,,157,,7.0648
1441,4.78733,,156,,7.0692
1442,4.79083,,156,,7.0736
1443,4.79622,,154,,7.078
1444,4.80186,,154,,7.0814
1445,4.80778,,153,,7.0848
1446,4.81242,,153,,7.0882
1447,4.81636,,154,,7.0916
1448,4.82045,,154,,7.095
1449,4.82466,,154,,7.0938
1450,4.82884,,154,,7.0926
1451,4.83365,,154,,7.0914
1452,4.83834,,154,,7.0902
1453,4.84279,,154,,7.089
1454,4.84684,,154,,7.06814
1455,4.85009,,153,,7.04729
1456,4.85321,,153,,7.02643
1457,4.86002,,153,,7.00557
1458,4.86002,,153,,6.98471
1459,4.86292,,153,,6.96386
1460,4.86588,,154,,6.943
1461,4.86853,,154,,6.90986
1462,4.87302,,153,,6.87671
1463,4.87302,,153,,6.84357
1464,4.87685,,153,,6.81043
1465,4.88446,,153,,6.77729
1466,4.88446,,153,,6.74414
1467,4.88805,,153,,6.711
1468,4.89171,,153,,6.67617
1469,4.89492,,153,,6.64133
1470,4.90216,,154,,6.6065
1471,4.90216,,154,,6.57167
1472,4.90591,,154,,6.53683
1473,4.91597,,154,,6.502
1474,4.91597,,154,,6.484
1475,4.92035,,154,,6.466
1476,4.92343,,155,,6.448
1477,4.9271,,155,,6.43
1478,4.93109,,155,,6.412
1479,4.93501,,156,,6.394
1480,4.93879,,156,,6.376
1481,4.94286,,156,,6.3698
1482,4.94675,,156,,6.3636
1483,4.95188,,156,,6.3574
1484,4.95552,,155,,6.3512
1485,4.95916,,155,,6.345
1486,4.96279,,155,,6.35167
1487,4.96642,,155,,6.35833
1488,4.97085,,156,,6.365
1489,4.97496,,156,,6.37167
1490,4.97849,,156,,6.37833
1491,4.98183,,156,,6.385
1492,4.98547,,155,,6.38067
1493,4.98951,,155,,6.37633
1494,4.9936,,155,,6.372
1495,4.99785,,155,,6.36767
1496,5.00174,,155,,6.36333
1497,5.00606,,155,,6.359
1498,5.01022,,155,,6.33267
1499,5.01404,,155,,6.30633
1500,5.01781,,155,,6.28
1501,5.02129,,155,,6.25367
1502,5.02466,,155,,6.22733
1503,5.03195,,155,,6.201
1504,5.03195,,155,,6.15743
1505,5.03511,,155,,6.11386
1506,5.03844,,155,,6.07029
1507,5.04204,,156,,6.02671
1508,5.04583,,156,,5.98314
1509,5.04998,,156,,5.93957
1510,5.05416,,156,,5.896
1511,5.05807,,156,,5.81817
1512,5.06218,,156,,5.74033
1513,5.0664,,156,,5.6625
1514,5.07048,,156,,5.58467
1515,5.0744,,156,,5.50683
1516,5.07807,,156,,5.429
1517,5.08165,,156,,5.352
1518,5.08494,,156,,5.275
1519,5.08862,,156,,5.198
1520,5.0923,,157,,5.121
1521,5.09594,,157,,5.044
1522,5.10001,,157,,4.967
1523,5.10396,,157,,4.90033
1524,5.10737,,157,,4.83367
1525,5.11123,,157,,4.767
1526,5.11519,,157,,4.70033
1527,5.11843,,157,,4.63367
1528,5.12187,,156,,4.567
1529,5.12519,,158,,4.51557
1530,5.12849,,158,,4.46414
1531,5.1324,,158,,4.41271
1532,5.1358,,158,,4.36129
1533,5.13867,,157,,4.30986
1534,5.14158,,157,,4.25843
1535,5.14539,,157,,4.207
1536,5.14851,,157,,4.156
1537,5.15178,,157,,4.105
1538,5.15519,,157,,4.054
1539,5.15902,,158,,4.003
1540,5.16384,,158,,3.952
1541,5.16748,,157,,3.901
1542,5.17169,,157,,3.8568
1543,5.17533,,157,,3.8126
1544,5.17986,,157,,3.7684
1545,5.18401,,157,,3.7242
1546,5.18836,,157,,3.68
1547,5.19224,,157,,3.64667
1548,5.19627,,158,,3.61333
1549,5.19996,,158,,3.58
1550,5.20334,,157,,3.54667
1551,5.20683,,157,,3.51333
1552,5.20992,,157,,3.48
1553,5.21342,,157,,3.465
1554,5.21646,,157,,3.45
1555,5.22002,,157,,3.435
1556,5.22344,,157,,3.42
1557,5.22719,,156,,3.405
1558,5.23091,,156,,3.39
1559,5.23439,,156,,3.39167
1560,5.23772,,156,,3.39333
1561,5.24119,,157,,3.395
1562,5.24477,,157,,3.39667
1563,5.2491,,157,,3.39833
1564,5.25279,,157,,3.4
1565,5.25674,,157,,3.426
1566,5.26124,,156,,3.452
1567,5.26478,,156,,3.478
1568,5.26871,,156,,3.504
1569,5.27292,,156,,3.53
1570,5.27711,,155,,3.556
1571,5.28093,,155,,3.61367
1572,5.28454,,155,,3.67133
1573,5.2883,,155,,3.729
1574,5.29598,,155,,3.78667
1575,5.29598,,155,,3.84433
1576,5.29928,,155,,3.902
1577,5.30273,,155,,3.97117
1578,5.30577,,155,,4.04033
1579,5.30931,,155,,4.1095
1580,5.31299,,155,,4.17867
1581,5.31671,,155,,4.24783
1582,5.32076,,155,,4.317
1583,5.32457,,155,,4.36543
1584,5.32852,,155,,4.41386
1585,5.33186,,155,,4.46229
1586,5.33495,,155,,4.51071
1587,5.33782,,154,,4.55914
1588,5.34052,,154,,4.60757
1589,5.34643,,154,,4.656
1590,5.34643,,154,,4.69543
1591,5.34993,,154,,4.73486
1592,5.35356,,153,,4.77429
1593,5.35729,,153,,4.81371
1594,5.36098,,153,,4.85314
1595,5.36479,,154,,4.89257
1596,5.36844,,154,,4.932
1597,5.37224,,154,,4.95833
1598,5.37589,,154,,4.98467
1599,5.37966,,155,,5.011
1600,5.38339,,155,,5.03733
1601,5.38734,,155,,5.06367
1602,5.39078,,155,,5.09
1603,5.39444,,156,,5.1028
1604,5.39776,,156,,5.1156
1605,5.40495,,156,,5.1284
1606,5.40495,,156,,5.1412
1607,5.41335,,157,,5.154
1608,5.41335,,157,,5.15514
1609,5.41772,,156,,5.15629
1610,5.42215,,156,,5.15743
1611,5.42618,,156,,5.15857
1612,5.43008,,156,,5.15971
1613,5.43382,,158,,5.16086
1614,5.43779,,158,,5.162
1615,5.44128,,157,,5.1384
1616,5.44492,,157,,5.1148
1617,5.44867,,157,,5.0912
1618,5.4522,,157,,5.0676
1619,5.45984,,157,,5.044
1620,5.45984,,157,,5.01443
1621,5.46373,,157,,4.98486
1622,5.46785,,157,,4.95529
1623,5.47218,,156,,4.92571
1624,5.47609,,156,,4.89614
1625,5.47982,,156,,4.86657
1626,5.48387,,156,,4.837
1627,5.48763,,155,,4.78467
1628,5.49125,,153,,4.73233
1629,5.49494,,154,,4.68
1630,5.49889,,154,,4.62767
1631,5.5027,,154,,4.57533
1632,5.50661,,154,,4.523
1633,5.51035,,153,,4.45567
1634,5.51426,,154,,4.38833
1635,5.51811,,153,,4.321
1636,5.52193,,153,,4.25367
1637,5.52578,,154,,4.18633
1638,5.52964,,154,,4.119
1639,5.53371,,153,,4.03
1640,5.53761,,153,,3.941
1641,5.5417,,152,,3.852
1642,5.54606,,153,,3.763
1643,5.55025,,153,,3.674
1644,5.55425,,154,,3.61233
1645,5.55824,,154,,3.55067
1646,5.56215,,154,,3.489
1647,5.56599,,154,,3.42733
1648,5.56982,,153,,3.36567
1649,5.57325,,153,,3.304
1650,5.57667,,154,,3.26457
1651,5.58017,,154,,3.22514
1652,5.58364,,153,,3.18571
1653,5.58691,,153,,3.14629
1654,5.59023,,154,,3.10686
1655,5.59359,,154,,3.06743
1656,5.5969,,154,,3.028
1657,5.60026,,154,,2.99583
1658,5.60365,,154,,2.96367
1659,5.60708,,153,,2.9315
1660,5.61036,,154,,2.89933
1661,5.61375,,154,,2.86717
1662,5.61746,,154,,2.835
1663,5.6209,,154,,2.80943
1664,5.62804,,154,,2.78386
1665,5.62804,,154,,2.75829
1666,5.63157,,155,,2.73271
1667,5.6347,,156,,2.70714
1668,5.6379,,156,,2.68157
1669,5.64124,,156,,2.656
1670,5.64427,,156,,2.63414
1671,5.64731,,156,,2.61229
1672,5.65027,,156,,2.59043
1673,5.65356,,156,,2.56857
1674,5.65716,,155,,2.54671
1675,5.66079,,155,,2.52486
1676,5.66429,,156,,2.503
1677,5.6681,,157,,2.49
1678,5.67147,,157,,2.477
1679,5.67452,,157,,2.464
1680,5.67775,,157,,2.451
1681,5.68091,,157,,2.438
1682,5.68426,,154,,2.425
1683,5.68754,,154,,2.412
1684,5.69035,,155,,2.415
1685,5.6931,,155,,2.418
1686,5.69612,,155,,2.421
1687,5.69939,,155,,2.424
1688,5.70276,,155,,2.427
1689,5.70602,,155,,2.43
1690,5.71259,,155,,2.433
1691,5.71259,,155,,2.431
1692,5.7159,,155,,2.429
1693,5.71928,,155,,2.427
1694,5.7226,,155,,2.425
1695,5.72592,,155,,2.423
1696,5.72928,,155,,2.421
1697,5.73293,,155,,2.419
1698,5.73692,,156,,2.417
1699,5.74106,,156,,2.41033
1700,5.74492,,156,,2.40367
1701,5.74867,,155,,2.397
1702,5.7523,,155,,2.39033
1703,5.7557,,155,,2.38367
1704,5.75899,,156,,2.377
1705,5.76204,,155,,2.37438
1706,5.76479,,155,,2.37175
1707,5.76782,,155,,2.36913
1708,5.77055,,156,,2.3665
1709,5.77317,,156,,2.36388
1710,5.77579,,156,,2.36125
1711,5.77859,,155,,2.35863
1712,5.78163,,155,,2.356
1713,5.78486,,155,,2.348
1714,5.78813,,155,,2.34
1715,5.79146,,155,,2.332
1716,5.79549,,155,,2.324
1717,5.79933,,155,,2.316
1718,5.80356,,155,,2.308
1719,5.80714,,156,,2.305
1720,5.81059,,155,,2.302
1721,5.8146,,155,,2.299
1722,5.81861,,155,,2.296
1723,5.82226,,155,,2.293
1724,5.82586,,156,,2.29
1725,5.83008,,156,,2.3016
1726,5.83451,,156,,2.3132
1727,5.83884,,156,,2.3248
1728,5.84291,,156,,2.3364
1729,5.84694,,156,,2.348
1730,5.85099,,156,,2.37917
1731,5.85525,,155,,2.41033
1732,5.85929,,155,,2.4415
1733,5.86307,,156,,2.47267
1734,5.86671,,156,,2.50383
1735,5.87017,,156,,2.535
1736,5.87384,,156,,2.58157
1737,5.8774,,156,,2.62814
1738,5.88094,,156,,2.67471
1739,5.88229,,155,,2.72129
1740,5.88562,,155,,2.76786
1741,5.88881,,155,,2.81443
1742,5.89209,,155,,2.861
1743,5.8954,,155,,2.919
1744,5.89878,,155,,2.977
1745,5.90229,,155,,3.035
1746,5.90566,,155,,3.093
1747,5.90947,,156,,3.151
1748,5.91312,,156,,3.209
1749,5.91695,,156,,3.25667
1750,5.92102,,156,,3.30433
1751,5.92448,,156,,3.352
1752,5.92772,,155,,3.39967
1753,5.931,,155,,3.44733
1754,5.93407,,155,,3.495
1755,5.93708,,154,,3.54571
1756,5.94004,,154,,3.59643
1757,5.94317,,154,,3.64714
1758,5.94659,,154,,3.69786
1759,5.9498,,153,,3.74857
1760,5.95313,,154,,3.79929
1761,5.95653,,155,,3.85
1762,5.96015,,155,,3.91817
1763,5.96418,,156,,3.98633
1764,5.96798,,156,,4.0545
1765,5.97176,,155,,4.12267
1766,5.97524,,155,,4.19083
1767,5.9786,,155,,4.259
1768,5.98182,,155,,4.31614
1769,5.98475,,155,,4.37329
1770,5.98779,,155,,4.43043
1771,5.99375,,155,,4.48757
1772,5.99375,,155,,4.54471
1773,5.99706,,155,,4.60186
1774,6.00038,,155,,4.659
1775,6.00386,,156,,4.7512
1776,6.00745,,156,,4.8434
1777,6.01226,,156,,4.9356
1778,6.01678,,156,,5.0278
1779,6.02127,,156,,5.12
1780,6.02606,,157,,5.2054
1781,6.03097,,157,,5.2908
1782,6.03528,,156,,5.3762
1783,6.0394,,156,,5.4616
1784,6.0432,,156,,5.547
1785,6.04727,,156,,5.61883
1786,6.05116,,157,,5.69067
1787,6.05502,,157,,5.7625
1788,6.05896,,157,,5.83433
1789,6.06288,,157,,5.90617
1790,6.06666,,157,,5.978
1791,6.07053,,156,,6.053
1792,6.07423,,156,,6.128
1793,6.07922,,157,,6.203
1794,6.08379,,158,,6.278
1795,6.08862,,158,,6.353
1796,6.0934,,157,,6.4034
1797,6.09778,,157,,6.4538
1798,6.10214,,158,,6.5042
1799,6.10678,,158,,6.5546
1800,6.11152,,157,,6.605
1801,6.11625,,158,,6.6608
1802,6.12073,,157,,6.7166
1803,6.12504,,157,,6.7724
1804,6.12917,,158,,6.8282
1805,6.13359,,158,,6.884
1806,6.13808,,157,,6.94567
1807,6.14154,,157,,7.00733
1808,6.14552,,158,,7.069
1809,6.14935,,158,,7.13067
1810,6.15351,,159,,7.19233
1811,6.15735,,158,,7.254
1812,6.16089,,158,,7.327
1813,6.16466,,158,,7.4
1814,6.1683,,158,,7.473
1815,6.17166,,158,,7.546
1816,6.17487,,158,,7.619
1817,6.17821,,158,,7.692
1818,6.18209,,158,,7.74367
1819,6.18585,,158,,7.79533
1820,6.19066,,158,,7.847
1821,6.19471,,158,,7.89867
1822,6.19855,,158,,7.95033
1823,6.20295,,158,,8.002
1824,6.2068,,159,,8.0458
1825,6.21205,,159,,8.0896
1826,6.21588,,158,,8.1334
1827,6.21956,,158,,8.1772
1828,6.22314,,158,,8.221
1829,6.22631,,158,,8.2385
1830,6.22949,,159,,8.256
1831,6.23356,,159,,8.2735
1832,6.23744,,160,,8.291
1833,6.24145,,160,,8.3085
1834,6.24576,,161,,8.326
1835,6.24968,,161,,8.3308
1836,6.25361,,160,,8.3356
1837,6.25723,,160,,8.3404
1838,6.26074,,160,,8.3452
1839,6.26758,,160,,8.35
1840,6.26758,,160,,8.34488
1841,6.27101,,160,,8.33975
1842,6.27486,,160,,8.33463
1843,6.27828,,160,,8.3295
1844,6.28153,,160,,8.32438
1845,6.28457,,160,,8.31925
1846,6.28766,,159,,8.31413
1847,6.29086,,159,,8.309
1848,6.2942,,159,,8.30267
1849,6.2978,,159,,8.29633
1850,6.3014,,159,,8.29
1851,6.305,,159,,8.28367
1852,6.30861,,159,,8.27733
1853,6.31264,,159,,8.271
1854,6.31644,,160,,8.27317
1855,6.31992,,160,,8.27533
1856,6.32352,,160,,8.2775
1857,6.32688,,160,,8.27967
1858,6.33019,,159,,8.28183
1859,6.33376,,159,,8.284
1860,6.3372,,160,,8.28783
1861,6.34067,,160,,8.29167
1862,6.3441,,160,,8.2955
1863,6.34794,,160,,8.29933
1864,6.35159,,160,,8.30317
1865,6.3548,,160,,8.307
1866,6.35799,,160,,8.3014
1867,6.36116,,160,,8.2958
1868,6.36427,,160,,8.2902
1869,6.36785,,160,,8.2846
1870,6.37565,,160,,8.279
1871,6.37565,,160,,8.27114
1872,6.37919,,160,,8.26329
1873,6.3831,,160,,8.25543
1874,6.38672,,160,,8.24757
1875,6.38976,,161,,8.23971
1876,6.39332,,161,,8.23186
1877,6.39741,,161,,8.224
1878,6.40097,,161,,8.23967
1879,6.4051,,161,,8.25533
1880,6.40881,,161,,8.271
1881,6.41773,,161,,8.28667
1882,6.41773,,161,,8.30233
1883,6.4209,,161,,8.318
1884,6.42438,,160,,8.35617
1885,6.42852,,160,,8.39433
1886,6.43179,,160,,8.4325
1887,6.43525,,161,,8.47067
1888,6.43915,,160,,8.50883
1889,6.44292,,159,,8.547
1890,6.44669,,159,,8.6154
1891,6.45064,,160,,8.6838
1892,6.45566,,160,,8.7522
1893,6.45972,,159,,8.8206
1894,6.46326,,159,,8.889
1895,6.46686,,159,,8.93817
1896,6.47065,,159,,8.98733
1897,6.47464,,159,,9.0365
1898,6.47852,,159,,9.08567
1899,6.48246,,159,,9.13483
1900,6.48636,,159,,9.184
1901,6.48987,,159,,9.212
1902,6.49429,,160,,9.24
1903,6.49793,,160,,9.268
1904,6.50168,,160,,9.296
1905,6.50531,,160,,9.324
1906,6.50891,,160,,9.352
1907,6.51531,,160,,9.35486
1908,6.51531,,160,,9.35771
1909,6.51842,,160,,9.36057
1910,6.52165,,160,,9.36343
1911,6.5249,,160,,9.36629
1912,6.52829,,160,,9.36914
1913,6.53218,,160,,9.372
1914,6.53613,,160,,9.34617
1915,6.54018,,160,,9.32033
1916,6.54522,,160,,9.2945
1917,6.54945,,160,,9.26867
1918,6.55284,,160,,9.24283
1919,6.55621,,159,,9.217
1920,6.55933,,159,,9.18914
1921,6.56262,,159,,9.16129
1922,6.5655,,159,,9.13343
1923,6.57109,,158,,9.10557
1924,6.57109,,158,,9.07771
1925,6.57384,,158,,9.04986
1926,6.57709,,158,,9.022
1927,6.58029,,158,,8.99229
1928,6.58368,,158,,8.96257
1929,6.58709,,158,,8.93286
1930,6.59052,,158,,8.90314
1931,6.59361,,158,,8.87343
1932,6.597,,158,,8.84371
1933,6.60054,,156,,8.814
1934,6.60396,,156,,8.77617
1935,6.60738,,156,,8.73833
1936,6.61097,,156,,8.7005
1937,6.61413,,156,,8.66267
1938,6.6176,,156,,8.62483
1939,6.62126,,156,,8.587
1940,6.62472,,156,,8.544
1941,6.62862,,156,,8.501
1942,6.63205,,156,,8.458
1943,6.63542,,157,,8.415
1944,6.63877,,157,,8.372
1945,6.64227,,157,,8.329
1946,6.64566,,157,,8.27983
1947,6.64893,,157,,8.23067
1948,6.65263,,157,,8.1815
1949,6.65618,,157,,8.13233
1950,6.65989,,158,,8.08317
1951,6.66345,,158,,8.034
1952,6.66725,,158,,7.96017
1953,6.67118,,158,,7.88633
1954,6.67502,,158,,7.8125
1955,6.67867,,158,,7.73867
1956,6.68271,,157,,7.66483
1957,6.68666,,157,,7.591
1958,6.68967,,157,,7.53687
1959,6.69216,,158,,7.48275
1960,6.69493,,158,,7.42862
1961,6.69749,,158,,7.3745
1962,6.70023,,158,,7.32037
1963,6.70296,,158,,7.26625
1964,6.70576,,158,,7.21212
1965,6.70842,,158,,7.158
1966,6.71147,,158,,7.1115
1967,6.71442,,158,,7.065
1968,6.71715,,158,,7.0185
1969,6.71963,,157,,6.972
1970,6.72256,,158,,6.9255
1971,6.72565,,158,,6.879
1972,6.7289,,158,,6.8325
1973,6.73192,,158,,6.786
1974,6.73496,,158,,6.744
1975,6.73814,,158,,6.702
1976,6.74111,,158,,6.66
1977,6.74525,,158,,6.618
1978,6.74867,,158,,6.576
1979,6.75236,,158,,6.534
1980,6.75622,,158,,6.52533
1981,6.76026,,158,,6.51667
1982,6.76429,,158,,6.508
1983,6.76807,,159,,6.49933
1984,6.77168,,159,,6.49067
1985,6.77561,,158,,6.482
1986,6.77926,,158,,6.486
1987,6.78271,,159,,6.49
1988,6.78601,,159,,6.494
1989,6.7892,,159,,6.498
1990,6.7924,,158,,6.502
1991,6.79542,,158,,6.506
1992,6.79784,,159,,6.51
1993,6.80067,,160,,6.52786
1994,6.80688,,160,,6.54571
1995,6.80688,,160,,6.56357
1996,6.80999,,160,,6.58143
1997,6.81283,,160,,6.59929
1998,6.81611,,160,,6.61714
1999,6.81916,,161,,6.635
2000,6.82207,,161,,6.66371
2001,6.82525,,162,,6.69243
2002,6.82855,,161,,6.72114
2003,6.83219,,161,,6.74986
2004,6.83529,,161,,6.77857
2005,6.83839,,160,,6.80729
2006,6.84213,,160,,6.836
2007,6.84576,,160,,6.86083
2008,6.84951,,160,,6.88567
2009,6.8533,,160,,6.9105
2010,6.85715,,161,,6.93533
2011,6.86081,,161,,6.96017
2012,6.86409,,161,,6.985
2013,6.86714,,160,,6.996
2014,6.87069,,161,,7.007
2015,6.87455,,160,,7.018
2016,6.87844,,160,,7.029
2017,6.88247,,160,,7.04
2018,6.88676,,160,,7.051
2019,6.89094,,159,,7.056
2020,6.89482,,159,,7.061
2021,6.89886,,159,,7.066
2022,6.90256,,160,,7.071
2023,6.90622,,160,,7.076
2024,6.90999,,160,,7.081
2025,6.91361,,160,,7.07657
2026,6.91729,,159,,7.07214
2027,6.9205,,159,,7.06771
2028,6.92314,,159,,7.06329
2029,6.92577,,159,,7.05886
2030,6.92913,,159,,7.05443
2031,6.93316,,159,,7.05
2032,6.93713,,159,,7.0534
2033,6.94118,,160,,7.0568
2034,6.94553,,160,,7.0602
2035,6.95006,,160,,7.0636
2036,6.95431,,160,,7.067
2037,6.95859,,159,,7.0676
2038,6.9628,,158,,7.0682
2039,6.96651,,157,,7.0688
2040,6.96985,,157,,7.0694
2041,6.97942,,159,,7.07
2042,6.97942,,159,,7.06843
2043,6.98365,,158,,7.06686
2044,6.98794,,158,,7.06529
2045,6.99248,,156,,7.06371
2046,6.99639,,156,,7.06214
2047,6.99992,,156,,7.06057
2048,7.00453,,156,,7.059
2049,7.0083,,156,,7.05
2050,7.01327,,157,,7.041
2051,7.01761,,157,,7.032
2052,7.0214,,157,,7.023
2053,7.02443,,157,,7.014
2054,7.02767,,157,,7.005
2055,7.03098,,157,,6.98171
2056,7.03425,,157,,6.95843
2057,7.03781,,158,,6.93514
2058,7.04107,,158,,6.91186
2059,7.04415,,158,,6.88857
2060,7.04712,,158,,6.86529
2061,7.05435,,158,,6.842
2062,7.05435,,158,,6.80638
2063,7.05772,,158,,6.77075
2064,7.0607,,157,,6.73513
2065,7.06393,,158,,6.6995
2066,7.06713,,158,,6.66388
2067,7.07381,,159,,6.62825
2068,7.07381,,159,,6.59263
2069,7.07768,,158,,6.557
2070,7.08579,,158,,6.4925
2071,7.09196,,158,,6.428
2072,7.09757,,158,,6.3635
2073,7.1016,,158,,6.299
2074,7.10696,,158,,6.257
2075,7.11065,,158,,6.215
2076,7.11551,,158,,6.173
2077,7.11971,,158,,6.131
2078,7.1234,,158,,6.089
2079,7.12759,,158,,6.0714
2080,7.13295,,158,,6.0538
2081,7.13764,,158,,6.0362
2082,7.14205,,158,,6.0186
2083,7.14664,,158,,6.001
2084,7.15042,,158,,6.0088
2085,7.1551,,158,,6.0166
2086,7.15984,,158,,6.0244
2087,7.16409,,158,,6.0322
2088,7.16803,,159,,6.04
2089,7.17185,,159,,6.03767
2090,7.17566,,159,,6.03533
2091,7.17954,,159,,6.033
2092,7.18378,,159,,6.03067
2093,7.18778,,159,,6.02833
2094,7.19256,,160,,6.026
2095,7.19652,,160,,6.01233
2096,7.20044,,159,,5.99867
2097,7.20415,,159,,5.985
2098,7.20745,,160,,5.97133
2099,7.2107,,160,,5.95767
2100,7.21379,,160,,5.944
2101,7.21704,,160,,5.90783
2102,7.22054,,161,,5.87167
2103,7.22367,,161,,5.8355
2104,7.2268,,161,,5.79933
2105,7.23063,,162,,5.76317
2106,7.23444,,162,,5.727
2107,7.23858,,162,,5.66683
2108,7.24252,,162,,5.60667
2109,7.24628,,163,,5.5465
2110,7.25078,,163,,5.48633
2111,7.25496,,163,,5.42617
2112,7.25921,,162,,5.366
2113,7.26367,,162,,5.295
2114,7.26757,,162,,5.224
2115,7.27149,,162,,5.153
2116,7.27512,,162,,5.082
2117,7.27889,,162,,5.011
2118,7.28271,,162,,4.94
2119,7.28648,,162,,4.87733
2120,7.29031,,162,,4.81467
2121,7.29396,,161,,4.752
2122,7.29772,,161,,4.68933
2123,7.3012,,161,,4.62667
2124,7.3043,,162,,4.564
2125,7.30717,,162,,4.51443
2126,7.31043,,163,,4.46486
2127,7.31409,,163,,4.41529
2128,7.31748,,163,,4.36571
2129,7.32071,,162,,4.31614
2130,7.32371,,160,,4.26657
2131,7.32728,,161,,4.217
2132,7.33039,,161,,4.17743
2133,7.33313,,161,,4.13786
2134,7.33695,,161,,4.09829
2135,7.34065,,160,,4.05871
2136,7.34345,,160,,4.01914
2137,7.34712,,160,,3.97957
2138,7.35073,,160,,3.94
2139,7.35417,,161,,3.8964
2140,7.35838,,160,,3.8528
2141,7.36275,,160,,3.8092
2142,7.36721,,160,,3.7656
2143,7.37144,,162,,3.722
2144,7.37586,,162,,3.6904
2145,7.38019,,162,,3.6588
2146,7.38439,,162,,3.6272
2147,7.38862,,160,,3.5956
2148,7.39275,,161,,3.564
2149,7.39637,,162,,3.54717
2150,7.39988,,162,,3.53033
2151,7.40337,,162,,3.5135
2152,7.40653,,162,,3.49667
2153,7.41063,,161,,3.47983
2154,7.41458,,162,,3.463
2155,7.41852,,161,,3.46
2156,7.42196,,162,,3.457
2157,7.42597,,162,,3.454
2158,7.43,,162,,3.451
2159,7.4337,,162,,3.448
2160,7.43707,,162,,3.445
2161,7.44031,,161,,3.46333
2162,7.44394,,161,,3.48167
2163,7.44779,,162,,3.5
2164,7.45228,,161,,3.51833
2165,7.45663,,161,,3.53667
2166,7.46028,,161,,3.555
2167,7.46325,,161,,3.60433
2168,7.4713,,162,,3.65367
2169,7.4713,,162,,3.703
2170,7.47565,,161,,3.75233
2171,7.47985,,162,,3.80167
2172,7.484,,161,,3.851
2173,7.48765,,161,,3.91833
2174,7.49142,,161,,3.98567
2175,7.49531,,161,,4.053
2176,7.49937,,160,,4.12033
2177,7.50323,,160,,4.18767
2178,7.50699,,160,,4.255
2179,7.51058,,160,,4.30371
2180,7.51381,,161,,4.35243
2181,7.5166,,161,,4.40114
2182,7.51933,,160,,4.44986
2183,7.522,,160,,4.49857
2184,7.52447,,161,,4.54729
2185,7.52736,,161,,4.596
2186,7.53098,,161,,4.64267
2187,7.53478,,161,,4.68933
2188,7.53825,,161,,4.736
2189,7.5416,,161,,4.78267
2190,7.54508,,161,,4.82933
2191,7.54885,,161,,4.876
2192,7.5527,,161,,4.90417
2193,7.55653,,161,,4.93233
2194,7.56037,,160,,4.9605
2195,7.56431,,160,,4.98867
2196,7.56777,,161,,5.01683
2197,7.57098,,161,,5.045
2198,7.57371,,162,,5.056
2199,7.57676,,162,,5.067
2200,7.5797,,163,,5.078
2201,7.58311,,163,,5.089
2202,7.5863,,163,,5.1
2203,7.59044,,163,,5.111
2204,7.59522,,163,,5.122
2205,7.59954,,163,,5.115
2206,7.60422,,162,,5.108
2207,7.60899,,163,,5.101
2208,7.61384,,163,,5.094
2209,7.61868,,163,,5.087
2210,7.62334,,162,,5.0648
2211,7.62797,,161,,5.0426
2212,7.63252,,161,,5.0204
2213,7.63704,,162,,4.9982
2214,7.64165,,162,,4.976
2215,7.64616,,162,,4.9362
2216,7.65085,,162,,4.8964
2217,7.65514,,162,,4.8566
2218,7.65934,,162,,4.8168
2219,7.66366,,162,,4.777
2220,7.66802,,162,,4.719
2221,7.67246,,162,,4.661
2222,7.67665,,162,,4.603
2223,7.6805,,162,,4.545
2224,7.68415,,162,,4.487
2225,7.68793,,162,,4.42167
2226,7.69156,,162,,4.35633
2227,7.69523,,162,,4.291
2228,7.69889,,161,,4.22567
2229,7.70243,,162,,4.16033
2230,7.7063,,162,,4.095
2231,7.7101,,162,,4.0225
2232,7.71357,,162,,3.95
2233,7.71704,,156,,3.8775
2234,7.72086,,156,,3.805
2235,7.72468,,157,,3.7325
2236,7.72851,,163,,3.66
2237,7.73219,,172,,3.59883
2238,7.7359,,173,,3.53767
2239,7.73944,,174,,3.4765
2240,7.74315,,175,,3.41533
2241,7.74664,,176,,3.35417
2242,7.75,,176,,3.293
2243,7.75354,,177,,3.24717
2244,7.75739,,177,,3.20133
2245,7.76173,,175,,3.1555
2246,7.76568,,175,,3.10967
2247,7.76922,,175,,3.06383
2248,7.77266,,175,,3.018
2249,7.77618,,173,,2.987
2250,7.7794,,172,,2.956
2251,7.7827,,169,,2.925
2252,7.78651,,170,,2.894
2253,7.79043,,171,,2.863
2254,7.79465,,171,,2.832
2255,7.79889,,162,,2.8008
2256,7.80301,,162,,2.7696
2257,7.80731,,161,,2.7384
2258,7.81169,,161,,2.7072
2259,7.81589,,161,,2.676
2260,7.81977,,161,,2.657
2261,7.8235,,160,,2.638
2262,7.82735,,160,,2.619
2263,7.83091,,160,,2.6
2264,7.83434,,160,,2.581
2265,7.83819,,160,,2.562
2266,7.84252,,160,,2.55
2267,7.8464,,161,,2.538
2268,7.85043,,161,,2.526
2269,7.85425,,161,,2.514
2270,7.85779,,161,,2.502
2271,7.86143,,163,,2.49
2272,7.86497,,163,,2.48929
2273,7.86854,,164,,2.48857
2274,7.87183,,163,,2.48786
2275,7.87516,,163,,2.48714
2276,7.87847,,163,,2.48643
2277,7.8817,,164,,2.48571
2278,7.88517,,164,,2.485
2279,7.8885,,163,,2.49667
2280,7.89183,,162,,2.50833
2281,7.89552,,161,,2.52
2282,7.89925,,162,,2.53167
2283,7.90283,,162,,2.54333
2284,7.90642,,163,,2.555
2285,7.90965,,163,,2.55633
2286,7.9131,,163,,2.55767
2287,7.91693,,162,,2.559
2288,7.92043,,162,,2.56033
2289,7.92437,,162,,2.56167
2290,7.92852,,162,,2.563
2291,7.93288,,161,,2.561
2292,7.9369,,161,,2.559
2293,7.94051,,161,,2.557
2294,7.9437,,161,,2.555
2295,7.94675,,162,,2.553
2296,7.94942,,162,,2.551
2297,7.95203,,161,,2.54771
2298,7.95462,,162,,2.54443
2299,7.9574,,162,,2.54114
2300,7.96369,,162,,2.53786
2301,7.96369,,162,,2.53457
2302,7.96711,,162,,2.53129
2303,7.97085,,163,,2.528
2304,7.97453,,162,,2.51917
2305,7.9786,,162,,2.51033
2306,7.9827,,160,,2.5015
2307,7.98681,,159,,2.49267
2308,7.99099,,160,,2.48383
2309,7.99484,,160,,2.475
2310,7.99843,,160,,2.47283
2311,8.00228,,160,,2.47067
2312,8.00598,,161,,2.4685
2313,8.00978,,161,,2.46633
2314,8.01352,,161,,2.46417
2315,8.01713,,161,,2.462
2316,8.02095,,161,,2.476
2317,8.02472,,161,,2.49
2318,8.02869,,162,,2.504
2319,8.03268,,162,,2.518
2320,8.036,,162,,2.532
2321,8.03943,,162,,2.546
2322,8.04288,,161,,2.57429
2323,8.04654,,160,,2.60257
2324,8.04986,,160,,2.63086
2325,8.05248,,160,,2.65914
2326,8.05496,,160,,2.68743
2327,8.05812,,161,,2.71571
2328,8.06099,,161,,2.744
2329,8.0638,,161,,2.78714
2330,8.06968,,160,,2.83029
2331,8.06968,,160,,2.87343
2332,8.07336,,160,,2.91657
2333,8.07676,,160,,2.95971
2334,8.07999,,160,,3.00286
2335,8.08342,,160,,3.046
2336,8.08719,,159,,3.09371
2337,8.09044,,159,,3.14143
2338,8.09459,,160,,3.18914
2339,8.09459,,160,,3.23686
2340,8.09813,,160,,3.28457
2341,8.10254,,160,,3.33229
2342,8.10723,,160,,3.38
2343,8.11125,,160,,3.4255
2344,8.11498,,160,,3.471
2345,8.11805,,160,,3.5165
2346,8.12119,,159,,3.562
2347,8.12405,,159,,3.6075
2348,8.12847,,159,,3.653
2349,8.12847,,159,,3.69367
2350,8.13056,,160,,3.73433
2351,8.13303,,160,,3.775
2352,8.13598,,160,,3.81567
2353,8.13962,,160,,3.85633
2354,8.14258,,160,,3.897
2355,8.14578,,160,,3.93767
2356,8.149,,160,,3.97833
2357,8.152,,160,,4.019
2358,8.15499,,160,,4.08833
2359,8.15796,,160,,4.15767
2360,8.16159,,160,,4.227
2361,8.16455,,160,,4.29633
2362,8.16748,,160,,4.36567
2363,8.17257,,160,,4.435
2364,8.17724,,160,,4.50317
2365,8.18128,,160,,4.57133
2366,8.18524,,160,,4.6395
2367,8.18776,,160,,4.70767
2368,8.19186,,160,,4.77583
2369,8.19663,,161,,4.844
2370,8.19901,,161,,4.9195
2371,8.20019,,161,,4.995
2372,8.20533,,161,,5.0705
2373,8.21017,,161,,5.146
2374,8.21432,,162,,5.2215
2375,8.21828,,162,,5.297
2376,8.22236,,162,,5.3848
2377,8.22693,,162,,5.4726
2378,8.23136,,161,,5.5604
2379,8.23599,,162,,5.6482
2380,8.24073,,162,,5.736
2381,8.24318,,162,,5.78875
2382,8.24673,,161,,5.8415
2383,8.24962,,161,,5.89425
2384,8.25219,,161,,5.947
2385,8.25432,,161,,5.99975
2386,8.25675,,160,,6.0525
2387,8.25947,,159,,6.10525
2388,8.26326,,159,,6.158
2389,8.26729,,160,,6.22033
2390,8.27152,,160,,6.28267
2391,8.27644,,160,,6.345
2392,8.28055,,161,,6.40733
2393,8.28358,,160,,6.46967
2394,8.2877,,161,,6.532
2395,8.29203,,160,,6.57917
2396,8.29606,,160,,6.62633
2397,8.29887,,160,,6.6735
2398,8.30223,,159,,6.72067
2399,8.3061,,159,,6.76783
2400,8.31003,,159,,6.815
2401,8.3145,,159,,6.86517
2402,8.31802,,158,,6.91533
2403,8.32014,,158,,6.9655
2404,8.32496,,158,,7.01567
2405,8.3292,,157,,7.06583
2406,8.33386,,157,,7.116
2407,8.33642,,158,,7.18333
2408,8.33821,,158,,7.25067
2409,8.34553,,160,,7.318
2410,8.34748,,160,,7.38533
2411,8.35279,,160,,7.45267
2412,8.35571,,160,,7.52
2413,8.35968,,158,,7.595
2414,8.36376,,159,,7.67
2415,8.36943,,158,,7.745
2416,8.37367,,157,,7.82
2417,8.37809,,157,,7.895
2418,8.38298,,157,,7.94017
2419,8.38699,,157,,7.98533
2420,8.39073,,157,,8.0305
2421,8.39422,,158,,8.07567
2422,8.398,,158,,8.12083
2423,8.40166,,158,,8.166
2424,8.40714,,158,,8.2
2425,8.41271,,159,,8.234
2426,8.41726,,159,,8.268
2427,8.42193,,159,,8.302
2428,8.4255,,157,,8.336
2429,8.42888,,158,,8.34386
2430,8.43184,,159,,8.35171
2431,8.43452,,158,,8.35957
2432,8.43759,,158,,8.36743
2433,8.4415,,158,,8.37529
2434,8.44497,,159,,8.38314
2435,8.44889,,159,,8.391
2436,8.45262,,159,,8.39
2437,8.45633,,159,,8.389
2438,8.46019,,158,,8.388
2439,8.46376,,158,,8.387
2440,8.46633,,157,,8.386
2441,8.46937,,157,,8.385
2442,8.47456,,156,,8.381
2443,8.47456,,156,,8.377
2444,8.4779,,156,,8.373
2445,8.48223,,156,,8.369
2446,8.48524,,157,,8.365
2447,8.48901,,157,,8.361
2448,8.49295,,159,,8.357
2449,8.4958,,159,,8.35233
2450,8.49928,,159,,8.34767
2451,8.50336,,159,,8.343
2452,8.50582,,158,,8.33833
2453,8.50993,,157,,8.33367
2454,8.51606,,157,,8.329
2455,8.52166,,158,,8.33233
2456,8.52517,,159,,8.33567
2457,8.5299,,159,,8.339
2458,8.53335,,159,,8.34233
2459,8.53654,,158,,8.34567
2460,8.53977,,158,,8.349
2461,8.54278,,159,,8.35329
2462,8.54613,,159,,8.35757
2463,8.54907,,158,,8.36186
2464,8.55221,,158,,8.36614
2465,8.55695,,159,,8.37043
2466,8.55956,,159,,8.37471
2467,8.56459,,159,,8.379
2468,8.56951,,159,,8.377
2469,8.57389,,159,,8.375
2470,8.57755,,159,,8.373
2471,8.58219,,158,,8.371
2472,8.58704,,158,,8.369
2473,8.58887,,159,,8.37367
2474,8.59054,,159,,8.37833
2475,8.59222,,157,,8.383
2476,8.59399,,157,,8.38767
2477,8.60066,,158,,8.39233
2478,8.60066,,158,,8.397
2479,8.60391,,159,,8.40167
2480,8.60768,,160,,8.40633
2481,8.61151,,160,,8.411
2482,8.61543,,159,,8.4395
2483,8.6187,,159,,8.468
2484,8.62214,,159,,8.4965
2485,8.62909,,159,,8.525
2486,8.62909,,159,,8.5535
2487,8.63233,,161,,8.582
2488,8.63557,,160,,8.62333
2489,8.63873,,160,,8.66467
2490,8.6422,,159,,8.706
2491,8.64621,,160,,8.74733
2492,8.64946,,158,,8.78867
2493,8.65374,,159,,8.83
2494,8.65917,,158,,8.88575
2495,8.66614,,158,,8.9415
2496,8.67109,,159,,8.99725
2497,8.67578,,159,,9.053
2498,8.68083,,159,,9.081
2499,8.68577,,159,,9.109
2500,8.68968,,158,,9.137
2501,8.69367,,158,,9.165
2502,8.69829,,158,,9.193
2503,8.7019,,158,,9.19271
2504,8.70486,,159,,9.19243
2505,8.70785,,161,,9.19214
2506,8.7109,,161,,9.19186
2507,8.71426,,161,,9.19157
2508,8.71826,,161,,9.19129
2509,8.7222,,160,,9.191
2510,8.72769,,160,,9.16933
2511,8.73181,,160,,9.14767
2512,8.73561,,160,,9.126
2513,8.7397,,159,,9.10433
2514,8.74289,,159,,9.08267
2515,8.74896,,159,,9.061
2516,8.74896,,158,,9.03686
2517,8.75164,,158,,9.01271
2518,8.75478,,158,,8.98857
2519,8.75739,,158,,8.96443
2520,8.76148,,158,,8.94029
2521,8.76604,,157,,8.91614
2522,8.77002,,157,,8.892
2523,8.77394,,157,,8.86057
2524,8.77727,,158,,8.82914
2525,8.78065,,158,,8.79771
2526,8.78672,,158,,8.76629
2527,8.78672,,158,,8.73486
2528,8.78969,,158,,8.70343
2529,8.79267,,158,,8.672
2530,8.79573,,157,,8.637
2531,8.79837,,157,,8.602
2532,8.80424,,159,,8.567
2533,8.80424,,159,,8.532
2534,8.80746,,160,,8.497
2535,8.81183,,160,,8.462
2536,8.81555,,160,,8.427
2537,8.819,,160,,8.38857
2538,8.82232,,160,,8.35014
2539,8.82495,,160,,8.31171
2540,8.82844,,160,,8.27329
2541,8.83193,,160,,8.23486
2542,8.83523,,160,,8.19643
2543,8.83865,,160,,8.158
2544,8.84212,,160,,8.10829
2545,8.84495,,160,,8.05857
2546,8.84795,,160,,8.00886
2547,8.85102,,160,,7.95914
2548,8.85783,,160,,7.90943
2549,8.85783,,160,,7.85971
2550,8.86116,,160,,7.81
2551,8.86498,,160,,7.73783
2552,8.86817,,160,,7.66567
2553,8.87074,,159,,7.5935
2554,8.87797,,159,,7.52133
2555,8.88163,,159,,7.44917
2556,8.888,,159,,7.377
2557,8.89244,,159,,7.31943
2558,8.89645,,159,,7.26186
2559,8.90012,,160,,7.20429
2560,8.90376,,159,,7.14671
2561,8.90591,,159,,7.08914
2562,8.90832,,159,,7.03157
2563,8.91102,,159,,6.974
2564,8.91467,,159,,6.91833
2565,8.91839,,159,,6.86267
2566,8.92192,,159,,6.807
2567,8.92548,,161,,6.75133
2568,8.92898,,161,,6.69567
2569,8.93225,,161,,6.64
2570,8.93843,,159,,6.6055
2571,8.93843,,159,,6.571
2572,8.94187,,159,,6.5365
2573,8.94568,,160,,6.502
2574,8.94937,,161,,6.4675
2575,8.95316,,161,,6.433
2576,8.95676,,161,,6.42529
2577,8.96047,,161,,6.41757
2578,8.96376,,160,,6.40986
2579,8.96692,,160,,6.40214
2580,8.97035,,161,,6.39443
2581,8.97376,,161,,6.38671
2582,8.97692,,162,,6.379
2583,8.97993,,164,,6.38489
2584,8.98268,,164,,6.39078
2585,8.985,,163,,6.39667
2586,8.98672,,163,,6.40256
2587,8.98879,,163,,6.40844
2588,8.99111,,163,,6.41433
2589,8.99382,,161,,6.42022
2590,8.99655,,160,,6.42611
2591,8.99976,,160,,6.432
2592,9.00278,,160,,6.45343
2593,9.00587,,160,,6.47486
2594,9.01173,,160,,6.49629
2595,9.01173,,160,,6.51771
2596,9.01503,,160,,6.53914
2597,9.01849,,160,,6.56057
2598,9.02194,,160,,6.582
2599,9.02552,,160,,6.61433
2600,9.02916,,160,,6.64667
2601,9.03298,,161,,6.679
2602,9.03681,,161,,6.71133
2603,9.04057,,161,,6.74367
2604,9.04359,,160,,6.776
2605,9.04607,,159,,6.79544
2606,9.04855,,159,,6.81489
2607,9.05248,,158,,6.83433
2608,9.05248,,158,,6.85378
2609,9.05464,,158,,6.87322
2610,9.05758,,158,,6.89267
2611,9.06045,,158,,6.91211
2612,9.06298,,158,,6.93156
2613,9.06683,,155,,6.951
2614,9.07019,,155,,6.964
2615,9.07319,,153,,6.977
2616,9.07619,,153,,6.99
2617,9.08299,,153,,7.003
2618,9.08299,,153,,7.016
2619,9.08683,,153,,7.029
2620,9.09002,,153,,7.042
2621,9.09437,,154,,7.051
2622,9.09805,,158,,7.06
2623,9.10174,,158,,7.069
2624,9.10531,,158,,7.078
2625,9.10915,,158,,7.087
2626,9.11358,,158,,7.096
2627,9.1194,,158,,7.089
2628,9.12489,,158,,7.082
2629,9.12889,,158,,7.075
2630,9.13296,,158,,7.068
2631,9.13678,,158,,7.061
2632,9.14147,,158,,7.0622
2633,9.14631,,158,,7.0634
2634,9.15136,,158,,7.0646
2635,9.1563,,158,,7.0658
2636,9.16257,,159,,7.067
2637,9.17284,,159,,7.078
2638,9.17859,,159,,7.089
2639,9.1854,,159,,7.1
2640,9.19035,,160,,7.1046
2641,9.19479,,160,,7.1092
2642,9.19864,,161,,7.1138
2643,9.20337,,161,,7.1184
2644,9.20806,,161,,7.123
2645,9.21316,,161,,7.1032
2646,9.21807,,161,,7.0834
2647,9.2224,,161,,7.0636
2648,9.22599,,160,,7.0438
2649,9.23045,,159,,7.024
2650,9.23544,,159,,6.985
2651,9.23972,,159,,6.946
2652,9.24437,,159,,6.907
2653,9.24926,,158,,6.868
2654,9.25301,,158,,6.829
2655,9.25634,,158,,6.78067
2656,9.2596,,158,,6.73233
2657,9.26286,,158,,6.684
2658,9.26649,,158,,6.63567
2659,9.2727,,160,,6.58733
2660,9.27811,,160,,6.539
2661,9.28221,,160,,6.4812
2662,9.28698,,161,,6.4234
2663,9.29189,,161,,6.3656
2664,9.29632,,160,,6.3078
2665,9.30131,,160,,6.25
2666,9.30637,,160,,6.22083
2667,9.31018,,160,,6.19167
2668,9.31376,,160,,6.1625
2669,9.31714,,160,,6.13333
2670,9.32194,,161,,6.10417
2671,9.32602,,161,,6.075
2672,9.3309,,161,,6.0636
2673,9.33632,,161,,6.0522
2674,9.34062,,161,,6.0408
2675,9.34616,,161,,6.0294
2676,9.35,,160,,6.018
2677,9.35387,,160,,6.02717
2678,9.35862,,160,,6.03633
2679,9.36277,,161,,6.0455
2680,9.36695,,160,,6.05467
2681,9.37076,,161,,6.06383
2682,9.37478,,161,,6.073
2683,9.37885,,161,,6.0698
2684,9.38399,,160,,6.0666
2685,9.38843,,159,,6.0634
2686,9.39266,,159,,6.0602
2687,9.39673,,159,,6.057
2688,9.4012,,160,,6.0312
2689,9.40515,,160,,6.0054
2690,9.40937,,160,,5.9796
2691,9.41362,,160,,5.9538
2692,9.41753,,159,,5.928
2693,9.42084,,160,,5.89325
2694,9.42561,,159,,5.8585
2695,9.42561,,159,,5.82375
2696,9.42873,,160,,5.789
2697,9.43163,,160,,5.75425
2698,9.43468,,160,,5.7195
2699,9.43765,,160,,5.68475
2700,9.44066,,159,,5.65
2701,9.44512,,159,,5.5782
2702,9.44937,,159,,5.5064
2703,9.45359,,159,,5.4346
2704,9.45757,,158,,5.3628
2705,9.46158,,158,,5.291
2706,9.46551,,158,,5.21983
2707,9.46934,,158,,5.14867
2708,9.47294,,158,,5.0775
2709,9.4769,,158,,5.00633
2710,9.48108,,159,,4.93517
2711,9.48511,,159,,4.864
2712,9.48924,,159,,4.80367
2713,9.49332,,159,,4.74333
2714,9.49756,,159,,4.683
2715,9.50165,,159,,4.62267
2716,9.50565,,161,,4.56233
2717,9.50957,,161,,4.502
2718,9.51345,,162,,4.44667
2719,9.51735,,161,,4.39133
2720,9.52086,,159,,4.336
2721,9.52437,,158,,4.28067
2722,9.5284,,159,,4.22533
2723,9.53202,,162,,4.17
2724,9.53604,,162,,4.12433
2725,9.54017,,162,,4.07867
2726,9.54429,,162,,4.033
2727,9.54779,,161,,3.98733
2728,9.55094,,160,,3.94167
2729,9.55428,,160,,3.896
2730,9.55775,,160,,3.86483
2731,9.56109,,160,,3.83367
2732,9.56429,,161,,3.8025
2733,9.56824,,161,,3.77133
2734,9.5719,,161,,3.74017
2735,9.57591,,161,,3.709
2736,9.58011,,159,,3.6905
2737,9.58379,,160,,3.672
2738,9.58783,,161,,3.6535
2739,9.59138,,161,,3.635
2740,9.59544,,161,,3.6165
2741,9.59907,,160,,3.598
2742,9.6022,,161,,3.59186
2743,9.60566,,160,,3.58571
2744,9.60926,,160,,3.57957
2745,9.61281,,161,,3.57343
2746,9.61665,,160,,3.56729
2747,9.61995,,159,,3.56114
2748,9.62265,,159,,3.555
2749,9.62556,,159,,3.56014
2750,9.62898,,159,,3.56529
2751,9.63254,,158,,3.57043
2752,9.63567,,158,,3.57557
2753,9.63877,,158,,3.58071
2754,9.6418,,158,,3.58586
2755,9.64523,,158,,3.591
2756,9.64842,,158,,3.61533
2757,9.65123,,159,,3.63967
2758,9.65458,,159,,3.664
2759,9.65897,,159,,3.68833
2760,9.66333,,158,,3.71267
2761,9.66737,,158,,3.737
2762,9.67198,,159,,3.77167
2763,9.67631,,159,,3.80633
2764,9.68038,,159,,3.841
2765,9.68393,,159,,3.87567
2766,9.68681,,159,,3.91033
2767,9.68972,,159,,3.945
2768,9.69229,,158,,3.974
2769,9.69475,,158,,4.003
2770,9.69733,,156,,4.032
2771,9.70018,,156,,4.061
2772,9.70311,,154,,4.09
2773,9.706,,154,,4.119
2774,9.70884,,154,,4.148
2775,9.71225,,154,,4.177
2776,9.71589,,154,,4.20467
2777,9.71929,,154,,4.23233
2778,9.72329,,155,,4.26
2779,9.72697,,155,,4.28767
2780,9.73066,,156,,4.31533
2781,9.73423,,156,,4.343
2782,9.7379,,156,,4.3575
2783,9.74176,,156,,4.372
2784,9.74571,,157,,4.3865
2785,9.7498,,157,,4.401
2786,9.75369,,157,,4.4155
2787,9.75776,,157,,4.43
2788,9.76153,,157,,4.42167
2789,9.76507,,157,,4.41333
2790,9.76897,,158,,4.405
2791,9.77266,,158,,4.39667
2792,9.7763,,158,,4.38833
2793,9.78001,,158,,4.38
2794,9.78388,,158,,4.352
2795,9.78776,,158,,4.324
2796,9.79187,,158,,4.296
2797,9.79569,,158,,4.268
2798,9.79988,,158,,4.24
2799,9.80415,,158,,4.212
2800,9.80845,,158,,4.163
2801,9.81589,,158,,4.114
2802,9.81589,,158,,4.065
2803,9.81951,,157,,4.016
2804,9.82626,,157,,3.967
2805,9.82626,,157,,3.92943
2806,9.82976,,157,,3.89186
2807,9.83363,,157,,3.85429
2808,9.84211,,157,,3.81671
2809,9.84211,,157,,3.77914
2810,9.84626,,157,,3.74157
2811,9.8503,,157,,3.704
2812,9.85752,,158,,3.645
2813,9.85752,,158,,3.586
2814,9.86116,,158,,3.527
2815,9.86448,,158,,3.468
2816,9.87109,,159,,3.409
2817,9.87109,,159,,3.37513
2818,9.8744,,159,,3.34125
2819,9.87832,,159,,3.30738
2820,9.88469,,160,,3.2735
2821,9.88469,,160,,3.23963
2822,9.88784,,160,,3.20575
2823,9.89086,,160,,3.17188
2824,9.89807,,162,,3.138
2825,9.89807,,161,,3.105
2826,9.90223,,161,,3.072
2827,9.90682,,160,,3.039
2828,9.91093,,160,,3.006
2829,9.91586,,160,,2.973
2830,9.91982,,161,,2.94
2831,9.9238,,162,,2.91117
2832,9.93111,,162,,2.88233
2833,9.93111,,162,,2.8535
2834,9.93441,,162,,2.82467
2835,9.93809,,162,,2.79583
2836,9.94198,,162,,2.767
2837,9.94563,,162,,2.74167
2838,9.95205,,161,,2.71633
2839,9.95205,,161,,2.691
2840,9.9547,,161,,2.66567
2841,9.95728,,161,,2.64033
2842,9.96399,,161,,2.615
2843,9.96399,,161,,2.5975
2844,9.96801,,162,,2.58
2845,9.97124,,162,,2.5625
2846,9.97502,,161,,2.545
2847,9.97866,,161,,2.5275
2848,9.98456,,161,,2.51
2849,9.98456,,161,,2.50533
2850,9.98758,,161,,2.50067
2851,9.99092,,161,,2.496
2852,9.99709,,160,,2.49133
2853,9.99993,,160,,2.48667
2854,9.99993,,160,,2.482
2855,10.002,,160,,2.47733
2856,10.0044,,160,,2.47267
2857,10.0094,,161,,2.468
2858,10.0094,,161,,2.47514
2859,10.0127,,161,,2.48229
2860,10.016,,161,,2.48943
2861,10.0238,,161,,2.49657
2862,10.0238,,161,,2.50371
2863,10.0279,,161,,2.51086
2864,10.031,,162,,2.518
2865,10.0351,,162,,2.5168
2866,10.0392,,161,,2.5156
2867,10.0443,,161,,2.5144
2868,10.0484,,161,,2.5132
2869,10.0524,,162,,2.512
2870,10.0565,,162,,2.50886
2871,10.0605,,162,,2.50571
2872,10.0648,,162,,2.50257
2873,10.0677,,161,,2.49943
2874,10.0701,,161,,2.49629
2875,10.0725,,162,,2.49314
2876,10.0752,,162,,2.49
2877,10.0783,,162,,2.491
2878,10.0822,,162,,2.492
2879,10.0857,,162,,2.493
2880,10.0892,,162,,2.494
2881,10.0933,,162,,2.495
2882,10.0978,,162,,2.496
2883,10.1021,,162,,2.4992
2884,10.1069,,162,,2.5024
2885,10.1113,,162,,2.5056
2886,10.1161,,162,,2.5088
2887,10.1204,,162,,2.512
2888,10.1243,,162,,2.5115
2889,10.1288,,161,,2.511
2890,10.1321,,161,,2.5105
2891,10.1393,,161,,2.51
2892,10.1393,,161,,2.5095
2893,10.143,,160,,2.509
2894,10.1468,,160,,2.52433
2895,10.151,,160,,2.53967
2896,10.1544,,160,,2.555
2897,10.1577,,160,,2.57033
2898,10.1603,,160,,2.58567
2899,10.1642,,160,,2.601
2900,10.1676,,160,,2.633
2901,10.1738,,161,,2.665
2902,10.1738,,161,,2.697
2903,10.1784,,161,,2.729
2904,10.1824,,160,,2.761
2905,10.1852,,162,,2.793
2906,10.188,,162,,2.83933
2907,10.1921,,162,,2.88567
2908,10.1954,,161,,2.932
2909,10.2021,,160,,2.97833
2910,10.2021,,160,,3.02467
2911,10.2062,,161,,3.071
2912,10.2107,,161,,3.1382
2913,10.2151,,161,,3.2054
2914,10.2194,,161,,3.2726
2915,10.2241,,161,,3.3398
2916,10.2284,,161,,3.407
2917,10.2326,,162,,3.47675
2918,10.2384,,162,,3.5465
2919,10.2445,,161,,3.61625
2920,10.2506,,161,,3.686
2921,10.2553,,162,,3.7618
2922,10.2602,,162,,3.8376
2923,10.2643,,162,,3.9134
2924,10.2681,,162,,3.9892
2925,10.2738,,162,,4.065
2926,10.2738,,162,,4.11488
2927,10.2759,,163,,4.16475
2928,10.2789,,163,,4.21463
2929,10.2861,,163,,4.2645
2930,10.2861,,163,,4.31438
2931,10.2892,,163,,4.36425
2932,10.2922,,163,,4.41413
2933,10.2988,,162,,4.464
2934,10.2988,,162,,4.522
2935,10.3027,,162,,4.58
2936,10.3068,,162,,4.638
2937,10.3096,,162,,4.696
2938,10.3131,,162,,4.754
2939,10.3165,,162,,4.812
2940,10.3198,,162,,4.87
2941,10.3226,,161,,4.9446
2942,10.3262,,161,,5.0192
2943,10.3304,,162,,5.0938
2944,10.3344,,162,,5.1684
2945,10.3405,,162,,5.243
2946,10.3405,,162,,5.29056
2947,10.3422,,161,,5.33811
2948,10.3442,,161,,5.38567
2949,10.3466,,162,,5.43322
2950,10.3494,,161,,5.48078
2951,10.3563,,161,,5.52833
2952,10.3563,,161,,5.57589
2953,10.3595,,161,,5.62344
2954,10.3623,,162,,5.671
2955,10.3653,,162,,5.7528
2956,10.3681,,162,,5.8346
2957,10.377,,162,,5.9164
2958,10.381,,162,,5.9982
2959,10.3856,,162,,6.08
2960,10.3898,,161,,6.12189
2961,10.3922,,161,,6.16378
2962,10.3943,,161,,6.20567
2963,10.3963,,162,,6.24756
2964,10.3988,,162,,6.28944
2965,10.4014,,162,,6.33133
2966,10.4038,,162,,6.37322
2967,10.4056,,162,,6.41511
2968,10.415,,162,,6.457
2969,10.415,,162,,6.49413
2970,10.419,,162,,6.53125
2971,10.4229,,162,,6.56838
2972,10.4261,,162,,6.6055
2973,10.4295,,162,,6.64263
2974,10.4327,,162,,6.67975
2975,10.4347,,162,,6.71688
2976,10.4383,,162,,6.754
2977,10.4407,,162,,6.80467
2978,10.445,,162,,6.85533
2979,10.4466,,162,,6.906
2980,10.4525,,161,,6.95667
2981,10.4583,,160,,7.00733
2982,10.4626,,161,,7.058
2983,10.4645,,161,,7.11571
2984,10.4691,,161,,7.17343
2985,10.4716,,161,,7.23114
2986,10.4785,,161,,7.28886
2987,10.4785,,161,,7.34657
2988,10.4815,,161,,7.40429
2989,10.4843,,161,,7.462
2990,10.4908,,161,,7.50943
2991,10.4908,,161,,7.55686
2992,10.4937,,161,,7.60429
2993,10.4995,,162,,7.65171
2994,10.4995,,162,,7.69914
2995,10.5023,,162,,7.74657
2996,10.5052,,162,,7.794
2997,10.5116,,161,,7.87075
2998,10.5163,,161,,7.9475
2999,10.521,,162,,8.02425
3000,10.5263,,162,,8.101
3001,10.5311,,162,,8.1495
3002,10.538,,162,,8.198
3003,10.5431,,162,,8.2465
3004,10.5473,,162,,8.295
3005,10.5514,,163,,8.31033
3006,10.556,,163,,8.32567
3007,10.5603,,162,,8.341
3008,10.5638,,162,,8.35633
3009,10.567,,163,,8.37167
3010,10.5714,,163,,8.387
3011,10.5756,,163,,8.38971
3012,10.579,,163,,8.39243
3013,10.5824,,162,,8.39514
3014,10.5849,,162,,8.39786
3015,10.5881,,163,,8.40057
3016,10.591,,163,,8.40329
3017,10.5994,,163,,8.406
3018,10.5994,,163,,8.402
3019,10.6032,,163,,8.398
3020,10.6065,,162,,8.394
3021,10.6112,,162,,8.39
3022,10.6152,,162,,8.386
3023,10.62,,163,,8.382
3024,10.6236,,163,,8.37767
3025,10.6265,,163,,8.37333
3026,10.6289,,163,,8.369
3027,10.6374,,163,,8.36467
3028,10.6374,,163,,8.36033
3029,10.6428,,162,,8.356
3030,10.6475,,162,,8.3602
3031,10.6523,,161,,8.3644
3032,10.6562,,161,,8.3686
3033,10.6612,,161,,8.3728
3034,10.6662,,161,,8.377
3035,10.6704,,160,,8.3802
3036,10.675,,160,,8.3834
3037,10.6793,,160,,8.3866
3038,10.6834,,160,,8.3898
3039,10.6882,,159,,8.393
3040,10.6937,,159,,8.387
3041,10.6991,,158,,8.381
3042,10.7041,,158,,8.375
3043,10.7091,,159,,8.369
3044,10.7121,,159,,8.37875
3045,10.7143,,159,,8.3885
3046,10.7164,,159,,8.39825
3047,10.7204,,160,,8.408
3048,10.7237,,160,,8.41775
3049,10.7267,,160,,8.4275
3050,10.7299,,160,,8.43725
3051,10.7329,,160,,8.447
3052,10.7354,,159,,8.46344
3053,10.7379,,159,,8.47989
3054,10.7408,,160,,8.49633
3055,10.7431,,160,,8.51278
3056,10.7451,,160,,8.52922
3057,10.7474,,160,,8.54567
3058,10.7497,,160,,8.56211
3059,10.7522,,160,,8.57856
3060,10.7547,,159,,8.595
3061,10.7576,,159,,8.63343
3062,10.7608,,160,,8.67186
3063,10.764,,160,,8.71029
3064,10.7665,,160,,8.74871
3065,10.7695,,159,,8.78714
3066,10.7726,,159,,8.82557
3067,10.778,,159,,8.864
3068,10.778,,159,,8.89575
3069,10.7803,,159,,8.9275
3070,10.783,,159,,8.95925
3071,10.788,,159,,8.991
3072,10.788,,158,,9.02275
3073,10.7906,,159,,9.0545
3074,10.7934,,159,,9.08625
3075,10.802,,160,,9.118
3076,10.802,,160,,9.13667
3077,10.8066,,160,,9.15533
3078,10.8114,,160,,9.174
3079,10.8177,,161,,9.19267
3080,10.8224,,161,,9.21133
3081,10.827,,161,,9.23
3082,10.8316,,161,,9.229
3083,10.8364,,159,,9.228
3084,10.8409,,159,,9.227
3085,10.851,,160,,9.226
3086,10.851,,160,,9.20467
3087,10.858,,160,,9.18333
3088,10.8619,,160,,9.162
3089,10.8659,,161,,9.14067
3090,10.8692,,161,,9.11933
3091,10.876,,161,,9.098
3092,10.876,,161,,9.07429
3093,10.8792,,161,,9.05057
3094,10.8822,,160,,9.02686
3095,10.8908,,161,,9.00314
3096,10.8908,,161,,8.97943
3097,10.8946,,162,,8.95571
3098,10.899,,162,,8.932
3099,10.9023,,162,,8.89867
3100,10.9059,,162,,8.86533
3101,10.9123,,162,,8.832
3102,10.9123,,162,,8.79867
3103,10.916,,163,,8.76533
3104,10.92,,163,,8.732
3105,10.9241,,163,,8.696
3106,10.9288,,163,,8.66
3107,10.9368,,164,,8.624
3108,10.9368,,164,,8.588
3109,10.9403,,164,,8.552
3110,10.9441,,164,,8.516
3111,10.9476,,164,,8.47217
3112,10.9516,,164,,8.42833
3113,10.9549,,164,,8.3845
3114,10.9585,,165,,8.34067
3115,10.962,,167,,8.29683
3116,10.9655,,167,,8.253
3117,10.9689,,166,,8.191
3118,10.9725,,166,,8.129
3119,10.9767,,166,,8.067
3120,10.9809,,166,,8.005
3121,10.9853,,166,,7.943
3122,10.9907,,166,,7.881
3123,10.9954,,166,,7.79817
3124,10.9993,,166,,7.71533
3125,11.0019,,166,,7.6325
3126,11.0058,,166,,7.54967
3127,11.0099,,166,,7.46683
3128,11.0128,,166,,7.384
3129,11.0199,,164,,7.31829
3130,11.0199,,164,,7.25257
3131,11.023,,164,,7.18686
3132,11.0268,,165,,7.12114
3133,11.0297,,166,,7.05543
3134,11.0328,,166,,6.98971
3135,11.0393,,165,,6.924
3136,11.0393,,165,,6.86467
3137,11.0431,,165,,6.80533
3138,11.0466,,165,,6.746
3139,11.0499,,165,,6.68667
3140,11.0536,,165,,6.62733
3141,11.0605,,165,,6.568
3142,11.0605,,165,,6.53586
3143,11.0642,,166,,6.50371
3144,11.0683,,165,,6.47157
3145,11.0753,,165,,6.43943
3146,11.0753,,165,,6.40729
3147,11.0793,,165,,6.37514
3148,11.0831,,166,,6.343
3149,11.0875,,166,,6.333
3150,11.091,,166,,6.323
3151,11.0949,,166,,6.313
3152,11.0985,,166,,6.303
3153,11.1061,,165,,6.293
3154,11.1061,,165,,6.29557
3155,11.1096,,165,,6.29814
3156,11.1133,,165,,6.30071
3157,11.1174,,165,,6.30329
3158,11.1208,,165,,6.30586
3159,11.1241,,166,,6.30843
3160,11.1271,,166,,6.311
3161,11.1303,,164,,6.32575
3162,11.1334,,164,,6.3405
3163,11.1364,,164,,6.35525
3164,11.1392,,164,,6.37
3165,11.1444,,164,,6.38475
3166,11.1444,,164,,6.3995
3167,11.1474,,164,,6.41425
3168,11.1505,,164,,6.429
3169,11.1533,,164,,6.45043
3170,11.1556,,164,,6.47186
3171,11.1607,,164,,6.49329
3172,11.1607,,164,,6.51471
3173,11.1639,,164,,6.53614
3174,11.1677,,164,,6.55757
3175,11.1733,,164,,6.579
3176,11.1733,,164,,6.60575
3177,11.177,,164,,6.6325
3178,11.1803,,164,,6.65925
3179,11.1832,,164,,6.686
3180,11.1856,,164,,6.71275
3181,11.1913,,163,,6.7395
3182,11.1913,,163,,6.76625
3183,11.1943,,164,,6.793
3184,11.1966,,164,,6.8124
3185,11.1989,,164,,6.8318
3186,11.201,,164,,6.8512
3187,11.2031,,164,,6.8706
3188,11.208,,164,,6.89
3189,11.208,,164,,6.9094
3190,11.2109,,164,,6.9288
3191,11.2127,,163,,6.9482
3192,11.2147,,163,,6.9676
3193,11.2169,,163,,6.987
3194,11.2193,,163,,7.0068
3195,11.2213,,163,,7.0266
3196,11.2357,,165,,7.0464
3197,11.2357,,165,,7.0662
3198,11.2453,,165,,7.086
3199,11.2536,,165,,7.095
3200,11.2705,,165,,7.104
3201,11.2771,,165,,7.11675
3202,11.283,,164,,7.1295
3203,11.2895,,164,,7.14225
3204,11.2952,,164,,7.155
3205,11.3011,,164,,7.171
3206,11.3068,,163,,7.187
3207,11.3127,,163,,7.203
3208,11.3189,,163,,7.219
3209,11.324,,163,,7.2258
3210,11.3295,,163,,7.2326
3211,11.3339,,163,,7.2394
3212,11.3378,,163,,7.2462
3213,11.3446,,163,,7.253
3214,11.3446,,163,,7.24233
3215,11.3479,,162,,7.23167
3216,11.3517,,161,,7.221
3217,11.361,,161,,7.21033
3218,11.361,,161,,7.19967
3219,11.3702,,162,,7.189
3220,11.375,,162,,7.1552
3221,11.3788,,162,,7.1214
3222,11.383,,162,,7.0876
3223,11.3874,,162,,7.0538
3224,11.3916,,162,,7.02
3225,11.3956,,162,,6.98414
3226,11.3995,,162,,6.94829
3227,11.4028,,162,,6.91243
3228,11.4052,,162,,6.87657
3229,11.4072,,163,,6.84071
3230,11.4094,,163,,6.80486
3231,11.4126,,163,,6.769
3232,11.4172,,163,,6.71217
3233,11.4224,,163,,6.65533
3234,11.4261,,163,,6.5985
3235,11.4293,,163,,6.54167
3236,11.4328,,163,,6.48483
3237,11.4361,,162,,6.428
3238,11.4392,,162,,6.3845
3239,11.4436,,163,,6.341
3240,11.4481,,163,,6.2975
3241,11.4567,,163,,6.254
3242,11.4567,,163,,6.2105
3243,11.461,,163,,6.167
3244,11.4666,,163,,6.1516
3245,11.4715,,163,,6.1362
3246,11.4763,,163,,6.1208
3247,11.481,,163,,6.1054
3248,11.4852,,163,,6.09
3249,11.4903,,163,,6.0942
3250,11.4946,,163,,6.0984
3251,11.4986,,163,,6.1026
3252,11.5032,,163,,6.1068
3253,11.5125,,163,,6.111
3254,11.5125,,163,,6.10417
3255,11.5174,,163,,6.09733
3256,11.522,,163,,6.0905
3257,11.5265,,163,,6.08367
3258,11.5311,,163,,6.07683
3259,11.5362,,162,,6.07
3260,11.5408,,163,,6.04417
3261,11.5448,,163,,6.01833
3262,11.5485,,163,,5.9925
3263,11.5516,,162,,5.96667
3264,11.5549,,163,,5.94083
3265,11.5579,,164,,5.915
3266,11.564,,164,,5.86583
3267,11.564,,164,,5.81667
3268,11.5668,,163,,5.7675
3269,11.5702,,164,,5.71833
3270,11.574,,165,,5.66917
3271,11.5783,,165,,5.62
3272,11.5822,,164,,5.5482
3273,11.5863,,164,,5.4764
3274,11.5901,,164,,5.4046
3275,11.595,,165,,5.3328
3276,11.5994,,164,,5.261
3277,11.6034,,165,,5.15325
3278,11.6075,,165,,5.0455
3279,11.6119,,165,,4.93775
3280,11.62,,164,,4.83
3281,11.62,,164,,4.76717
3282,11.6236,,164,,4.70433
3283,11.6274,,165,,4.6415
3284,11.6314,,166,,4.57867
3285,11.6359,,166,,4.51583
3286,11.6445,,165,,4.453
3287,11.6445,,165,,4.40643
3288,11.6486,,164,,4.35986
3289,11.6524,,163,,4.31329
3290,11.6597,,164,,4.26671
3291,11.6597,,164,,4.22014
3292,11.6631,,164,,4.17357
3293,11.6665,,164,,4.127
3294,11.6701,,165,,4.0815
3295,11.6736,,164,,4.036
3296,11.6797,,165,,3.9905
3297,11.6797,,165,,3.945
3298,11.6831,,165,,3.8995
3299,11.687,,165,,3.854
3300,11.6907,,164,,3.8195
3301,11.6947,,164,,3.785
3302,11.6988,,164,,3.7505
3303,11.7028,,164,,3.716
3304,11.7062,,164,,3.6815
3305,11.7097,,164,,3.647
3306,11.7136,,164,,3.62317
3307,11.7176,,164,,3.59933
3308,11.7219,,164,,3.5755
3309,11.7259,,164,,3.55167
3310,11.7296,,162,,3.52783
3311,11.7332,,162,,3.504
3312,11.7392,,163,,3.4958
3313,11.7392,,163,,3.4876
3314,11.7426,,164,,3.4794
3315,11.746,,164,,3.4712
3316,11.7548,,164,,3.463
3317,11.7548,,164,,3.4685
3318,11.7595,,164,,3.474
3319,11.7637,,165,,3.4795
3320,11.7678,,164,,3.485
3321,11.7722,,164,,3.4905
3322,11.7762,,164,,3.496
3323,11.7796,,164,,3.51783
3324,11.783,,164,,3.53967
3325,11.7863,,164,,3.5615
3326,11.7897,,164,,3.58333
3327,11.7936,,164,,3.60517
3328,11.7974,,165,,3.627
3329,11.8011,,165,,3.66433
3330,11.8053,,165,,3.70167
3331,11.814,,166,,3.739
3332,11.814,,166,,3.77633
3333,11.8179,,166,,3.81367
3334,11.8217,,164,,3.851
3335,11.8259,,163,,3.88514
3336,11.8294,,164,,3.91929
3337,11.8351,,164,,3.95343
3338,11.8351,,164,,3.98757
3339,11.8374,,164,,4.02171
3340,11.8404,,164,,4.05586
3341,11.8436,,165,,4.09
3342,11.846,,164,,4.11262
3343,11.8489,,164,,4.13525
3344,11.8513,,163,,4.15787
3345,11.8535,,164,,4.1805
3346,11.8556,,164,,4.20312
3347,11.8585,,165,,4.22575
3348,11.8613,,165,,4.24837
3349,11.8688,,165,,4.271
3350,11.8688,,165,,4.28143
3351,11.8722,,166,,4.29186
3352,11.876,,166,,4.30229
3353,11.8799,,165,,4.31271
3354,11.884,,164,,4.32314
3355,11.8876,,164,,4.33357
3356,11.8962,,163,,4.344
3357,11.8962,,163,,4.339
3358,11.9008,,165,,4.334
3359,11.905,,165,,4.329
3360,11.9093,,165,,4.324
3361,11.9137,,165,,4.319
3362,11.9175,,166,,4.314
3363,11.9215,,166,,4.28633
3364,11.9255,,165,,4.25867
3365,11.9294,,165,,4.231
3366,11.9331,,164,,4.20333
3367,11.937,,164,,4.17567
3368,11.9408,,164,,4.148
3369,11.9449,,164,,4.1105
3370,11.9492,,165,,4.073
3371,11.9532,,165,,4.0355
3372,11.957,,165,,3.998
3373,11.9606,,165,,3.9605
3374,11.9641,,165,,3.923
3375,11.9677,,164,,3.88429
3376,11.971,,164,,3.84557
3377,11.9739,,164,,3.80686
3378,11.9807,,164,,3.76814
3379,11.9807,,164,,3.72943
3380,11.9846,,165,,3.69071
3381,11.9884,,165,,3.652
3382,11.9922,,163,,3.60583
3383,11.9961,,163,,3.55967
3384,12,,164,,3.5135
3385,12.0037,,164,,3.46733
3386,12.0066,,165,,3.42117
3387,12.021,,165,,3.375
3388,12.0289,,164,,3.33233
3389,12.0319,,164,,3.28967
3390,12.0359,,164,,3.247
3391,12.0388,,164,,3.20433
3392,12.0414,,164,,3.16167
3393,12.0442,,164,,3.119
3394,12.046,,164,,3.088
3395,12.0477,,164,,3.057
3396,12.0501,,165,,3.026
3397,12.0548,,165,,2.995
3398,12.0587,,163,,2.964
3399,12.0634,,163,,2.933
3400,12.0678,,164,,2.902
3401,12.0722,,164,,2.8682
3402,12.0767,,164,,2.8344
3403,12.081,,164,,2.8006
3404,12.085,,163,,2.7668
3405,12.0893,,163,,2.733
3406,12.0931,,164,,2.70986
3407,12.0968,,164,,2.68671
3408,12.1003,,164,,2.66357
3409,12.1035,,163,,2.64043
3410,12.1065,,163,,2.61729
3411,12.1088,,163,,2.59414
3412,12.1161,,162,,2.571
3413,12.1161,,162,,2.5555
3414,12.12,,162,,2.54
3415,12.1245,,163,,2.5245
3416,12.1287,,163,,2.509
3417,12.1326,,163,,2.4935
3418,12.139,,163,,2.478
3419,12.139,,163,,2.4802
3420,12.1414,,163,,2.4824
3421,12.1439,,162,,2.4846
3422,12.1481,,162,,2.4868
3423,12.1481,,162,,2.489
3424,12.1507,,162,,2.4912
3425,12.1535,,163,,2.4934
3426,12.1587,,163,,2.4956
3427,12.1587,,163,,2.4978
3428,12.1623,,163,,2.5
3429,12.1675,,163,,2.5126
3430,12.1714,,163,,2.5252
3431,12.1764,,163,,2.5378
3432,12.1801,,163,,2.5504
3433,12.1844,,163,,2.563
3434,12.1892,,164,,2.566
3435,12.1933,,164,,2.569
3436,12.198,,164,,2.572
3437,12.2027,,164,,2.575
3438,12.2073,,164,,2.578
3439,12.2122,,164,,2.57633
3440,12.2163,,164,,2.57467
3441,12.2194,,164,,2.573
3442,12.2224,,164,,2.57133
3443,12.226,,164,,2.56967
3444,12.2293,,164,,2.568
3445,12.2369,,164,,2.5682
3446,12.2369,,164,,2.5684
3447,12.2406,,164,,2.5686
3448,12.2444,,164,,2.5688
3449,12.2522,,164,,2.569
3450,12.2522,,164,,2.56129
3451,12.2559,,164,,2.55357
3452,12.2598,,164,,2.54586
3453,12.2665,,165,,2.53814
3454,12.2665,,165,,2.53043
3455,12.2698,,164,,2.52271
3456,12.2734,,164,,2.515
3457,12.277,,163,,2.50967
3458,12.2811,,163,,2.50433
3459,12.289,,163,,2.499
3460,12.289,,163,,2.49367
3461,12.2926,,163,,2.48833
3462,12.2951,,163,,2.483
3463,12.3023,,162,,2.494
3464,12.3023,,162,,2.505
3465,12.3057,,162,,2.516
3466,12.3092,,163,,2.527
3467,12.3129,,161,,2.538
3468,12.3171,,161,,2.549
3469,12.3214,,161,,2.57983
3470,12.3254,,161,,2.61067
3471,12.3294,,162,,2.6415
3472,12.3332,,162,,2.67233
3473,12.3369,,162,,2.70317
3474,12.3407,,162,,2.734
3475,12.3443,,163,,2.78217
3476,12.348,,163,,2.83033
3477,12.3513,,163,,2.8785
3478,12.3576,,163,,2.92667
3479,12.3593,,163,,2.97483
3480,12.362,,163,,3.023
3481,12.3681,,164,,3.0764
3482,12.3681,,164,,3.1298
3483,12.3741,,163,,3.1832
3484,12.3794,,162,,3.2366
3485,12.3841,,162,,3.29
3486,12.3873,,162,,3.33583
3487,12.3945,,162,,3.38167
3488,12.3945,,162,,3.4275
3489,12.3985,,162,,3.47333
3490,12.4022,,162,,3.51917
3491,12.406,,162,,3.565
3492,12.4095,,162,,3.61163
3493,12.4149,,162,,3.65825
3494,12.4149,,162,,3.70488
3495,12.4171,,162,,3.7515
3496,12.4195,,163,,3.79813
3497,12.4257,,163,,3.84475
3498,12.4257,,163,,3.89138
3499,12.4284,,163,,3.938
3500,12.4312,,163,,3.995
3501,12.4341,,163,,4.052
3502,12.4373,,163,,4.109
3503,12.4403,,163,,4.166
3504,12.4456,,164,,4.223
3505,12.4456,,163,,4.28
3506,12.449,,163,,4.337
3507,12.4529,,163,,4.4188
3508,12.4607,,163,,4.5006
3509,12.4607,,163,,4.5824
3510,12.4684,,163,,4.6642
3511,12.4748,,163,,4.746
3512,12.4807,,163,,4.90533
3513,12.4844,,163,,5.06467
3514,12.4964,,164,,5.224
3515,12.4964,,164,,5.30083
3516,12.5058,,162,,5.37767
3517,12.5058,,162,,5.4545
3518,12.5087,,162,,5.53133
3519,12.5123,,162,,5.60817
3520,12.5195,,162,,5.685
3521,12.5195,,162,,5.74657
3522,12.5236,,163,,5.80814
3523,12.5272,,163,,5.86971
3524,12.5305,,163,,5.93129
3525,12.5352,,163,,5.99286
3526,12.539,,162,,6.05443
3527,12.5421,,162,,6.116
3528,12.55,,162,,6.15856
3529,12.55,,162,,6.20111
3530,12.5529,,162,,6.24367
3531,12.5547,,163,,6.28622
3532,12.5578,,163,,6.32878
3533,12.5578,,163,,6.37133
3534,12.5608,,163,,6.41389
3535,12.5625,,163,,6.45644
3536,12.5652,,164,,6.499
3537,12.5652,,164,,6.52591
3538,12.5671,,164,,6.55282
3539,12.5688,,164,,6.57973
3540,12.5731,,164,,6.60664
3541,12.5731,,164,,6.63355
3542,12.5757,,164,,6.66045
3543,12.578,,164,,6.68736
3544,12.5823,,164,,6.71427
3545,12.5823,,164,,6.74118
3546,12.5837,,164,,6.76809
3547,12.5878,,164,,6.795
3548,12.59,,164,,6.8556
3549,12.592,,164,,6.9162
3550,12.6021,,164,,6.9768
3551,12.6021,,164,,7.0374
3552,12.6088,,164,,7.098
3553,12.6134,,164,,7.1706
3554,12.6145,,164,,7.2432
3555,12.6193,,164,,7.3158
3556,12.6249,,163,,7.3884
3557,12.6306,,163,,7.461
3558,12.6363,,163,,7.513
3559,12.6386,,164,,7.565
3560,12.6439,,164,,7.617
3561,12.6465,,163,,7.669
3562,12.6465,,163,,7.721
3563,12.6496,,163,,7.773
3564,12.6531,,163,,7.825
3565,12.6566,,164,,7.8864
3566,12.6603,,164,,7.9478
3567,12.6643,,163,,8.0092
3568,12.6676,,163,,8.0706
3569,12.6776,,162,,8.132
3570,12.6776,,162,,8.165
3571,12.6842,,161,,8.198
3572,12.6899,,161,,8.231
3573,12.6933,,160,,8.264
3574,12.6965,,160,,8.297
3575,12.7003,,160,,8.33
3576,12.7033,,161,,8.3405
3577,12.7063,,161,,8.351
3578,12.7091,,161,,8.3615
3579,12.715,,161,,8.372
3580,12.715,,161,,8.3825
3581,12.7215,,161,,8.393
3582,12.7251,,162,,8.3912
3583,12.729,,161,,8.3894
3584,12.7328,,161,,8.3876
3585,12.7359,,161,,8.3858
3586,12.7422,,161,,8.384
3587,12.7446,,161,,8.38014
3588,12.7467,,161,,8.37629
3589,12.7518,,161,,8.37243
3590,12.7539,,161,,8.36857
3591,12.7583,,162,,8.36471
3592,12.7605,,162,,8.36086
3593,12.7645,,161,,8.357
3594,12.7645,,161,,8.35363
3595,12.7664,,161,,8.35025
3596,12.7684,,162,,8.34688
3597,12.7726,,162,,8.3435
3598,12.7726,,162,,8.34013
3599,12.7778,,162,,8.33675
3600,12.781,,162,,8.33338
3601,12.7891,,162,,8.33
3602,12.7891,,162,,8.33283
3603,12.7915,,163,,8.33567
3604,12.7984,,164,,8.3385
3605,12.804,,164,,8.34133
3606,12.8088,,164,,8.34417
3607,12.8138,,163,,8.347
3608,12.8182,,163,,8.35063
3609,12.8208,,162,,8.35425
3610,12.8235,,162,,8.35788
3611,12.8258,,162,,8.3615
3612,12.8279,,162,,8.36513
3613,12.8305,,162,,8.36875
3614,12.8326,,162,,8.37238
3615,12.8402,,162,,8.376
3616,12.8402,,162,,8.3763
3617,12.8421,,162,,8.3766
3618,12.8441,,160,,8.3769
3619,12.8464,,160,,8.3772
3620,12.8518,,160,,8.3775
3621,12.8518,,160,,8.3778
3622,12.8542,,160,,8.3781
3623,12.857,,160,,8.3784
3624,12.8594,,160,,8.3787
3625,12.8621,,160,,8.379
3626,12.869,,160,,8.38071
3627,12.869,,160,,8.38243
3628,12.8728,,160,,8.38414
3629,12.8764,,160,,8.38586
3630,12.8825,,161,,8.38757
3631,12.8825,,161,,8.38929
3632,12.885,,161,,8.391
3633,12.8879,,161,,8.40338
3634,12.8907,,159,,8.41575
3635,12.8937,,160,,8.42813
3636,12.899,,160,,8.4405
3637,12.899,,161,,8.45288
3638,12.902,,161,,8.46525
3639,12.9052,,161,,8.47762
3640,12.9078,,161,,8.49
3641,12.9114,,161,,8.522
3642,12.9149,,160,,8.554
3643,12.9187,,160,,8.586
3644,12.9238,,161,,8.618
3645,12.9272,,161,,8.65
3646,12.938,,161,,8.682
3647,12.938,,161,,8.7216
3648,12.9445,,161,,8.7612
3649,12.951,,162,,8.8008
3650,12.9558,,164,,8.8404
3651,12.9598,,164,,8.88
3652,12.9634,,164,,8.89933
3653,12.9667,,164,,8.91867
3654,12.9704,,163,,8.938
3655,12.9775,,163,,8.95733
3656,12.9775,,163,,8.97667
3657,12.9813,,163,,8.996
3658,12.9878,,163,,8.99783
3659,12.9913,,160,,8.99967
3660,12.9943,,160,,9.0015
3661,13.0013,,161,,9.00333
3662,13.0013,,161,,9.00517
3663,13.0043,,161,,9.007
3664,13.008,,161,,8.99629
3665,13.011,,160,,8.98557
3666,13.0151,,160,,8.97486
3667,13.0215,,160,,8.96414
3668,13.0215,,160,,8.95343
3669,13.0244,,160,,8.94271
3670,13.0268,,160,,8.932
3671,13.0323,,160,,8.91633
3672,13.0323,,160,,8.90067
3673,13.0353,,160,,8.885
3674,13.0382,,160,,8.86933
3675,13.0404,,159,,8.85367
3676,13.0404,,159,,8.838
3677,13.0426,,158,,8.82233
3678,13.0454,,159,,8.80667
3679,13.048,,160,,8.791
3680,13.0508,,160,,8.76357
3681,13.0535,,160,,8.73614
3682,13.0561,,160,,8.70871
3683,13.0638,,160,,8.68129
3684,13.0638,,160,,8.65386
3685,13.0673,,160,,8.62643
3686,13.0715,,160,,8.599
3687,13.0747,,160,,8.56714
3688,13.0778,,161,,8.53529
3689,13.0811,,161,,8.50343
3690,13.0845,,161,,8.47157
3691,13.0911,,161,,8.43971
3692,13.0911,,161,,8.40786
3693,13.0942,,161,,8.376
3694,13.0978,,161,,8.32757
3695,13.1043,,159,,8.27914
3696,13.1043,,159,,8.23071
3697,13.107,,159,,8.18229
3698,13.1103,,159,,8.13386
3699,13.1138,,159,,8.08543
3700,13.1167,,159,,8.037
3701,13.1224,,159,,7.97671
3702,13.1224,,159,,7.91643
3703,13.1245,,160,,7.85614
3704,13.1286,,160,,7.79586
3705,13.1324,,161,,7.73557
3706,13.1353,,161,,7.67529
3707,13.1424,,161,,7.615
3708,13.1424,,161,,7.54829
3709,13.1458,,161,,7.48157
3710,13.1492,,161,,7.41486
3711,13.1561,,161,,7.34814
3712,13.1561,,161,,7.28143
3713,13.1597,,161,,7.21471
3714,13.1635,,160,,7.148
3715,13.1675,,160,,7.062
3716,13.1717,,160,,6.976
3717,13.1765,,161,,6.89
3718,13.1802,,161,,6.804
3719,13.1848,,161,,6.718
3720,13.188,,160,,6.67233
3721,13.1914,,160,,6.62667
3722,13.1987,,160,,6.581
3723,13.1987,,160,,6.53533
3724,13.2023,,160,,6.48967
3725,13.2057,,160,,6.444
3726,13.2132,,160,,6.4154
3727,13.2132,,160,,6.3868
3728,13.217,,160,,6.3582
3729,13.2222,,161,,6.3296
3730,13.226,,161,,6.301
3731,13.2295,,161,,6.3
3732,13.2329,,160,,6.299
3733,13.2361,,160,,6.298
3734,13.2417,,159,,6.297
3735,13.2417,,160,,6.296
3736,13.2449,,160,,6.295
3737,13.2487,,160,,6.294
3738,13.2571,,160,,6.3186
3739,13.2571,,160,,6.3432
3740,13.2612,,160,,6.3678
3741,13.2653,,160,,6.3924
3742,13.2722,,160,,6.417
3743,13.2722,,160,,6.44337
3744,13.2751,,160,,6.46975
3745,13.2777,,160,,6.49613
3746,13.2806,,160,,6.5225
3747,13.2837,,160,,6.54887
3748,13.2897,,160,,6.57525
3749,13.2897,,160,,6.60163
3750,13.2938,,160,,6.628
3751,13.2974,,161,,6.6675
3752,13.3014,,159,,6.707
3753,13.3049,,159,,6.7465
3754,13.3119,,158,,6.786
3755,13.3119,,158,,6.8255
3756,13.3141,,158,,6.865
3757,13.3158,,158,,6.8825
3758,13.3196,,159,,6.9
3759,13.3196,,159,,6.9175
3760,13.3214,,159,,6.935
3761,13.3233,,159,,6.9525
3762,13.3257,,159,,6.97
3763,13.3257,,159,,6.9875
3764,13.3265,,159,,7.005
3765,13.3275,,159,,7.0225
3766,13.3304,,159,,7.04
3767,13.3304,,159,,7.0575
3768,13.3323,,159,,7.075
3769,13.3343,,159,,7.0925
3770,13.3382,,159,,7.11
3771,13.3382,,159,,7.12833
3772,13.3402,,159,,7.14667
3773,13.3423,,159,,7.165
3774,13.3497,,160,,7.18333
3775,13.3497,,160,,7.20167
3776,13.3754,,160,,7.22
3777,13.3912,,160,,7.2255
3778,13.3997,,160,,7.231
3779,13.4068,,160,,7.241
3780,13.4136,,160,,7.251
3781,13.4198,,160,,7.261
3782,13.4263,,160,,7.271
3783,13.4318,,160,,7.28075
3784,13.4374,,160,,7.2905
3785,13.4433,,160,,7.30025
3786,13.4479,,160,,7.31
3787,13.4523,,160,,7.308
3788,13.4562,,160,,7.306
3789,13.4602,,160,,7.304
3790,13.4676,,160,,7.302
3791,13.4676,,160,,7.3
3792,13.4719,,160,,7.298
3793,13.4774,,159,,7.27367
3794,13.4855,,160,,7.24933
3795,13.4949,,160,,7.225
3796,13.5007,,159,,7.1945
3797,13.5046,,159,,7.164
3798,13.5077,,159,,7.1335
3799,13.5102,,159,,7.103
3800,13.5127,,159,,7.0725
3801,13.5178,,161,,7.042
3802,13.5178,,161,,7.00622
3803,13.5201,,160,,6.97044
3804,13.5226,,160,,6.93467
3805,13.5268,,159,,6.89889
3806,13.5268,,159,,6.86311
3807,13.5294,,158,,6.82733
3808,13.5322,,158,,6.79156
3809,13.5375,,159,,6.75578
3810,13.5445,,159,,6.72
3811,13.5523,,158,,6.601
3812,13.5567,,158,,6.482
3813,13.5652,,158,,6.363
3814,13.5652,,159,,6.32875
3815,13.5692,,159,,6.2945
3816,13.5721,,159,,6.26025
3817,13.5781,,160,,6.226
3818,13.5781,,160,,6.19175
3819,13.5848,,160,,6.1575
3820,13.5848,,160,,6.12325
3821,13.5882,,161,,6.089
3822,13.5917,,160,,6.07567
3823,13.5953,,160,,6.06233
3824,13.6004,,160,,6.049
3825,13.6088,,160,,6.03567
3826,13.6088,,160,,6.02233
3827,13.6127,,160,,6.009
3828,13.6171,,160,,6.013
3829,13.6209,,159,,6.017
3830,13.6241,,159,,6.021
3831,13.6309,,160,,6.025
3832,13.6309,,160,,6.029
3833,13.635,,160,,6.033
3834,13.639,,159,,6.0304
3835,13.643,,159,,6.0278
3836,13.6472,,159,,6.0252
3837,13.6529,,159,,6.0226
3838,13.6575,,159,,6.02
3839,13.6618,,160,,5.99883
3840,13.6659,,160,,5.97767
3841,13.6735,,160,,5.9565
3842,13.6735,,160,,5.93533
3843,13.6769,,160,,5.91417
3844,13.6806,,160,,5.893
3845,13.6836,,160,,5.8625
3846,13.6865,,160,,5.832
3847,13.6889,,160,,5.8015
3848,13.6912,,160,,5.771
3849,13.6966,,160,,5.7405
3850,13.6966,,160,,5.71
3851,13.7004,,160,,5.6795
3852,13.705,,160,,5.649
3853,13.7097,,160,,5.5728
3854,13.7144,,160,,5.4966
3855,13.7191,,160,,5.4204
3856,13.7241,,160,,5.3442
3857,13.7285,,160,,5.268
3858,13.7328,,159,,5.182
3859,13.737,,159,,5.096
3860,13.7412,,158,,5.01
3861,13.7448,,158,,4.924
3862,13.7515,,158,,4.838
3863,13.7515,,158,,4.78686
3864,13.7604,,159,,4.73571
3865,13.7604,,159,,4.68457
3866,13.7643,,159,,4.63343
3867,13.7682,,159,,4.58229
3868,13.7719,,159,,4.53114
3869,13.7758,,159,,4.48
3870,13.7792,,159,,4.429
3871,13.783,,159,,4.378
3872,13.7867,,160,,4.327
3873,13.7902,,160,,4.276
3874,13.7941,,161,,4.225
3875,13.7981,,162,,4.174
3876,13.8056,,162,,4.1252
3877,13.8056,,162,,4.0764
3878,13.8097,,161,,4.0276
3879,13.8138,,161,,3.9788
3880,13.8216,,161,,3.93
3881,13.8216,,161,,3.89857
3882,13.8249,,161,,3.86714
3883,13.8283,,161,,3.83571
3884,13.8318,,160,,3.80429
3885,13.8352,,160,,3.77286
3886,13.8388,,161,,3.74143
3887,13.8424,,161,,3.71
3888,13.8455,,162,,3.6808
3889,13.849,,162,,3.6516
3890,13.8532,,161,,3.6224
3891,13.8569,,161,,3.5932
3892,13.8638,,161,,3.564
3893,13.8638,,161,,3.55514
3894,13.8673,,162,,3.54629
3895,13.8712,,162,,3.53743
3896,13.8752,,163,,3.52857
3897,13.8787,,163,,3.51971
3898,13.8828,,163,,3.51086
3899,13.8873,,163,,3.502
3900,13.8962,,162,,3.5038
3901,13.8962,,162,,3.5056
3902,13.9006,,161,,3.5074
3903,13.9046,,161,,3.5092
3904,13.9087,,160,,3.511
3905,13.9122,,161,,3.53217
3906,13.916,,160,,3.55333
3907,13.9198,,160,,3.5745
3908,13.9273,,160,,3.59567
3909,13.9273,,160,,3.61683
3910,13.9309,,160,,3.638
3911,13.9347,,160,,3.67733
3912,13.9422,,161,,3.71667
3913,13.9422,,161,,3.756
3914,13.9491,,161,,3.79533
3915,13.9491,,162,,3.83467
3916,13.9522,,162,,3.874
3917,13.9548,,161,,3.907
3918,13.9575,,161,,3.94
3919,13.9588,,160,,3.973
3920,13.9613,,160,,4.006
3921,13.9642,,160,,4.039
3922,13.9671,,160,,4.072
3923,13.9732,,161,,4.105
3924,13.9732,,161,,4.12712
3925,13.9763,,161,,4.14925
3926,13.9796,,162,,4.17137
3927,13.9829,,162,,4.1935
3928,13.9854,,162,,4.21562
3929,13.9917,,161,,4.23775
3930,13.9917,,161,,4.25987
3931,13.9958,,161,,4.282
3932,13.9995,,161,,4.2965
3933,14.007,,162,,4.311
3934,14.007,,162,,4.3255
3935,14.0107,,162,,4.34
3936,14.0143,,162,,4.3545
3937,14.0214,,162,,4.369
3938,14.0214,,162,,4.36057
3939,14.0246,,162,,4.35214
3940,14.0277,,162,,4.34371
3941,14.0314,,162,,4.33529
3942,14.0351,,162,,4.32686
3943,14.0387,,162,,4.31843
3944,14.0427,,163,,4.31
3945,14.0468,,162,,4.2828
3946,14.051,,162,,4.2556
3947,14.0552,,162,,4.2284
3948,14.0594,,162,,4.2012
3949,14.0634,,162,,4.174
3950,14.0672,,162,,4.1395
3951,14.0745,,162,,4.105
3952,14.0745,,162,,4.0705
3953,14.0828,,162,,4.036
3954,14.0828,,162,,4.0015
3955,14.0869,,162,,3.967
3956,14.091,,162,,3.9158
3957,14.0951,,162,,3.8646
3958,14.0997,,162,,3.8134
3959,14.1043,,162,,3.7622
3960,14.1093,,162,,3.711
3961,14.1131,,162,,3.665
3962,14.1168,,161,,3.619
3963,14.1204,,161,,3.573
3964,14.1241,,161,,3.527
3965,14.1277,,161,,3.481
3966,14.1313,,161,,3.435
3967,14.135,,161,,3.41182
3968,14.1386,,161,,3.38864
3969,14.1422,,161,,3.36545
3970,14.1422,,160,,3.34227
3971,14.1422,,160,,3.31909
3972,14.1445,,161,,3.29591
3973,14.1456,,161,,3.27273
3974,14.1456,,161,,3.24955
3975,14.1476,,161,,3.22636
3976,14.1498,,162,,3.20318
3977,14.1613,,162,,3.18
3978,14.1613,,162,,3.144
3979,14.1655,,162,,3.108
3980,14.1703,,161,,3.072
3981,14.1804,,161,,3.036
3982,14.1804,,161,,3
3983,14.1853,,161,,2.964
3984,14.1896,,162,,2.93433
3985,14.1935,,162,,2.90467
3986,14.1976,,163,,2.875
3987,14.2056,,163,,2.84533
3988,14.2056,,163,,2.81567
3989,14.209,,163,,2.786
3990,14.2127,,162,,2.75567
3991,14.2204,,162,,2.72533
3992,14.2204,,162,,2.695
3993,14.2239,,162,,2.66467
3994,14.2277,,162,,2.63433
3995,14.2357,,162,,2.604
3996,14.2357,,162,,2.58329
3997,14.2398,,162,,2.56257
3998,14.2435,,162,,2.54186
3999,14.2503,,162,,2.52114
4000,14.2503,,162,,2.50043
4001,14.254,,162,,2.47971
4002,14.2566,,161,,2.459
4003,14.259,,162,,2.4568
4004,14.2615,,162,,2.4546
4005,14.2663,,162,,2.4524
4006,14.2663,,162,,2.4502
4007,14.2675,,163,,2.448
4008,14.2681,,163,,2.4458
4009,14.2696,,163,,2.4436
4010,14.273,,162,,2.4414
4011,14.2756,,160,,2.4392
4012,14.2793,,160,,2.437
4013,14.2817,,161,,2.44671
4014,14.2857,,161,,2.45643
4015,14.2924,,163,,2.46614
4016,14.2924,,163,,2.47586
4017,14.2954,,163,,2.48557
4018,14.2985,,162,,2.49529
4019,14.3042,,162,,2.505
4020,14.3042,,162,,2.5095
4021,14.307,,162,,2.514
4022,14.3098,,161,,2.5185
4023,14.3159,,162,,2.523
4024,14.3159,,162,,2.5275
4025,14.3211,,162,,2.532
4026,14.3241,,162,,2.5365
4027,14.3278,,162,,2.541
4028,14.3312,,162,,2.53414
4029,14.3347,,161,,2.52729
4030,14.3381,,161,,2.52043
4031,14.3408,,162,,2.51357
4032,14.347,,163,,2.50671
4033,14.347,,163,,2.49986
4034,14.3505,,163,,2.493
4035,14.3537,,162,,2.49367
4036,14.3604,,162,,2.49433
4037,14.3604,,162,,2.495
4038,14.3636,,161,,2.49567
4039,14.3672,,161,,2.49633
4040,14.3739,,161,,2.497
4041,14.3739,,161,,2.49725
4042,14.3771,,160,,2.4975
4043,14.3801,,159,,2.49775
4044,14.3864,,160,,2.498
4045,14.3864,,161,,2.49825
4046,14.3897,,161,,2.4985
4047,14.3924,,161,,2.49875
4048,14.3999,,160,,2.499
4049,14.3999,,160,,2.5065
4050,14.4036,,160,,2.514
4051,14.4063,,161,,2.5215
4052,14.4186,,160,,2.529
4053,14.4186,,160,,2.5365
4054,14.4235,,160,,2.544
4055,14.4279,,160,,2.573
4056,14.4316,,160,,2.602
4057,14.4354,,160,,2.631
4058,14.4398,,160,,2.66
4059,14.444,,160,,2.689
4060,14.447,,160,,2.72786
4061,14.4505,,160,,2.76671
4062,14.4567,,160,,2.80557
4063,14.4567,,160,,2.84443
4064,14.4598,,159,,2.88329
4065,14.464,,159,,2.92214
4066,14.4682,,159,,2.961
4067,14.4734,,159,,3.05225
4068,14.48,,159,,3.1435
4069,14.4849,,159,,3.23475
4070,14.494,,159,,3.326
4071,14.494,,159,,3.36337
4072,14.4977,,159,,3.40075
4073,14.4994,,160,,3.43812
4074,14.5068,,160,,3.4755
4075,14.5068,,160,,3.51287
4076,14.5107,,159,,3.55025
4077,14.5143,,158,,3.58762
4078,14.5176,,160,,3.625
4079,14.5207,,160,,3.66443
4080,14.5271,,160,,3.70386
4081,14.5271,,160,,3.74329
4082,14.5305,,160,,3.78271
4083,14.5334,,160,,3.82214
4084,14.5367,,160,,3.86157
4085,14.5398,,160,,3.901
4086,14.546,,160,,3.95243
4087,14.546,,160,,4.00386
4088,14.5489,,160,,4.05529
4089,14.5515,,160,,4.10671
4090,14.5576,,161,,4.15814
4091,14.5576,,161,,4.20957
4092,14.5603,,162,,4.261
4093,14.5633,,162,,4.33617
4094,14.5694,,161,,4.41133
4095,14.5694,,161,,4.4865
4096,14.5777,,161,,4.56167
4097,14.5777,,161,,4.63683
4098,14.5819,,160,,4.712
4099,14.5852,,160,,4.78883
4100,14.5929,,162,,4.86567
4101,14.5929,,162,,4.9425
4102,14.5959,,162,,5.01933
4103,14.6007,,161,,5.09617
4104,14.6048,,160,,5.173
4105,14.6099,,160,,5.2726
4106,14.6192,,160,,5.3722
4107,14.6192,,160,,5.4718
4108,14.6239,,160,,5.5714
4109,14.6287,,160,,5.671
4110,14.6325,,160,,5.74517
4111,14.6365,,160,,5.81933
4112,14.6398,,159,,5.8935
4113,14.6428,,159,,5.96767
4114,14.6458,,159,,6.04183
4115,14.6524,,160,,6.116
4116,14.6524,,160,,6.17457
4117,14.6556,,160,,6.23314
4118,14.6594,,160,,6.29171
4119,14.663,,160,,6.35029
4120,14.667,,160,,6.40886
4121,14.6697,,160,,6.46743
4122,14.6731,,160,,6.526
4123,14.6782,,161,,6.57171
4124,14.6782,,161,,6.61743
4125,14.6819,,161,,6.66314
4126,14.6859,,161,,6.70886
4127,14.6888,,161,,6.75457
4128,14.6925,,161,,6.80029
4129,14.6949,,161,,6.846
4130,14.6993,,161,,6.89567
4131,14.706,,161,,6.94533
4132,14.706,,161,,6.995
4133,14.7096,,161,,7.04467
4134,14.7137,,161,,7.09433
4135,14.7177,,161,,7.144
4136,14.7224,,161,,7.21083
4137,14.7282,,161,,7.27767
4138,14.7319,,161,,7.3445
4139,14.7352,,160,,7.41133
4140,14.7377,,161,,7.47817
4141,14.7429,,160,,7.545
4142,14.7429,,160,,7.606
4143,14.7457,,161,,7.667
4144,14.7485,,161,,7.728
4145,14.7519,,161,,7.789
4146,14.7553,,161,,7.85
4147,14.7642,,161,,7.911
4148,14.7642,,161,,7.967
4149,14.7688,,162,,8.023
4150,14.7733,,161,,8.079
4151,14.7799,,161,,8.135
4152,14.7861,,161,,8.191
4153,14.7901,,162,,8.2312
4154,14.7937,,162,,8.2714
4155,14.7975,,162,,8.3116
4156,14.801,,162,,8.3518
4157,14.808,,161,,8.392
4158,14.808,,161,,8.3997
4159,14.8116,,161,,8.4074
4160,14.8142,,161,,8.4151
4161,14.8176,,160,,8.4228
4162,14.8176,,160,,8.4305
4163,14.8195,,160,,8.4382
4164,14.8218,,160,,8.4459
4165,14.8269,,163,,8.4536
4166,14.8269,,163,,8.4613
4167,14.8292,,163,,8.469
4168,14.8306,,162,,8.467
4169,14.8343,,161,,8.465
4170,14.8343,,161,,8.463
4171,14.8364,,161,,8.461
4172,14.8401,,161,,8.459
4173,14.8401,,161,,8.457
4174,14.8406,,161,,8.455
4175,14.8427,,161,,8.453
4176,14.8446,,162,,8.451
4177,14.8466,,162,,8.449
4178,14.8512,,161,,8.447
4179,14.8512,,161,,8.44043
4180,14.8534,,163,,8.43386
4181,14.8573,,163,,8.42729
4182,14.8665,,163,,8.42071
4183,14.8665,,163,,8.41414
4184,14.8694,,163,,8.40757
4185,14.8731,,163,,8.401
4186,14.8767,,163,,8.39683
4187,14.8805,,163,,8.39267
4188,14.8881,,163,,8.3885
4189,14.8881,,163,,8.38433
4190,14.8935,,163,,8.38017
4191,14.8991,,162,,8.376
4192,14.9073,,162,,8.38167
4193,14.9138,,162,,8.38733
4194,14.9239,,163,,8.393
4195,14.9239,,163,,8.39467
4196,14.9253,,163,,8.39633
4197,14.9281,,163,,8.398
4198,14.9344,,161,,8.39967
4199,14.9344,,161,,8.40133
4200,14.9409,,163,,8.403
4201,14.9409,,163,,8.40467
4202,14.9437,,164,,8.40633
4203,14.9463,,164,,8.408
4204,14.9536,,164,,8.4
4205,14.9536,,164,,8.392
4206,14.9576,,163,,8.384
4207,14.9612,,163,,8.376
4208,14.9648,,161,,8.368
4209,14.9683,,161,,8.36
4210,14.9752,,161,,8.35786
4211,14.9752,,161,,8.35571
4212,14.9784,,161,,8.35357
4213,14.9814,,161,,8.35143
4214,14.9867,,161,,8.34929
4215,14.9867,,161,,8.34714
4216,14.9894,,161,,8.345
4217,14.9924,,162,,8.3545
4218,14.9979,,161,,8.364
4219,14.9979,,161,,8.3735
4220,15.0012,,160,,8.383
4221,15.0039,,160,,8.3925
4222,15.0098,,161,,8.402
4223,15.0098,,161,,8.4115
4224,15.013,,161,,8.421
4225,15.0163,,161,,8.4598
4226,15.02,,161,,8.4986
4227,15.0244,,161,,8.5374
4228,15.0284,,161,,8.5762
4229,15.0392,,161,,8.615
4230,15.0392,,161,,8.6492
4231,15.0442,,162,,8.6834
4232,15.0499,,162,,8.7176
4233,15.055,,162,,8.7518
4234,15.0682,,162,,8.786
4235,15.0783,,161,,8.81675
4236,15.0834,,161,,8.8475
4237,15.0874,,161,,8.87825
4238,15.0963,,161,,8.909
4239,15.1029,,161,,8.9145
4240,15.1085,,161,,8.92
4241,15.1151,,160,,8.9255
4242,15.1185,,160,,8.931
4243,15.124,,161,,8.9048
4244,15.1284,,161,,8.8786
4245,15.1326,,160,,8.8524
4246,15.1363,,160,,8.8262
4247,15.1431,,160,,8.8
4248,15.1431,,160,,8.777
4249,15.1457,,160,,8.754
4250,15.1481,,160,,8.731
4251,15.1552,,160,,8.708
4252,15.1552,,160,,8.685
4253,15.1588,,159,,8.662
4254,15.162,,158,,8.639
4255,15.1659,,159,,8.616
4256,15.1694,,159,,8.58743
4257,15.1729,,159,,8.55886
4258,15.1785,,158,,8.53029
4259,15.1785,,158,,8.50171
4260,15.1816,,158,,8.47314
4261,15.1853,,158,,8.44457
4262,15.1912,,158,,8.416
4263,15.1912,,158,,8.39087
4264,15.1941,,158,,8.36575
4265,15.1971,,158,,8.34062
4266,15.2033,,159,,8.3155
4267,15.2033,,159,,8.29037
4268,15.2064,,159,,8.26525
4269,15.2101,,160,,8.24012
4270,15.2162,,159,,8.215
4271,15.2162,,159,,8.181
4272,15.2191,,159,,8.147
4273,15.223,,159,,8.113
4274,15.2281,,160,,8.079
4275,15.233,,160,,8.045
4276,15.2417,,161,,8.011
4277,15.2417,,161,,7.97125
4278,15.2456,,160,,7.9315
4279,15.2493,,160,,7.89175
4280,15.256,,159,,7.852
4281,15.256,,159,,7.81225
4282,15.2583,,158,,7.7725
4283,15.2608,,158,,7.73275
4284,15.2674,,158,,7.693
4285,15.2674,,158,,7.645
4286,15.2709,,158,,7.597
4287,15.2743,,158,,7.549
4288,15.2784,,159,,7.501
4289,15.2812,,159,,7.453
4290,15.2858,,160,,7.405
4291,15.2858,,160,,7.357
4292,15.2878,,160,,7.309
4293,15.2915,,160,,7.261
4294,15.2994,,159,,7.19833
4295,15.2994,,159,,7.13567
4296,15.3072,,159,,7.073
4297,15.3072,,159,,7.01033
4298,15.3107,,160,,6.94767
4299,15.314,,160,,6.885
4300,15.3208,,159,,6.84575
4301,15.3208,,159,,6.8065
4302,15.3224,,158,,6.76725
4303,15.3254,,158,,6.728
4304,15.3275,,158,,6.68875
4305,15.3306,,158,,6.6495
4306,15.334,,157,,6.61025
4307,15.3371,,157,,6.571
4308,15.3398,,157,,6.55043
4309,15.3424,,157,,6.52986
4310,15.3463,,158,,6.50929
4311,15.3501,,157,,6.48871
4312,15.354,,158,,6.46814
4313,15.3577,,158,,6.44757
4314,15.3657,,159,,6.427
4315,15.3657,,159,,6.429
4316,15.3744,,158,,6.431
4317,15.3744,,158,,6.433
4318,15.3782,,157,,6.435
4319,15.3819,,159,,6.437
4320,15.3856,,159,,6.439
4321,15.3892,,159,,6.441
4322,15.3924,,159,,6.46243
4323,15.3953,,159,,6.48386
4324,15.4006,,160,,6.50529
4325,15.4006,,160,,6.52671
4326,15.4071,,159,,6.54814
4327,15.4071,,159,,6.56957
4328,15.4104,,159,,6.591
4329,15.4133,,159,,6.62614
4330,15.4164,,159,,6.66129
4331,15.4208,,158,,6.69643
4332,15.4241,,158,,6.73157
4333,15.4272,,159,,6.76671
4334,15.4298,,159,,6.80186
4335,15.4355,,158,,6.837
4336,15.4355,,158,,6.86937
4337,15.4392,,158,,6.90175
4338,15.4426,,158,,6.93412
4339,15.4457,,158,,6.9665
4340,15.4481,,158,,6.99887
4341,15.4537,,158,,7.03125
4342,15.4537,,158,,7.06362
4343,15.4571,,158,,7.096
4344,15.4599,,158,,7.113
4345,15.462,,158,,7.13
4346,15.4642,,158,,7.147
4347,15.4658,,159,,7.164
4348,15.4674,,159,,7.181
4349,15.4707,,158,,7.198
4350,15.4707,,158,,7.215
4351,15.4733,,157,,7.232
4352,15.4766,,158,,7.249
4353,15.4805,,159,,7.266
4354,15.4805,,159,,7.28433
4355,15.4815,,159,,7.30267
4356,15.4867,,159,,7.321
4357,15.4867,,158,,7.33933
4358,15.4893,,158,,7.35767
4359,15.4967,,158,,7.376
4360,15.4967,,158,,7.39433
4361,15.4998,,158,,7.41267
4362,15.5017,,158,,7.431
4363,15.5041,,158,,7.44357
4364,15.5059,,158,,7.45614
4365,15.5129,,158,,7.46871
4366,15.5129,,158,,7.48129
4367,15.5151,,158,,7.49386
4368,15.5173,,158,,7.50643
4369,15.5238,,157,,7.519
4370,15.5238,,157,,7.52225
4371,15.5256,,157,,7.5255
4372,15.5267,,157,,7.52875
4373,15.5296,,158,,7.532
4374,15.5296,,158,,7.53525
4375,15.5296,,158,,7.5385
4376,15.5302,,158,,7.54175
4377,15.5331,,158,,7.545
4378,15.536,,158,,7.54825
4379,15.5389,,159,,7.5515
4380,15.5418,,159,,7.55475
4381,15.5447,,159,,7.558
4382,15.5475,,159,,7.55325
4383,15.5504,,160,,7.5485
4384,15.5533,,160,,7.54375
4385,15.5562,,160,,7.539
4386,15.559,,160,,7.53425
4387,15.5619,,160,,7.5295
4388,15.5648,,160,,7.52475
4389,15.5677,,160,,7.52
4390,15.5705,,160,,7.50162
4391,15.5734,,160,,7.48325
4392,15.5763,,160,,7.46487
4393,15.5792,,160,,7.4465
4394,15.5821,,160,,7.42812
4395,15.5849,,159,,7.40975
4396,15.5878,,159,,7.39137
4397,15.5906,,158,,7.373
4398,15.5935,,158,,7.34662
4399,15.5963,,159,,7.32025
4400,15.5992,,159,,7.29387
4401,15.602,,160,,7.2675
4402,15.6049,,160,,7.24112
4403,15.6076,,161,,7.21475
4404,15.6104,,160,,7.18837
4405,15.6132,,160,,7.162
4406,15.616,,160,,7.1265
4407,15.6189,,159,,7.091
4408,15.6217,,159,,7.0555
4409,15.6245,,160,,7.02
4410,15.6274,,160,,6.9845
4411,15.6302,,160,,6.949
4412,15.6331,,160,,6.9135
4413,15.6359,,159,,6.878
4414,15.6388,,159,,6.8275
4415,15.6416,,160,,6.777
4416,15.6444,,160,,6.7265
4417,15.6473,,160,,6.676
4418,15.6501,,160,,6.6255
4419,15.6529,,160,,6.575
4420,15.6557,,160,,6.5245
4421,15.6586,,160,,6.474
4422,15.6614,,159,,6.419
4423,15.6642,,159,,6.364
4424,15.667,,159,,6.309
4425,15.6698,,158,,6.254
4426,15.6727,,158,,6.199
4427,15.6755,,158,,6.144
4428,15.6783,,157,,6.089
4429,15.6811,,157,,6.034
4430,15.684,,157,,5.98625
4431,15.6868,,157,,5.9385
4432,15.6896,,156,,5.89075
4433,15.6924,,156,,5.843
4434,15.6953,,157,,5.79525
4435,15.6981,,157,,5.7475
4436,15.7009,,157,,5.69975
4437,15.7037,,157,,5.652
4438,15.7065,,158,,5.61462
4439,15.7092,,158,,5.57725
4440,15.712,,159,,5.53987
4441,15.7147,,159,,5.5025
4442,15.7175,,158,,5.46512
4443,15.7202,,158,,5.42775
4444,15.723,,158,,5.39037
4445,15.7257,,158,,5.353
4446,15.7285,,158,,5.332
4447,15.7313,,158,,5.311
4448,15.7341,,160,,5.29
4449,15.7368,,160,,5.269
4450,15.7396,,159,,5.248
4451,15.7424,,159,,5.227
4452,15.7451,,158,,5.206
4453,15.7479,,158,,5.185
4454,15.7507,,155,,5.17312
4455,15.7535,,155,,5.16125
4456,15.7563,,154,,5.14937
4457,15.7591,,154,,5.1375
4458,15.762,,156,,5.12562
4459,15.7648,,156,,5.11375
4460,15.7676,,159,,5.10187
4461,15.7704,,159,,5.09
4462,15.7733,,157,,5.08637
4463,15.7761,,157,,5.08275
4464,15.7789,,156,,5.07912
4465,15.7817,,156,,5.0755
4466,15.7845,,156,,5.07187
4467,15.7874,,156,,5.06825
4468,15.7902,,156,,5.06462
4469,15.793,,157,,5.061
4470,15.7959,,156,,5.05875
4471,15.7987,,156,,5.0565
4472,15.8016,,155,,5.05425
4473,15.8044,,155,,5.052
4474,15.8072,,156,,5.04975
4475,15.8101,,156,,5.0475
4476,15.8129,,156,,5.04525
4477,15.8157,,156,,5.043
4478,15.8185,,156,,5.04
4479,15.8213,,156,,5.037
4480,15.8241,,156,,5.034
4481,15.8268,,157,,5.031
4482,15.8296,,157,,5.028
4483,15.8323,,157,,5.025
4484,15.835,,158,,5.022
4485,15.8378,,156,,5.019
4486,15.8406,,156,,5.00725
4487,15.8435,,157,,4.9955
4488,15.8463,,157,,4.98375
4489,15.8492,,159,,4.972
4490,15.8521,,159,,4.96025
4491,15.855,,159,,4.9485
4492,15.8579,,159,,4.93675
4493,15.8608,,158,,4.925
4494,15.8638,,158,,4.90929
4495,15.8667,,158,,4.89357
4496,15.8696,,158,,4.87786
4497,15.8726,,156,,4.86214
4498,15.8755,,156,,4.84643
4499,15.8784,,157,,4.83071
4500,15.8814,,157,,4.815
4501,15.8843,,157,,4.79675
4502,15.8872,,157,,4.7785
4503,15.8901,,157,,4.76025
4504,15.893,,157,,4.742
4505,15.8959,,157,,4.72375
4506,15.8989,,157,,4.7055
4507,15.9018,,157,,4.68725
4508,15.9047,,157,,4.669
4509,15.9076,,157,,4.64357
4510,15.9105,,157,,4.61814
4511,15.9135,,157,,4.59271
4512,15.9164,,157,,4.56729
4513,15.9194,,157,,4.54186
4514,15.9223,,157,,4.51643
4515,15.9253,,157,,4.491
4516,15.9282,,157,,4.46275
4517,15.9311,,157,,4.4345
4518,15.9341,,157,,4.40625
4519,15.937,,157,,4.378
4520,15.9399,,157,,4.34975
4521,15.9428,,157,,4.3215
4522,15.9458,,157,,4.29325
4523,15.9487,,156,,4.265
4524,15.9516,,156,,4.233
4525,15.9545,,156,,4.201
4526,15.9574,,156,,4.169
4527,15.9603,,157,,4.137
4528,15.9631,,157,,4.105
4529,15.966,,157,,4.073
4530,15.9689,,157,,4.041
4531,15.9717,,157,,4.009
4532,15.9746,,157,,3.97863
4533,15.9774,,157,,3.94825
4534,15.9803,,158,,3.91788
4535,15.9832,,158,,3.8875
4536,15.9861,,158,,3.85713
4537,15.989,,158,,3.82675
4538,15.9918,,158,,3.79638
4539,15.9947,,158,,3.766
4540,15.9975,,160,,3.73863
4541,16.0003,,160,,3.71125
4542,16.003,,160,,3.68388
4543,16.0057,,160,,3.6565
4544,16.0085,,159,,3.62913
4545,16.0113,,159,,3.60175
4546,16.0142,,159,,3.57438
4547,16.017,,159,,3.547
4548,16.0199,,159,,3.52375
4549,16.0228,,159,,3.5005
4550,16.0257,,159,,3.47725
4551,16.0286,,159,,3.454
4552,16.0315,,158,,3.43075
4553,16.0344,,158,,3.4075
4554,16.0373,,159,,3.38425
4555,16.0402,,159,,3.361
4556,16.0431,,159,,3.332
4557,16.046,,158,,3.303
4558,16.0488,,158,,3.274
4559,16.0517,,158,,3.245
4560,16.0546,,158,,3.216
4561,16.0575,,158,,3.187
4562,16.0603,,158,,3.158
4563,16.0633,,158,,3.129
4564,16.0662,,158,,3.10391
4565,16.0691,,158,,3.07882
4566,16.0721,,158,,3.05373
4567,16.0721,,158,,3.02864
4568,16.0721,,158,,3.00355
4569,16.0748,,158,,2.97845
4570,16.076,,158,,2.95336
4571,16.08,,158,,2.92827
4572,16.08,,158,,2.90318
4573,16.0831,,158,,2.87809
4574,16.0879,,158,,2.853
4575,16.0986,,159,,2.76625
4576,16.0986,,159,,2.6795
4577,16.1033,,159,,2.59275
4578,16.1088,,159,,2.506
4579,16.1138,,159,,2.4322
4580,16.1224,,159,,2.3584
4581,16.1224,,159,,2.2846
4582,16.1273,,160,,2.2108
4583,16.1325,,160,,2.137
4584,16.1381,,161,,2.06175
4585,16.1439,,161,,1.9865
4586,16.1504,,160,,1.91125
4587,16.1564,,160,,1.836
4588,16.1589,,159,,1.80644
4589,16.1613,,159,,1.77689
4590,16.1638,,158,,1.74733
4591,16.1663,,158,,1.71778
4592,16.1688,,158,,1.68822
4593,16.1714,,158,,1.65867
4594,16.1739,,158,,1.62911
4595,16.1765,,158,,1.59956
4596,16.179,,158,,1.57
4597,16.1815,,158,,1.5355
4598,16.1841,,157,,1.501
4599,16.1866,,157,,1.4665
4600,16.1892,,158,,1.432
4601,16.1917,,158,,1.3975
4602,16.1943,,159,,1.363
4603,16.1969,,159,,1.3285
4604,16.1994,,159,,1.294
4605,16.202,,159,,1.25922
4606,16.2046,,159,,1.22444
4607,16.2071,,157,,1.18967
4608,16.2097,,157,,1.15489
4609,16.2123,,156,,1.12011
4610,16.2148,,156,,1.08533
4611,16.2173,,153,,1.05056
4612,16.2198,,153,,1.01578
4613,16.2221,,151,,0.981
4614,16.2245,,150,,0.942333
4615,16.2268,,147,,0.903667
4616,16.2291,,147,,0.865
4617,16.2314,,147,,0.826333
4618,16.2338,,147,,0.787667
4619,16.2362,,148,,0.749
4620,16.2386,,149,,0.710333
4621,16.2411,,150,,0.671667
4622,16.2435,,150,,0.633
4623,16.246,,159,,0.589889
4624,16.2485,,159,,0.546778
4625,16.251,,160,,0.503667
4626,16.2535,,160,,0.460556
4627,16.256,,162,,0.417444
4628,16.2585,,162,,0.374333
4629,16.2611,,161,,0.331222
4630,16.2636,,161,,0.288111
4631,16.2662,,161,,0.245
4632,16.2687,,161,,0.204444
4633,16.2713,,161,,0.163889
4634,16.2738,,161,,0.123333
4635,16.2764,,161,,0.0827778
4636,16.2789,,161,,0.0422222
4637,16.2815,,161,,0.00166667
4638,16.284,,160,,-0.0388889
4639,16.2865,,160,,-0.0794444
4640,16.289,,160,,-0.12
4641,16.2916,,160,,-0.155556
4642,16.2941,,160,,-0.191111
4643,16.2966,,160,,-0.226667
4644,16.2991,,160,,-0.262222
4645,16.3017,,160,,-0.297778
4646,16.3042,,160,,-0.333333
4647,16.3068,,160,,-0.368889
4648,16.3094,,160,,-0.404444
4649,16.312,,160,,-0.44
4650,16.3146,,159,,-0.464333
4651,16.3172,,159,,-0.488667
4652,16.3197,,158,,-0.513
4653,16.3223,,158,,-0.537333
4654,16.3249,,158,,-0.561667
4655,16.3275,,158,,-0.586
4656,16.3301,,158,,-0.610333
4657,16.3326,,158,,-0.634667
4658,16.3352,,158,,-0.659
4659,16.3377,,158,,-0.676556
4660,16.3403,,158,,-0.694111
4661,16.3428,,158,,-0.711667
4662,16.3453,,157,,-0.729222
4663,16.3477,,157,,-0.746778
4664,16.3501,,155,,-0.764333
4665,16.3526,,155,,-0.781889
4666,16.3551,,154,,-0.799444
4667,16.3576,,154,,-0.817
4668,16.3601,,154,,-0.839125
4669,16.3627,,154,,-0.86125
4670,16.3652,,155,,-0.883375
4671,16.3678,,155,,-0.9055
4672,16.3704,,158,,-0.927625
4673,16.373,,158,,-0.94975
4674,16.3756,,158,,-0.971875
4675,16.3781,,158,,-0.994
4676,16.3807,,158,,-1.01144
4677,16.3833,,158,,-1.02889
4678,16.3858,,158,,-1.04633
4679,16.3884,,158,,-1.06378
4680,16.3909,,158,,-1.08122
4681,16.3935,,158,,-1.09867
4682,16.396,,158,,-1.11611
4683,16.3986,,158,,-1.13356
4684,16.4011,,158,,-1.151
4685,16.4036,,158,,-1.16078
4686,16.4062,,158,,-1.17056
4687,16.4087,,158,,-1.18033
4688,16.4112,,158,,-1.19011
4689,16.4137,,159,,-1.19989
4690,16.4162,,159,,-1.20967
4691,16.4188,,159,,-1.21944
4692,16.4213,,159,,-1.22922
4693,16.4238,,159,,-1.239
4694,16.4263,,159,,-1.24375
4695,16.4288,,159,,-1.2485
4696,16.4312,,159,,-1.25325
4697,16.4337,,159,,-1.258
4698,16.4363,,159,,-1.26275
4699,16.4389,,160,,-1.2675
4700,16.4414,,160,,-1.27225
4701,16.444,,160,,-1.277
4702,16.4466,,160,,-1.26825
4703,16.4493,,160,,-1.2595
4704,16.452,,160,,-1.25075
4705,16.4548,,160,,-1.242
4706,16.4576,,160,,-1.23325
4707,16.4604,,160,,-1.2245
4708,16.4633,,160,,-1.21575
4709,16.4661,,160,,-1.207
4710,16.4689,,160,,-1.19312
4711,16.4717,,160,,-1.17925
4712,16.4745,,160,,-1.16537
4713,16.4773,,160,,-1.1515
4714,16.48,,160,,-1.13762
4715,16.4827,,160,,-1.12375
4716,16.4854,,160,,-1.10987
4717,16.4881,,159,,-1.096
4718,16.4907,,159,,-1.07456
4719,16.4933,,159,,-1.05311
4720,16.496,,159,,-1.03167
4721,16.4985,,159,,-1.01022
4722,16.5011,,159,,-0.988778
4723,16.5036,,160,,-0.967333
4724,16.5062,,160,,-0.945889
4725,16.5087,,160,,-0.924444
4726,16.5113,,160,,-0.903
4727,16.5139,,160,,-0.874667
4728,16.5164,,160,,-0.846333
4729,16.5189,,161,,-0.818
4730,16.5215,,161,,-0.789667
4731,16.524,,161,,-0.761333
4732,16.5265,,161,,-0.733
4733,16.5292,,161,,-0.704667
4734,16.5318,,161,,-0.676333
4735,16.5344,,160,,-0.648
4736,16.5371,,160,,-0.612375
4737,16.5397,,160,,-0.57675
4738,16.5424,,160,,-0.541125
4739,16.545,,160,,-0.5055
4740,16.5476,,160,,-0.469875
4741,16.5502,,159,,-0.43425
4742,16.5528,,159,,-0.398625
4743,16.5554,,159,,-0.363
4744,16.558,,159,,-0.325778
4745,16.5606,,161,,-0.288556
4746,16.5631,,161,,-0.251333
4747,16.5657,,162,,-0.214111
4748,16.5682,,162,,-0.176889
4749,16.5708,,161,,-0.139667
4750,16.5734,,161,,-0.102444
4751,16.5759,,160,,-0.0652222
4752,16.5784,,160,,-0.028
4753,16.581,,161,,0.0137778
4754,16.5835,,161,,0.0555556
4755,16.586,,161,,0.0973333
4756,16.5885,,161,,0.139111
4757,16.591,,161,,0.180889
4758,16.5935,,161,,0.222667
4759,16.596,,161,,0.264444
4760,16.5985,,161,,0.306222
4761,16.601,,160,,0.348
4762,16.6034,,160,,0.394333
4763,16.6059,,160,,0.440667
4764,16.6084,,160,,0.487
4765,16.6108,,160,,0.533333
4766,16.6133,,160,,0.579667
4767,16.6157,,160,,0.626
4768,16.6182,,160,,0.672333
4769,16.6206,,160,,0.718667
4770,16.623,,160,,0.765
4771,16.6254,,160,,0.810889
4772,16.6277,,160,,0.856778
4773,16.63,,160,,0.902667
4774,16.6323,,160,,0.948556
4775,16.6347,,160,,0.994444
4776,16.6371,,160,,1.04033
4777,16.6395,,160,,1.08622
4778,16.6421,,160,,1.13211
4779,16.6445,,160,,1.178
4780,16.6471,,160,,1.227
4781,16.6496,,160,,1.276
4782,16.6521,,159,,1.325
4783,16.6547,,160,,1.374
4784,16.6572,,159,,1.423
4785,16.6597,,159,,1.472
4786,16.6623,,159,,1.521
4787,16.6648,,159,,1.57
4788,16.6672,,159,,1.619
4789,16.6698,,159,,1.65956
4790,16.6722,,160,,1.70011
4791,16.6747,,160,,1.74067
4792,16.6772,,160,,1.78122
4793,16.6797,,160,,1.82178
4794,16.6822,,158,,1.86233
4795,16.6847,,158,,1.90289
4796,16.6872,,158,,1.94344
4797,16.6897,,158,,1.984
4798,16.6921,,158,,2.02122
4799,16.6946,,159,,2.05844
4800,16.6971,,159,,2.09567
4801,16.6996,,159,,2.13289
4802,16.7021,,159,,2.17011
4803,16.7046,,159,,2.20733
4804,16.7071,,160,,2.24456
4805,16.7096,,160,,2.28178
4806,16.7122,,160,,2.319
4807,16.7147,,160,,2.348
4808,16.7172,,160,,2.377
4809,16.7197,,160,,2.406
4810,16.7222,,159,,2.435
4811,16.7247,,159,,2.464
4812,16.7272,,160,,2.493
4813,16.7297,,160,,2.522
4814,16.7322,,160,,2.551
4815,16.7346,,160,,2.58
4816,16.7372,,160,,2.60256
4817,16.7397,,160,,2.62511
4818,16.7422,,161,,2.64767
4819,16.7447,,161,,2.67022
4820,16.7473,,162,,2.69278
4821,16.7498,,162,,2.71533
4822,16.7524,,161,,2.73789
4823,16.7549,,161,,2.76044
4824,16.7575,,160,,2.783
4825,16.76,,160,,2.80375
4826,16.7626,,162,,2.8245
4827,16.7652,,162,,2.84525
4828,16.7677,,161,,2.866
4829,16.7703,,161,,2.88675
4830,16.7729,,161,,2.9075
4831,16.7754,,161,,2.92825
4832,16.778,,161,,2.949
4833,16.7805,,161,,2.96211
4834,16.7831,,161,,2.97522
4835,16.7856,,162,,2.98833
4836,16.7881,,162,,3.00144
4837,16.7907,,161,,3.01456
4838,16.7932,,161,,3.02767
4839,16.7957,,161,,3.04078
4840,16.7982,,161,,3.05389
4841,16.8007,,161,,3.067
4842,16.8032,,161,,3.07511
4843,16.8057,,162,,3.08322
4844,16.8082,,162,,3.09133
4845,16.8107,,162,,3.09944
4846,16.8132,,162,,3.10756
4847,16.8158,,161,,3.11567
4848,16.8183,,161,,3.12378
4849,16.8208,,162,,3.13189
4850,16.8233,,162,,3.14
4851,16.8258,,162,,3.14333
4852,16.8282,,162,,3.14667
4853,16.8307,,162,,3.15
4854,16.8332,,162,,3.15333
4855,16.8356,,162,,3.15667
4856,16.8381,,162,,3.16
4857,16.8406,,162,,3.16333
4858,16.843,,160,,3.16667
4859,16.8455,,161,,3.17
4860,16.8479,,161,,3.17222
4861,16.8504,,162,,3.17444
4862,16.8528,,162,,3.17667
4863,16.8553,,162,,3.17889
4864,16.8577,,162,,3.18111
4865,16.8601,,161,,3.18333
4866,16.8625,,161,,3.18556
4867,16.8649,,162,,3.18778
4868,16.8673,,162,,3.19
4869,16.8697,,162,,3.189
4870,16.8721,,162,,3.188
4871,16.8745,,161,,3.187
4872,16.8769,,161,,3.186
4873,16.8792,,161,,3.185
4874,16.8815,,161,,3.184
4875,16.8838,,161,,3.183
4876,16.8861,,161,,3.182
4877,16.8884,,162,,3.181
4878,16.8907,,162,,3.18211
4879,16.893,,163,,3.18322
4880,16.8954,,163,,3.18433
4881,16.8977,,163,,3.18544
4882,16.9,,163,,3.18656
4883,16.9023,,162,,3.18767
4884,16.9046,,162,,3.18878
4885,16.9068,,162,,3.18989
4886,16.9091,,162,,3.191
4887,16.9114,,162,,3.1956
4888,16.9137,,162,,3.2002
4889,16.916,,163,,3.2048
4890,16.9183,,163,,3.2094
4891,16.9205,,167,,3.214
4892,16.9228,,168,,3.2186
4893,16.9251,,168,,3.2232
4894,16.9274,,168,,3.2278
4895,16.9297,,168,,3.2324
4896,16.9321,,168,,3.237
4897,16.9344,,168,,3.245
4898,16.9367,,168,,3.253
4899,16.939,,166,,3.261
4900,16.9414,,166,,3.269
4901,16.9437,,170,,3.277
4902,16.9461,,170,,3.285
4903,16.9484,,172,,3.293
4904,16.9507,,172,,3.301
4905,16.9531,,177,,3.309
4906,16.9555,,177,,3.31989
4907,16.9578,,174,,3.33078
4908,16.9602,,174,,3.34167
4909,16.9626,,172,,3.35256
4910,16.965,,172,,3.36344
4911,16.9673,,171,,3.37433
4912,16.9697,,171,,3.38522
4913,16.9721,,169,,3.39611
4914,16.9745,,169,,3.407
4915,16.9769,,167,,3.41811
4916,16.9794,,167,,3.42922
4917,16.9818,,158,,3.44033
4918,16.9842,,158,,3.45144
4919,16.9866,,158,,3.46256
4920,16.989,,158,,3.47367
4921,16.9915,,158,,3.48478
4922,16.994,,158,,3.49589
4923,16.9965,,160,,3.507
4924,16.9991,,160,,3.52188
4925,17.0017,,159,,3.53675
4926,17.0043,,160,,3.55163
4927,17.0069,,160,,3.5665
4928,17.0095,,160,,3.58138
4929,17.0121,,159,,3.59625
4930,17.0148,,159,,3.61113
4931,17.0174,,159,,3.626
4932,17.02,,159,,3.64275
4933,17.0226,,160,,3.6595
4934,17.0252,,160,,3.67625
4935,17.0278,,159,,3.693
4936,17.0304,,159,,3.70975
4937,17.033,,159,,3.7265
4938,17.0356,,159,,3.74325
4939,17.0381,,159,,3.76
4940,17.0406,,159,,3.77633
4941,17.0432,,159,,3.79267
4942,17.0457,,159,,3.809
4943,17.0482,,159,,3.82533
4944,17.0507,,159,,3.84167
4945,17.0532,,159,,3.858
4946,17.0557,,160,,3.87433
4947,17.0583,,160,,3.89067
4948,17.0607,,160,,3.907
4949,17.0633,,160,,3.92489
4950,17.0658,,160,,3.94278
4951,17.0683,,160,,3.96067
4952,17.0708,,160,,3.97856
4953,17.0733,,160,,3.99644
4954,17.0758,,160,,4.01433
4955,17.0783,,160,,4.03222
4956,17.0807,,160,,4.05011
4957,17.0832,,160,,4.068
4958,17.0857,,159,,4.08544
4959,17.0881,,159,,4.10289
4960,17.0906,,159,,4.12033
4961,17.0931,,159,,4.13778
4962,17.0955,,159,,4.15522
4963,17.0981,,159,,4.17267
4964,17.1007,,160,,4.19011
4965,17.1032,,160,,4.20756
4966,17.106,,159,,4.225
4967,17.1087,,159,,4.2426
4968,17.1112,,159,,4.2602
4969,17.1138,,159,,4.2778
4970,17.116,,159,,4.2954
4971,17.1183,,159,,4.313
4972,17.1203,,160,,4.3306
4973,17.1224,,160,,4.3482
4974,17.1244,,158,,4.3658
4975,17.1263,,158,,4.3834
4976,17.1282,,159,,4.401
4977,17.13,,159,,4.415
4978,17.132,,159,,4.429
4979,17.1339,,159,,4.443
4980,17.1362,,159,,4.457
4981,17.1384,,159,,4.471
4982,17.1406,,160,,4.485
4983,17.1429,,160,,4.499
4984,17.1453,,159,,4.513
4985,17.1476,,159,,4.527
4986,17.15,,159,,4.541
4987,17.1524,,159,,4.55011
4988,17.1549,,158,,4.55922
4989,17.1573,,158,,4.56833
4990,17.1597,,159,,4.57744
4991,17.1622,,159,,4.58656
4992,17.1647,,160,,4.59567
4993,17.1671,,160,,4.60478
4994,17.1696,,159,,4.61389
4995,17.1721,,159,,4.623
4996,17.1746,,158,,4.62156
4997,17.1772,,160,,4.62011
4998,17.1798,,160,,4.61867
4999,17.1824,,160,,4.61722
5000,17.185,,160,,4.61578
5001,17.1875,,160,,4.61433
5002,17.1901,,160,,4.61289
5003,17.1928,,159,,4.61144
5004,17.1954,,159,,4.61
5005,17.198,,159,,4.613
5006,17.2007,,159,,4.616
5007,17.2034,,159,,4.619
5008,17.2061,,159,,4.622
5009,17.2088,,159,,4.625
5010,17.2115,,159,,4.628
5011,17.2141,,158,,4.631
5012,17.2168,,158,,4.634
5013,17.2194,,158,,4.63313
5014,17.2221,,158,,4.63225
5015,17.2248,,158,,4.63138
5016,17.2275,,158,,4.6305
5017,17.2301,,159,,4.62963
5018,17.2328,,159,,4.62875
5019,17.2355,,160,,4.62788
5020,17.2383,,159,,4.627
5021,17.241,,160,,4.61575
5022,17.2436,,160,,4.6045
5023,17.2463,,160,,4.59325
5024,17.2491,,160,,4.582
5025,17.2518,,161,,4.57075
5026,17.2544,,161,,4.5595
5027,17.2571,,161,,4.54825
5028,17.2598,,161,,4.537
5029,17.2624,,161,,4.51225
5030,17.265,,161,,4.4875
5031,17.2676,,161,,4.46275
5032,17.2703,,161,,4.438
5033,17.2728,,161,,4.41325
5034,17.2754,,161,,4.3885
5035,17.278,,161,,4.36375
5036,17.2806,,161,,4.339
5037,17.2832,,161,,4.3155
5038,17.2858,,161,,4.292
5039,17.2883,,161,,4.2685
5040,17.2909,,161,,4.245
5041,17.2934,,160,,4.2215
5042,17.2959,,160,,4.198
5043,17.2985,,160,,4.1745
5044,17.301,,160,,4.151
5045,17.3035,,161,,4.134
5046,17.306,,161,,4.117
5047,17.3085,,161,,4.1
5048,17.311,,161,,4.083
5049,17.3136,,161,,4.066
5050,17.3161,,161,,4.049
5051,17.3186,,161,,4.032
5052,17.3212,,161,,4.015
5053,17.3238,,162,,3.998
5054,17.3263,,161,,3.97462
5055,17.3289,,161,,3.95125
5056,17.3315,,160,,3.92787
5057,17.3341,,160,,3.9045
5058,17.3366,,160,,3.88112
5059,17.3392,,161,,3.85775
5060,17.3418,,163,,3.83438
5061,17.3444,,162,,3.811
5062,17.3469,,161,,3.78633
5063,17.3495,,161,,3.76167
5064,17.352,,161,,3.737
5065,17.3546,,161,,3.71233
5066,17.3571,,159,,3.68767
5067,17.3596,,159,,3.663
5068,17.3621,,157,,3.63833
5069,17.3645,,157,,3.61367
5070,17.3671,,157,,3.589
5071,17.3696,,157,,3.56275
5072,17.3722,,158,,3.5365
5073,17.3747,,158,,3.51025
5074,17.3774,,159,,3.484
5075,17.38,,159,,3.45775
5076,17.3827,,161,,3.4315
5077,17.3853,,161,,3.40525
5078,17.388,,161,,3.379
5079,17.3907,,161,,3.36463
5080,17.3933,,162,,3.35025
5081,17.3959,,162,,3.33588
5082,17.3985,,162,,3.3215
5083,17.4011,,162,,3.30713
5084,17.4037,,161,,3.29275
5085,17.4063,,161,,3.27838
5086,17.409,,162,,3.264
5087,17.4116,,162,,3.24475
5088,17.4143,,162,,3.2255
5089,17.4169,,162,,3.20625
5090,17.4196,,162,,3.187
5091,17.4223,,162,,3.16775
5092,17.4249,,162,,3.1485
5093,17.4276,,162,,3.12925
5094,17.4303,,160,,3.11
5095,17.4329,,160,,3.09813
5096,17.4356,,162,,3.08625
5097,17.4382,,162,,3.07437
5098,17.4409,,163,,3.0625
5099,17.4435,,162,,3.05062
5100,17.4462,,162,,3.03875
5101,17.4488,,162,,3.02687
5102,17.4514,,162,,3.015
5103,17.454,,162,,3.01912
5104,17.4566,,163,,3.02325
5105,17.4592,,163,,3.02737
5106,17.4618,,162,,3.0315
5107,17.4644,,162,,3.03562
5108,17.467,,163,,3.03975
5109,17.4696,,163,,3.04387
5110,17.4722,,164,,3.048
5111,17.4748,,163,,3.07867
5112,17.4774,,163,,3.10933
5113,17.4799,,162,,3.14
5114,17.4826,,162,,3.17067
5115,17.4851,,162,,3.20133
5116,17.4877,,162,,3.232
5117,17.4903,,162,,3.26267
5118,17.4928,,162,,3.29333
5119,17.4954,,161,,3.324
5120,17.4979,,161,,3.35922
5121,17.5003,,161,,3.39444
5122,17.5027,,161,,3.42967
5123,17.5051,,162,,3.46489
5124,17.5074,,162,,3.50011
5125,17.5099,,162,,3.53533
5126,17.5123,,162,,3.57056
5127,17.5149,,162,,3.60578
5128,17.5174,,162,,3.641
5129,17.52,,162,,3.67378
5130,17.5225,,162,,3.70656
5131,17.525,,162,,3.73933
5132,17.5276,,162,,3.77211
5133,17.5301,,161,,3.80489
5134,17.5327,,161,,3.83767
5135,17.5352,,161,,3.87044
5136,17.5377,,161,,3.90322
5137,17.5402,,160,,3.936
5138,17.5428,,160,,3.96655
5139,17.5428,,160,,3.99709
5140,17.5428,,160,,4.02764
5141,17.5452,,160,,4.05818
5142,17.5476,,160,,4.08873
5143,17.55,,160,,4.11927
5144,17.5523,,160,,4.14982
5145,17.5547,,163,,4.18036
5146,17.557,,163,,4.21091
5147,17.5594,,161,,4.24145
5148,17.5617,,161,,4.272
5149,17.5641,,161,,4.31744
5150,17.5664,,161,,4.36289
5151,17.5687,,161,,4.40833
5152,17.5711,,161,,4.45378
5153,17.5734,,161,,4.49922
5154,17.5758,,161,,4.54467
5155,17.5783,,161,,4.59011
5156,17.5807,,161,,4.63556
5157,17.5832,,161,,4.681
5158,17.5856,,160,,4.75878
5159,17.588,,160,,4.83656
5160,17.5905,,160,,4.91433
5161,17.5928,,160,,4.99211
5162,17.5952,,160,,5.06989
5163,17.5976,,160,,5.14767
5164,17.5999,,160,,5.22544
5165,17.6023,,160,,5.30322
5166,17.6046,,160,,5.381
5167,17.6046,,160,,5.453
5168,17.6046,,160,,5.525
5169,17.607,,161,,5.597
5170,17.6094,,161,,5.669
5171,17.6119,,159,,5.741
5172,17.6142,,159,,5.813
5173,17.6166,,161,,5.885
5174,17.6191,,161,,5.957
5175,17.6214,,161,,6.029
5176,17.6239,,161,,6.101
5177,17.6262,,161,,6.173
5178,17.6287,,161,,6.26
5179,17.6311,,161,,6.347
5180,17.6335,,161,,6.434
5181,17.6359,,161,,6.521
5182,17.6383,,161,,6.608
5183,17.6407,,161,,6.695
5184,17.6431,,160,,6.782
5185,17.6455,,160,,6.869
5186,17.6479,,160,,6.956
5187,17.6503,,160,,7.03956
5188,17.6527,,160,,7.12311
5189,17.6551,,160,,7.20667
5190,17.6575,,161,,7.29022
5191,17.6599,,161,,7.37378
5192,17.6623,,160,,7.45733
5193,17.6648,,160,,7.54089
5194,17.6672,,160,,7.62444
5195,17.6696,,160,,7.708
5196,17.672,,161,,7.78589
5197,17.6744,,161,,7.86378
5198,17.6768,,161,,7.94167
5199,17.6792,,161,,8.01956
5200,17.6816,,161,,8.09744
5201,17.684,,161,,8.17533
5202,17.6864,,160,,8.25322
5203,17.6887,,161,,8.33111
5204,17.6911,,161,,8.409
5205,17.6935,,161,,8.45244
5206,17.6958,,161,,8.49589
5207,17.6981,,161,,8.53933
5208,17.7005,,161,,8.58278
5209,17.7028,,161,,8.62622
5210,17.7052,,163,,8.66967
5211,17.7076,,163,,8.71311
5212,17.71,,162,,8.75656
5213,17.7124,,162,,8.8
5214,17.7148,,162,,8.81856
5215,17.7172,,160,,8.83711
5216,17.7197,,160,,8.85567
5217,17.7221,,159,,8.87422
5218,17.7245,,159,,8.89278
5219,17.727,,158,,8.91133
5220,17.7294,,158,,8.92989
5221,17.7319,,158,,8.94844
5222,17.7343,,158,,8.967
5223,17.7367,,159,,8.97267
5224,17.7391,,159,,8.97833
5225,17.7415,,157,,8.984
5226,17.7439,,156,,8.98967
5227,17.7462,,157,,8.99533
5228,17.7486,,157,,9.001
5229,17.7509,,158,,9.00667
5230,17.7533,,158,,9.01233
5231,17.7556,,159,,9.018
5232,17.758,,159,,9.00689
5233,17.7603,,158,,8.99578
5234,17.7626,,158,,8.98467
5235,17.7649,,157,,8.97356
5236,17.7673,,157,,8.96244
5237,17.7696,,157,,8.95133
5238,17.7719,,157,,8.94022
5239,17.7742,,157,,8.92911
5240,17.7766,,157,,8.918
5241,17.7789,,158,,8.89489
5242,17.7813,,158,,8.87178
5243,17.7836,,158,,8.84867
5244,17.7859,,158,,8.82556
5245,17.7882,,158,,8.80244
5246,17.7906,,158,,8.77933
5247,17.7929,,158,,8.75622
5248,17.7952,,158,,8.73311
5249,17.7975,,159,,8.71
5250,17.7998,,159,,8.6552
5251,17.8021,,158,,8.6004
5252,17.8044,,158,,8.5456
5253,17.8067,,158,,8.4908
5254,17.809,,158,,8.436
5255,17.8111,,157,,8.3812
5256,17.8132,,157,,8.3264
5257,17.8152,,157,,8.2716
5258,17.8171,,158,,8.2168
5259,17.819,,158,,8.162
5260,17.8208,,158,,8.13265
5261,17.8225,,158,,8.1033
5262,17.8241,,160,,8.07395
5263,17.8257,,160,,8.0446
5264,17.8271,,160,,8.01525
5265,17.8285,,160,,7.9859
5266,17.8296,,160,,7.95655
5267,17.8307,,160,,7.9272
5268,17.8317,,160,,7.89785
5269,17.8327,,160,,7.8685
5270,17.8336,,160,,7.83915
5271,17.8345,,160,,7.8098
5272,17.8353,,160,,7.78045
5273,17.8361,,160,,7.7511
5274,17.8368,,160,,7.72175
5275,17.8375,,160,,7.6924
5276,17.8382,,159,,7.66305
5277,17.8388,,159,,7.6337
5278,17.8394,,158,,7.60435
5279,17.84,,158,,7.575
5280,17.8406,,157,,7.56749
5281,17.8411,,157,,7.55997
5282,17.8416,,157,,7.55246
5283,17.8421,,156,,7.54494
5284,17.8425,,156,,7.53743
5285,17.8429,,155,,7.52992
5286,17.8433,,154,,7.5224
5287,17.8437,,154,,7.51489
5288,17.844,,153,,7.50738
5289,17.8444,,153,,7.49986
5290,17.8447,,151,,7.49235
5291,17.8451,,151,,7.48483
5292,17.8454,,151,,7.47732
5293,17.8457,,149,,7.46981
5294,17.8461,,148,,7.46229
5295,17.8464,,148,,7.45478
5296,17.8467,,146,,7.44726
5297,17.847,,146,,7.43975
5298,17.8473,,145,,7.43224
5299,17.8476,,144,,7.42472
5300,17.8479,,143,,7.41721
5301,17.8482,,143,,7.40969
5302,17.8484,,136,,7.40218
5303,17.8487,,136,,7.39467
5304,17.849,,135,,7.38715
5305,17.8493,,135,,7.37964
5306,17.8496,,135,,7.37213
5307,17.8498,,135,,7.36461
5308,17.8501,,135,,7.3571
5309,17.8504,,135,,7.34958
5310,17.8506,,134,,7.34207
5311,17.8509,,134,,7.33456
5312,17.8512,,134,,7.32704
5313,17.8514,,131,,7.31953
5314,17.8517,,130,,7.31201
5315,17.8519,,128,,7.3045
5316,17.8522,,127,,7.29699
5317,17.8525,,127,,7.28947
5318,17.8527,,127,,7.28196
5319,17.853,,127,,7.27444
5320,17.8532,,127,,7.26693
5321,17.8535,,127,,7.25942
5322,17.8537,,127,,7.2519
5323,17.854,,128,,7.24439
5324,17.8542,,128,,7.23688
5325,17.8545,,133,,7.22936
5326,17.8547,,133,,7.22185
5327,17.8549,,132,,7.21433
5328,17.8552,,131,,7.20682
5329,17.8554,,131,,7.19931
5330,17.8557,,130,,7.19179
5331,17.856,,130,,7.18428
5332,17.8562,,130,,7.17676
5333,17.8565,,129,,7.16925
5334,17.8568,,129,,7.16174
5335,17.857,,128,,7.15422
5336,17.8573,,128,,7.14671
5337,17.8576,,128,,7.13919
5338,17.8578,,125,,7.13168
5339,17.8581,,125,,7.12417
5340,17.8584,,123,,7.11665
5341,17.8586,,122,,7.10914
5342,17.8589,,121,,7.10163
5343,17.8591,,121,,7.09411
5344,17.8594,,121,,7.0866
5345,17.8597,,120,,7.07908
5346,17.8599,,119,,7.07157
5347,17.8602,,119,,7.06406
5348,17.8604,,119,,7.05654
5349,17.8606,,119,,7.04903
5350,17.8609,,119,,7.04151
5351,17.8611,,119,,7.034
5352,17.8614,,119,,7.01723
5353,17.8616,,119,,7.00046
5354,17.8619,,119,,6.98369
5355,17.8621,,119,,6.96691
5356,17.8624,,119,,6.95014
5357,17.8626,,119,,6.93337
5358,17.8629,,119,,6.9166
5359,17.8632,,119,,6.89983
5360,17.8634,,119,,6.88306
5361,17.8637,,119,,6.86629
5362,17.8639,,119,,6.84951
5363,17.8642,,119,,6.83274
5364,17.8645,,118,,6.81597
5365,17.8647,,117,,6.7992
5366,17.865,,117,,6.78243
5367,17.8652,,117,,6.76566
5368,17.8655,,117,,6.74889
5369,17.8657,,117,,6.73211
5370,17.866,,117,,6.71534
5371,17.8662,,117,,6.69857
5372,17.8665,,117,,6.6818
5373,17.8668,,116,,6.66503
5374,17.868,,116,,6.64826
5375,17.8692,,116,,6.63149
5376,17.8705,,116,,6.61471
5377,17.8717,,116,,6.59794
5378,17.8729,,116,,6.58117
5379,17.8741,,116,,6.5644
5380,17.8753,,116,,6.54763
5381,17.8765,,116,,6.53086
5382,17.8777,,116,,6.51409
5383,17.8789,,116,,6.49731
5384,17.8802,,116,,6.48054
5385,17.8814,,116,,6.46377
5386,17.8826,,116,,6.447
5387,17.8838,,115,,6.41632
5388,17.885,,115,,6.38563
5389,17.8861,,115,,6.35495
5390,17.8872,,115,,6.32426
5391,17.8883,,115,,6.29358
5392,17.8894,,115,,6.26289
5393,17.8905,,114,,6.23221
5394,17.8916,,114,,6.20153
5395,17.8926,,112,,6.17084
5396,17.8937,,112,,6.14016
5397,17.8948,,112,,6.10947
5398,17.8959,,112,,6.07879
5399,17.897,,112,,6.04811
5400,17.8981,,113,,6.01742
5401,17.8992,,113,,5.98674
5402,17.9003,,113,,5.95605
5403,17.9014,,113,,5.92537
5404,17.9025,,113,,5.89468
5405,17.9036,,114,,5.864
5406,17.9047,,115,,5.84263
5407,17.9058,,115,,5.82126
5408,17.9069,,114,,5.79989
5409,17.908,,114,,5.77853
5410,17.9091,,114,,5.75716
5411,17.9103,,113,,5.73579
5412,17.9114,,113,,5.71442
5413,17.9126,,113,,5.69305
5414,17.9137,,112,,5.67168
5415,17.9149,,112,,5.65032
5416,17.9149,,112,,5.62895
5417,17.916,,112,,5.60758
5418,17.9171,,112,,5.58621
5419,17.9183,,112,,5.56484
5420,17.9194,,112,,5.54347
5421,17.9206,,113,,5.52211
5422,17.9217,,113,,5.50074
5423,17.9228,,114,,5.47937
5424,17.924,,114,,5.458
5425,17.9251,,113,,5.44511
5426,17.9262,,113,,5.43221
5427,17.9274,,113,,5.41932
5428,17.9285,,113,,5.40642
5429,17.9297,,113,,5.39353
5430,17.9308,,114,,5.38063
5431,17.9319,,114,,5.36774
5432,17.9331,,114,,5.35484
5433,17.9342,,114,,5.34195
5434,17.9354,,114,,5.32905
5435,17.9365,,114,,5.31616
5436,17.9376,,114,,5.30326
5437,17.9388,,114,,5.29037
5438,17.9399,,114,,5.27747
5439,17.9411,,114,,5.26458
5440,17.9422,,114,,5.25168
5441,17.9433,,113,,5.23879
5442,17.9445,,113,,5.22589
5443,17.9456,,112,,5.213
5444,17.9467,,112,,5.20675
5445,17.9479,,111,,5.2005
5446,17.949,,110,,5.19425
5447,17.9502,,110,,5.188
5448,17.9513,,110,,5.18175
5449,17.9524,,110,,5.1755
5450,17.9536,,110,,5.16925
5451,17.9547,,110,,5.163
5452,17.9559,,110,,5.15675
5453,17.957,,110,,5.1505
5454,17.9581,,111,,5.14425
5455,17.9593,,111,,5.138
5456,17.9604,,111,,5.13175
5457,17.9604,,110,,5.1255
5458,17.9605,,108,,5.11925
5459,17.9605,,107,,5.113
5460,17.9605,,106,,5.10675
5461,17.9606,,105,,5.1005
5462,17.9613,,105,,5.09425
5463,17.9623,,108,,5.088
5464,17.9633,,112,,5.08175
5465,17.9643,,114,,5.0755
5466,17.9654,,114,,5.06925
5467,17.9664,,114,,5.063
5468,17.9675,,113,,5.06593
5469,17.9685,,114,,5.06887
5470,17.9696,,113,,5.0718
5471,17.9706,,113,,5.07473
5472,17.9717,,113,,5.07767
5473,17.9727,,112,,5.0806
5474,17.9738,,112,,5.08353
5475,17.9748,,112,,5.08647
5476,17.9761,,112,,5.0894
5477,17.9774,,112,,5.09233
5478,17.9774,,112,,5.09527
5479,17.9787,,112,,5.0982
5480,17.9799,,112,,5.10113
5481,17.9812,,112,,5.10407
5482,17.9895,,112,,5.107
5483,17.9993,,112,,5.173
5484,18.0058,,112,,5.239
5485,18.0135,,112,,5.305
5486,18.0224,,112,,5.398
5487,18.0308,,112,,5.491
5488,18.0369,,111,,5.584
5489,18.0386,,111,,5.6145
5490,18.0419,,111,,5.645
5491,18.0465,,111,,5.6755
5492,18.0518,,111,,5.706
5493,18.0569,,111,,5.7365
5494,18.0612,,111,,5.767
5495,18.0681,,111,,5.726
5496,18.0716,,111,,5.685
5497,18.4395,,111,,5.644
5498,18.5362,,110,,5.569
5499,18.5362,,110,,5.5375
5500,18.5572,,109,,5.506
5501,18.5637,,109,,5.4975
5502,18.5696,,108,,5.489
5503,18.5696,,108,,5.4805
5504,18.5727,,108,,5.472
5505,18.574,,108,,5.4635
5506,18.5761,,108,,5.455
5507,18.5775,,108,,5.4465
5508,18.58,,108,,5.438
5509,18.58,,108,,5.42764
5510,18.5843,,108,,5.41727
5511,18.5843,,108,,5.40691
5512,18.5863,,108,,5.39655
5513,18.5881,,108,,5.38618
5514,18.5904,,108,,5.37582
5515,18.5929,,108,,5.36545
5516,18.5953,,108,,5.35509
5517,18.5979,,108,,5.34473
5518,18.6006,,108,,5.33436
5519,18.6057,,108,,5.324
5520,18.6057,,108,,5.30456
5521,18.6086,,108,,5.28511
5522,18.6141,,109,,5.26567
5523,18.6141,,109,,5.24622
5524,18.6175,,109,,5.22678
5525,18.6199,,109,,5.20733
5526,18.6223,,109,,5.18789
5527,18.6245,,109,,5.16844
5528,18.6288,,115,,5.149
5529,18.6288,,115,,5.1231
5530,18.6303,,120,,5.0972
5531,18.6322,,122,,5.0713
5532,18.6351,,125,,5.0454
5533,18.6351,,126,,5.0195
5534,18.6373,,128,,4.9936
5535,18.6399,,128,,4.9677
5536,18.6423,,128,,4.9418
5537,18.6445,,128,,4.9159
5538,18.6494,,126,,4.89
5539,18.6494,,126,,4.86864
5540,18.6533,,127,,4.84729
5541,18.6533,,127,,4.82593
5542,18.6555,,127,,4.80457
5543,18.6573,,128,,4.78321
5544,18.6598,,128,,4.76186
5545,18.6598,,128,,4.7405
5546,18.6623,,128,,4.71914
5547,18.6642,,129,,4.69779
5548,18.6662,,129,,4.67643
5549,18.6662,,129,,4.65507
5550,18.6674,,130,,4.63371
5551,18.668,,131,,4.61236
5552,18.6711,,131,,4.591
5553,18.6735,,130,,4.553
5554,18.6755,,131,,4.515
5555,18.6779,,131,,4.477
5556,18.68,,131,,4.439
5557,18.6837,,131,,4.401
5558,18.6866,,131,,4.363
5559,18.6896,,131,,4.325
5560,18.6953,,133,,4.287
5561,18.6953,,133,,4.25187
5562,18.7004,,134,,4.21675
5563,18.7004,,134,,4.18162
5564,18.7037,,134,,4.1465
5565,18.7123,,134,,4.11137
5566,18.7123,,134,,4.07625
5567,18.7156,,134,,4.04112
5568,18.7181,,135,,4.006
5569,18.7248,,134,,4.00229
5570,18.7248,,134,,3.99857
5571,18.7291,,134,,3.99486
5572,18.7323,,134,,3.99114
5573,18.7371,,134,,3.98743
5574,18.7371,,134,,3.98371
5575,18.7392,,134,,3.98
5576,18.7406,,134,,3.97573
5577,18.7453,,134,,3.97145
5578,18.7453,,134,,3.96718
5579,18.7487,,134,,3.96291
5580,18.751,,134,,3.95864
5581,18.7546,,135,,3.95436
5582,18.7546,,135,,3.95009
5583,18.7558,,135,,3.94582
5584,18.7569,,135,,3.94155
5585,18.7587,,135,,3.93727
5586,18.7617,,135,,3.933
5587,18.7641,,136,,3.92311
5588,18.769,,136,,3.91322
5589,18.7724,,136,,3.90333
5590,18.7739,,136,,3.89344
5591,18.7778,,136,,3.88356
5592,18.7778,,136,,3.87367
5593,18.7799,,135,,3.86378
5594,18.7811,,135,,3.85389
5595,18.7862,,135,,3.844
5596,18.7862,,135,,3.8334
5597,18.789,,137,,3.8228
5598,18.7915,,137,,3.8122
5599,18.794,,137,,3.8016
5600,18.7958,,137,,3.791
5601,18.8001,,138,,3.7804
5602,18.8001,,138,,3.7698
5603,18.8028,,138,,3.7592
5604,18.8047,,138,,3.7486
5605,18.8103,,138,,3.738
5606,18.8103,,137,,3.7331
5607,18.8148,,137,,3.7282
5608,18.8148,,137,,3.7233
5609,18.8169,,137,,3.7184
5610,18.8194,,137,,3.7135
5611,18.8218,,137,,3.7086
5612,18.8252,,137,,3.7037
5613,18.8281,,136,,3.6988
5614,18.8304,,136,,3.6939
5615,18.8332,,137,,3.689
5616,18.836,,137,,3.695
5617,18.839,,137,,3.701
5618,18.841,,137,,3.707
5619,18.8456,,137,,3.713
5620,18.8456,,136,,3.719
5621,18.8481,,136,,3.725
5622,18.851,,137,,3.731
5623,18.8575,,138,,3.737
5624,18.8575,,138,,3.73744
5625,18.8599,,138,,3.73789
5626,18.8623,,138,,3.73833
5627,18.8677,,139,,3.73878
5628,18.8677,,139,,3.73922
5629,18.8701,,139,,3.73967
5630,18.8727,,138,,3.74011
5631,18.8753,,138,,3.74056
5632,18.878,,138,,3.741
5633,18.8824,,137,,3.74114
5634,18.8824,,137,,3.74129
5635,18.8852,,137,,3.74143
5636,18.8884,,137,,3.74157
5637,18.8921,,136,,3.74171
5638,18.8953,,136,,3.74186
5639,18.9006,,136,,3.742
5640,18.9006,,136,,3.74838
5641,18.9059,,137,,3.75475
5642,18.9059,,137,,3.76112
5643,18.9091,,137,,3.7675
5644,18.9127,,137,,3.77388
5645,18.9163,,137,,3.78025
5646,18.9196,,137,,3.78662
5647,18.9228,,137,,3.793
5648,18.9259,,137,,3.80871
5649,18.929,,137,,3.82443
5650,18.9323,,138,,3.84014
5651,18.9357,,138,,3.85586
5652,18.9412,,137,,3.87157
5653,18.9412,,137,,3.88729
5654,18.9443,,137,,3.903
5655,18.9476,,137,,3.927
5656,18.955,,136,,3.951
5657,18.955,,136,,3.975
5658,18.9596,,136,,3.999
5659,18.9645,,137,,4.023
5660,18.9678,,136,,4.047
5661,18.9706,,136,,4.073
5662,18.9738,,136,,4.099
5663,18.9774,,136,,4.125
5664,18.9806,,136,,4.151
5665,18.9838,,136,,4.177
5666,18.9867,,137,,4.203
5667,18.9891,,137,,4.229
5668,18.9926,,137,,4.2452
5669,18.9926,,137,,4.2614
5670,18.9937,,137,,4.2776
5671,18.9944,,137,,4.2938
5672,18.9957,,137,,4.31
5673,18.9957,,137,,4.3262
5674,18.9962,,137,,4.3424
5675,18.9975,,137,,4.3586
5676,19.0001,,137,,4.3748
5677,19.0001,,137,,4.391
5678,19.0013,,137,,4.4072
5679,19.0025,,136,,4.4234
5680,19.0073,,137,,4.4396
5681,19.0073,,137,,4.4558
5682,19.0125,,137,,4.472
5683,19.0175,,137,,4.57033
5684,19.0301,,137,,4.66867
5685,19.0358,,137,,4.767
5686,19.0426,,137,,4.87267
5687,19.0509,,137,,4.97833
5688,19.0607,,136,,5.084
5689,19.063,,136,,5.09569
5690,19.0668,,134,,5.10738
5691,19.0668,,134,,5.11908
5692,19.0682,,134,,5.13077
5693,19.0692,,135,,5.14246
5694,19.0702,,135,,5.15415
5695,19.0707,,136,,5.16585
5696,19.0721,,135,,5.17754
5697,19.0725,,135,,5.18923
5698,19.0729,,135,,5.20092
5699,19.0756,,135,,5.21262
5700,19.0789,,136,,5.22431
5701,19.0877,,136,,5.236
5702,19.0877,,136,,5.24475
5703,19.0912,,136,,5.2535
5704,19.0951,,136,,5.26225
5705,19.0987,,136,,5.271
5706,19.1021,,136,,5.27975
5707,19.1075,,137,,5.2885
5708,19.1075,,137,,5.29725
5709,19.1101,,137,,5.306
5710,19.1123,,137,,5.3037
5711,19.117,,137,,5.3014
5712,19.117,,137,,5.2991
5713,19.1195,,138,,5.2968
5714,19.1217,,137,,5.2945
5715,19.1255,,137,,5.2922
5716,19.1255,,137,,5.2899
5717,19.128,,137,,5.2876
5718,19.1304,,137,,5.2853
5719,19.136,,137,,5.283
5720,19.136,,137,,5.281
5721,19.1394,,136,,5.279
5722,19.1426,,135,,5.277
5723,19.1465,,135,,5.275
5724,19.1492,,135,,5.273
5725,19.158,,135,,5.271
5726,19.158,,135,,5.268
5727,19.1616,,135,,5.265
5728,19.1661,,135,,5.262
5729,19.173,,134,,5.259
5730,19.173,,134,,5.256
5731,19.1778,,135,,5.253
5732,19.1815,,135,,5.25
5733,19.1887,,136,,5.24871
5734,19.1887,,137,,5.24743
5735,19.1923,,135,,5.24614
5736,19.195,,134,,5.24486
5737,19.2,,134,,5.24357
5738,19.2,,134,,5.24229
5739,19.2032,,135,,5.241
5740,19.2066,,135,,5.2365
5741,19.2122,,134,,5.232
5742,19.2122,,134,,5.2275
5743,19.2146,,135,,5.223
5744,19.2169,,134,,5.2185
5745,19.2219,,134,,5.214
5746,19.2219,,134,,5.2095
5747,19.227,,134,,5.205
5748,19.227,,134,,5.19789
5749,19.2301,,134,,5.19078
5750,19.2331,,134,,5.18367
5751,19.2386,,136,,5.17656
5752,19.2386,,136,,5.16944
5753,19.2412,,136,,5.16233
5754,19.2439,,136,,5.15522
5755,19.2467,,136,,5.14811
5756,19.2517,,135,,5.141
5757,19.2517,,136,,5.12275
5758,19.2546,,136,,5.1045
5759,19.2573,,136,,5.08625
5760,19.2629,,136,,5.068
5761,19.2629,,136,,5.04975
5762,19.2657,,136,,5.0315
5763,19.2682,,136,,5.01325
5764,19.2728,,137,,4.995
5765,19.2728,,136,,4.97162
5766,19.2758,,136,,4.94825
5767,19.2788,,136,,4.92487
5768,19.2846,,136,,4.9015
5769,19.2846,,136,,4.87812
5770,19.2871,,136,,4.85475
5771,19.2897,,136,,4.83137
5772,19.2972,,136,,4.808
5773,19.2972,,136,,4.80325
5774,19.3064,,135,,4.7985
5775,19.3155,,135,,4.79375
5776,19.3205,,135,,4.789
5777,19.3239,,135,,4.80425
5778,19.3303,,136,,4.8195
5779,19.3303,,136,,4.83475
5780,19.3328,,136,,4.85
5781,19.3351,,136,,4.86525
5782,19.3392,,136,,4.8805
5783,19.3392,,136,,4.89575
5784,19.341,,136,,4.911
5785,19.3445,,135,,4.94083
5786,19.3515,,135,,4.97067
5787,19.3515,,135,,5.0005
5788,19.3555,,134,,5.03033
5789,19.359,,134,,5.06017
5790,19.3644,,135,,5.09
5791,19.3644,,135,,5.09825
5792,19.3679,,135,,5.1065
5793,19.3712,,135,,5.11475
5794,19.3774,,136,,5.123
5795,19.3774,,136,,5.13125
5796,19.3823,,137,,5.1395
5797,19.3823,,137,,5.14775
5798,19.3869,,138,,5.156
5799,19.3888,,138,,5.1528
5800,19.3888,,138,,5.1496
5801,19.3908,,139,,5.1464
5802,19.3932,,138,,5.1432
5803,19.3967,,139,,5.14
5804,19.3967,,139,,5.1368
5805,19.3992,,139,,5.1336
5806,19.4013,,139,,5.1304
5807,19.4037,,137,,5.1272
5808,19.4074,,137,,5.124
5809,19.4121,,137,,5.1028
5810,19.4121,,137,,5.0816
5811,19.4169,,137,,5.0604
5812,19.4207,,137,,5.0392
5813,19.4283,,136,,5.018
5814,19.4283,,136,,5.0072
5815,19.4312,,135,,4.9964
5816,19.4335,,133,,4.9856
5817,19.4374,,133,,4.9748
5818,19.4374,,133,,4.964
5819,19.4395,,133,,4.9532
5820,19.4414,,133,,4.9424
5821,19.4436,,134,,4.9316
5822,19.4455,,134,,4.9208
5823,19.4493,,134,,4.91
5824,19.4493,,134,,4.89287
5825,19.4518,,134,,4.87575
5826,19.4546,,134,,4.85862
5827,19.4616,,135,,4.8415
5828,19.4616,,135,,4.82437
5829,19.4647,,135,,4.80725
5830,19.4677,,135,,4.79012
5831,19.4743,,135,,4.773
5832,19.4743,,135,,4.75257
5833,19.4776,,136,,4.73214
5834,19.4812,,136,,4.71171
5835,19.4904,,137,,4.69129
5836,19.4904,,137,,4.67086
5837,19.4946,,137,,4.65043
5838,19.4977,,137,,4.63
5839,19.5043,,137,,4.60071
5840,19.5043,,137,,4.57143
5841,19.507,,137,,4.54214
5842,19.5098,,136,,4.51286
5843,19.5155,,136,,4.48357
5844,19.5155,,136,,4.45429
5845,19.5182,,136,,4.425
5846,19.5199,,136,,4.39758
5847,19.5207,,136,,4.37017
5848,19.5207,,136,,4.34275
5849,19.5215,,135,,4.31533
5850,19.5234,,134,,4.28792
5851,19.5282,,134,,4.2605
5852,19.5282,,134,,4.23308
5853,19.531,,133,,4.20567
5854,19.5333,,133,,4.17825
5855,19.5377,,134,,4.15083
5856,19.5377,,134,,4.12342
5857,19.5432,,134,,4.096
5858,19.5458,,134,,4.05733
5859,19.5458,,134,,4.01867
5860,19.5484,,134,,3.98
5861,19.5511,,134,,3.94133
5862,19.5562,,134,,3.90267
5863,19.5562,,134,,3.864
5864,19.5589,,134,,3.82533
5865,19.5609,,135,,3.78667
5866,19.5659,,134,,3.748
5867,19.5659,,134,,3.70962
5868,19.5685,,134,,3.67125
5869,19.571,,134,,3.63287
5870,19.5765,,135,,3.5945
5871,19.5765,,135,,3.55612
5872,19.5797,,136,,3.51775
5873,19.583,,136,,3.47937
5874,19.5862,,136,,3.441
5875,19.5894,,136,,3.415
5876,19.5924,,136,,3.389
5877,19.5954,,136,,3.363
5878,19.6012,,136,,3.337
5879,19.6012,,136,,3.311
5880,19.6039,,137,,3.285
5881,19.6066,,137,,3.259
5882,19.6118,,137,,3.233
5883,19.6118,,137,,3.21725
5884,19.6145,,137,,3.2015
5885,19.6174,,137,,3.18575
5886,19.6226,,138,,3.17
5887,19.6226,,138,,3.15425
5888,19.6248,,138,,3.1385
5889,19.6269,,138,,3.12275
5890,19.6326,,138,,3.107
5891,19.6326,,138,,3.10125
5892,19.6361,,138,,3.0955
5893,19.6392,,138,,3.08975
5894,19.6452,,138,,3.084
5895,19.6452,,138,,3.07825
5896,19.6477,,138,,3.0725
5897,19.651,,138,,3.06675
5898,19.6537,,138,,3.061
5899,19.6561,,138,,3.05875
5900,19.658,,138,,3.0565
5901,19.6606,,138,,3.05425
5902,19.6664,,138,,3.052
5903,19.6664,,138,,3.04975
5904,19.6692,,137,,3.0475
5905,19.6722,,137,,3.04525
5906,19.6749,,134,,3.043
5907,19.6776,,134,,3.04044
5908,19.6827,,132,,3.03789
5909,19.6827,,132,,3.03533
5910,19.685,,133,,3.03278
5911,19.6871,,136,,3.03022
5912,19.6921,,138,,3.02767
5913,19.6921,,138,,3.02511
5914,19.6945,,138,,3.02256
5915,19.697,,139,,3.02
5916,19.6995,,139,,3.02
5917,19.7047,,139,,3.02
5918,19.7047,,139,,3.02
5919,19.7077,,139,,3.02
5920,19.7104,,139,,3.02
5921,19.7159,,139,,3.02
5922,19.7159,,139,,3.02
5923,19.7186,,140,,3.02
5924,19.7213,,139,,3.03162
5925,19.7267,,140,,3.04325
5926,19.7267,,140,,3.05487
5927,19.7294,,139,,3.0665
5928,19.7323,,139,,3.07812
5929,19.7387,,140,,3.08975
5930,19.7387,,140,,3.10137
5931,19.7413,,140,,3.113
5932,19.7447,,140,,3.1535
5933,19.751,,140,,3.194
5934,19.751,,140,,3.2345
5935,19.7539,,141,,3.275
5936,19.7569,,141,,3.3155
5937,19.7627,,141,,3.356
5938,19.7627,,141,,3.38867
5939,19.766,,141,,3.42133
5940,19.7688,,141,,3.454
5941,19.7738,,141,,3.48667
5942,19.7738,,141,,3.51933
5943,19.7762,,141,,3.552
5944,19.7785,,140,,3.58467
5945,19.7809,,140,,3.61733
5946,19.7836,,140,,3.65
5947,19.789,,140,,3.68344
5948,19.789,,140,,3.71689
5949,19.7915,,139,,3.75033
5950,19.7939,,139,,3.78378
5951,19.7981,,139,,3.81722
5952,19.7981,,139,,3.85067
5953,19.8,,139,,3.88411
5954,19.8021,,140,,3.91756
5955,19.8067,,140,,3.951
5956,19.8067,,139,,3.98311
5957,19.8109,,139,,4.01522
5958,19.8109,,139,,4.04733
5959,19.8127,,140,,4.07944
5960,19.8148,,140,,4.11156
5961,19.8217,,140,,4.14367
5962,19.8217,,140,,4.17578
5963,19.8247,,139,,4.20789
5964,19.8283,,139,,4.24
5965,19.8339,,139,,4.3006
5966,19.8339,,139,,4.3612
5967,19.8399,,139,,4.4218
5968,19.8448,,139,,4.4824
5969,19.8528,,139,,4.543
5970,19.8528,,139,,4.56975
5971,19.8557,,139,,4.5965
5972,19.859,,139,,4.62325
5973,19.865,,138,,4.65
5974,19.865,,138,,4.67675
5975,19.8678,,137,,4.7035
5976,19.8705,,137,,4.73025
5977,19.876,,136,,4.757
5978,19.876,,136,,4.776
5979,19.8795,,135,,4.795
5980,19.8828,,136,,4.814
5981,19.8893,,138,,4.833
5982,19.8893,,138,,4.852
5983,19.8922,,139,,4.871
5984,19.8953,,140,,4.89
5985,19.9016,,141,,4.909
5986,19.9016,,141,,4.918
5987,19.9046,,139,,4.927
5988,19.9075,,138,,4.936
5989,19.9131,,136,,4.945
5990,19.9131,,136,,4.954
5991,19.9161,,136,,4.963
5992,19.9193,,136,,4.972
5993,19.927,,137,,4.981
5994,19.927,,137,,4.97937
5995,19.9336,,137,,4.97775
5996,19.9369,,137,,4.97612
5997,19.9369,,137,,4.9745
5998,19.9405,,137,,4.97287
5999,19.944,,138,,4.97125
6000,19.947,,138,,4.96962
6001,19.9506,,138,,4.968
6002,19.9568,,138,,4.956
6003,19.9568,,138,,4.944
6004,19.9598,,138,,4.932
6005,19.9625,,138,,4.92
6006,19.967,,138,,4.908
6007,19.967,,138,,4.896
6008,19.9695,,138,,4.884
6009,19.9724,,139,,4.872
6010,19.9789,,139,,4.85471
6011,19.9789,,139,,4.83743
6012,19.9823,,139,,4.82014
6013,19.9849,,138,,4.80286
6014,19.9907,,138,,4.78557
6015,19.9907,,138,,4.76829
6016,19.9936,,138,,4.751
6017,19.9972,,138,,4.72383
6018,20.0026,,139,,4.69667
6019,20.0026,,139,,4.6695
6020,20.0053,,138,,4.64233
6021,20.0079,,138,,4.61517
6022,20.0142,,136,,4.588
6023,20.0142,,136,,4.5657
6024,20.017,,137,,4.5434
6025,20.0194,,137,,4.5211
6026,20.024,,137,,4.4988
6027,20.024,,137,,4.4765
6028,20.0258,,137,,4.4542
6029,20.0293,,137,,4.4319
6030,20.0347,,137,,4.4096
6031,20.0347,,137,,4.3873
6032,20.0369,,137,,4.365
6033,20.039,,136,,4.32367
6034,20.042,,136,,4.28233
6035,20.045,,136,,4.241
6036,20.0489,,138,,4.19967
6037,20.0516,,138,,4.15833
6038,20.0576,,137,,4.117
6039,20.0576,,137,,4.07962
6040,20.0605,,137,,4.04225
6041,20.0641,,137,,4.00487
6042,20.0681,,138,,3.9675
6043,20.0681,,138,,3.93012
6044,20.0704,,138,,3.89275
6045,20.0736,,138,,3.85537
6046,20.0788,,139,,3.818
6047,20.0788,,139,,3.78967
6048,20.0814,,139,,3.76133
6049,20.0843,,139,,3.733
6050,20.09,,139,,3.70467
6051,20.09,,139,,3.67633
6052,20.0927,,139,,3.648
6053,20.0952,,139,,3.61967
6054,20.0979,,137,,3.59133
6055,20.1032,,138,,3.563
6056,20.1032,,138,,3.53371
6057,20.106,,138,,3.50443
6058,20.1089,,138,,3.47514
6059,20.1165,,137,,3.44586
6060,20.1165,,136,,3.41657
6061,20.1227,,136,,3.38729
6062,20.1283,,136,,3.358
6063,20.1378,,137,,3.3374
6064,20.1378,,137,,3.3168
6065,20.1431,,137,,3.2962
6066,20.1474,,137,,3.2756
6067,20.1509,,136,,3.255
6068,20.1544,,136,,3.25867
6069,20.1596,,136,,3.26233
6070,20.1596,,136,,3.266
6071,20.1627,,136,,3.26967
6072,20.1657,,136,,3.27333
6073,20.1728,,136,,3.277
6074,20.1728,,136,,3.29314
6075,20.1765,,137,,3.30929
6076,20.18,,137,,3.32543
6077,20.1834,,137,,3.34157
6078,20.187,,137,,3.35771
6079,20.1909,,138,,3.37386
6080,20.1952,,138,,3.39
6081,20.1993,,138,,3.412
6082,20.2032,,138,,3.434
6083,20.2067,,138,,3.456
6084,20.2096,,138,,3.478
6085,20.2168,,138,,3.5
6086,20.2168,,138,,3.51971
6087,20.2205,,138,,3.53943
6088,20.2241,,138,,3.55914
6089,20.2276,,138,,3.57886
6090,20.2316,,138,,3.59857
6091,20.2338,,138,,3.61829
6092,20.2372,,138,,3.638
6093,20.2401,,138,,3.64928
6094,20.2401,,138,,3.66056
6095,20.2422,,138,,3.67183
6096,20.2431,,138,,3.68311
6097,20.244,,138,,3.69439
6098,20.2472,,140,,3.70567
6099,20.2472,,140,,3.71694
6100,20.248,,141,,3.72822
6101,20.249,,141,,3.7395
6102,20.25,,141,,3.75078
6103,20.2523,,140,,3.76206
6104,20.2523,,140,,3.77333
6105,20.2533,,140,,3.78461
6106,20.2548,,140,,3.79589
6107,20.2556,,139,,3.80717
6108,20.2575,,137,,3.81844
6109,20.2575,,137,,3.82972
6110,20.2587,,135,,3.841
6111,20.2612,,135,,3.86837
6112,20.2631,,134,,3.89575
6113,20.2652,,135,,3.92313
6114,20.2683,,134,,3.9505
6115,20.2708,,134,,3.97788
6116,20.2762,,132,,4.00525
6117,20.2762,,132,,4.03263
6118,20.28,,132,,4.06
6119,20.283,,132,,4.0839
6120,20.2853,,133,,4.1078
6121,20.2876,,133,,4.1317
6122,20.2898,,133,,4.1556
6123,20.2912,,133,,4.1795
6124,20.2932,,132,,4.2034
6125,20.2954,,132,,4.2273
6126,20.2974,,133,,4.2512
6127,20.2998,,133,,4.2751
6128,20.3024,,134,,4.299
6129,20.306,,135,,4.32613
6130,20.3088,,135,,4.35325
6131,20.3121,,135,,4.38037
6132,20.3147,,135,,4.4075
6133,20.3173,,135,,4.43463
6134,20.3198,,135,,4.46175
6135,20.3222,,135,,4.48888
6136,20.3261,,135,,4.516
6137,20.3304,,135,,4.54983
6138,20.3339,,134,,4.58367
6139,20.3378,,134,,4.6175
6140,20.3401,,134,,4.65133
6141,20.3431,,134,,4.68517
6142,20.3481,,134,,4.719
6143,20.3518,,134,,4.75433
6144,20.3551,,134,,4.78967
6145,20.358,,134,,4.825
6146,20.3624,,134,,4.86033
6147,20.3661,,134,,4.89567
6148,20.3696,,134,,4.931
6149,20.3731,,134,,4.94463
6150,20.3764,,133,,4.95825
6151,20.3796,,133,,4.97188
6152,20.3826,,134,,4.9855
6153,20.3847,,134,,4.99913
6154,20.3869,,134,,5.01275
6155,20.389,,134,,5.02638
6156,20.3922,,134,,5.04
6157,20.3955,,134,,5.05986
6158,20.3989,,134,,5.07971
6159,20.402,,134,,5.09957
6160,20.4049,,134,,5.11943
6161,20.4077,,135,,5.13929
6162,20.4103,,135,,5.15914
6163,20.4151,,135,,5.179
6164,20.4151,,135,,5.19067
6165,20.4171,,135,,5.20233
6166,20.4201,,136,,5.214
6167,20.4228,,134,,5.22567
6168,20.4251,,134,,5.23733
6169,20.4271,,134,,5.249
6170,20.4286,,134,,5.26067
6171,20.4286,,134,,5.27233
6172,20.4307,,134,,5.284
6173,20.4307,,134,,5.29567
6174,20.4319,,134,,5.30733
6175,20.4328,,134,,5.319
6176,20.4343,,134,,5.33067
6177,20.4352,,135,,5.34233
6178,20.4363,,135,,5.354
6179,20.4367,,134,,5.36517
6180,20.4367,,134,,5.37633
6181,20.4377,,134,,5.3875
6182,20.4385,,133,,5.39867
6183,20.4411,,133,,5.40983
6184,20.4434,,133,,5.421
6185,20.4464,,133,,5.43217
6186,20.4484,,133,,5.44333
6187,20.4505,,133,,5.4545
6188,20.4528,,133,,5.46567
6189,20.4558,,133,,5.47683
6190,20.4586,,134,,5.488
6191,20.4621,,134,,5.5005
6192,20.465,,134,,5.513
6193,20.4688,,134,,5.5255
6194,20.472,,134,,5.538
6195,20.475,,134,,5.5505
6196,20.4796,,134,,5.563
6197,20.4826,,134,,5.56957
6198,20.4847,,134,,5.57614
6199,20.4868,,134,,5.58271
6200,20.4888,,134,,5.58929
6201,20.4898,,133,,5.59586
6202,20.4898,,132,,5.60243
6203,20.4912,,133,,5.609
6204,20.4924,,131,,5.61557
6205,20.4937,,131,,5.62214
6206,20.4949,,131,,5.62871
6207,20.4961,,131,,5.63529
6208,20.4974,,131,,5.64186
6209,20.4987,,131,,5.64843
6210,20.5004,,131,,5.655
6211,20.5005,,130,,5.655
6212,20.5009,,130,,5.655
