secs,km,power,hr,cad,alt
0,0,,86,,182.4
1,0.00291,,87,,182.6
2,0.00291,,87,,182.6
3,0.00481,,88,,182.6
4,0.00656,,89,,182.8
5,0.00988,,91,,183
6,0.00988,,91,,183
7,0.01182,,91,,183
8,0.01406,,91,,183.2
9,0.01816,,91,,183.4
10,0.01816,,98,,183.4
11,0.02017,,105,,183.6
12,0.02212,,113,,183.8
13,0.02409,,128,,183.8
14,0.02612,,135,,184
15,0.02811,,149,,184
16,0.03008,,156,,184.2
17,0.03208,,156,,184.2
18,0.03406,,156,,184.4
19,0.036,,156,,184.4
20,0.03795,,156,,184.6
21,0.03971,,156,,184.6
22,0.0416,,156,,184.8
23,0.04343,,156,,184.8
24,0.045,,156,,184.8
25,0.04678,,156,,185
26,0.04808,,156,,185
27,0.04958,,156,,185
28,0.05135,,156,,185.2
29,0.05301,,156,,185.2
30,0.05483,,156,,185.4
31,0.05693,,161,,185.4
32,0.05896,,161,,185.6
33,0.06073,,159,,185.6
34,0.06278,,157,,185.8
35,0.06461,,157,,185.8
36,0.06618,,157,,186
37,0.06773,,157,,186
38,0.06953,,157,,186
39,0.07158,,157,,186.2
40,0.0735,,157,,186.4
41,0.07544,,157,,186.4
42,0.0776,,157,,186.6
43,0.07972,,157,,186.6
44,0.08177,,157,,186.8
45,0.08376,,157,,186.8
46,0.08542,,157,,187
47,0.08754,,157,,187
48,0.08991,,157,,187.2
49,0.09176,,157,,187.2
50,0.09381,,157,,187.4
51,0.09587,,152,,187.4
52,0.09776,,152,,187.6
53,0.09981,,152,,187.6
54,0.10186,,152,,187.8
55,0.10377,,152,,187.8
56,0.10579,,152,,188
57,0.10757,,152,,188
58,0.1094,,152,,188.2
59,0.11136,,152,,188.2
60,0.1131,,152,,188.4
61,0.11485,,152,,188.4
62,0.11677,,152,,188.6
63,0.11867,,152,,188.6
64,0.12111,,152,,188.8
65,0.1232,,152,,188.8
66,0.12502,,152,,189
67,0.12676,,152,,189
68,0.12852,,144,,189.2
69,0.13012,,137,,189.2
70,0.13173,,131,,189.2
71,0.13347,,130,,189.4
72,0.13515,,130,,189.4
73,0.13703,,130,,189.4
74,0.13901,,130,,189.6
75,0.14053,,130,,189.6
76,0.14208,,130,,189.8
77,0.14363,,130,,189.8
78,0.14523,,130,,189.8
79,0.14703,,130,,190
80,0.14849,,130,,190
81,0.14981,,130,,190
82,0.15151,,130,,190.2
83,0.15297,,130,,190.2
84,0.15457,,130,,190.2
85,0.15639,,130,,190.4
86,0.15805,,130,,190.4
87,0.15969,,130,,190.4
88,0.16155,,130,,190.6
89,0.16315,,130,,190.6
90,0.16475,,130,,190.6
91,0.16673,,130,,190.8
92,0.1683,,130,,190.8
93,0.16989,,130,,190.8
94,0.17189,,130,,190.8
95,0.17552,,130,,191
96,0.17552,,130,,191
97,0.17771,,129,,191
98,0.18191,,129,,191.2
99,0.18191,,129,,191.2
100,0.1842,,129,,191.4
101,0.18597,,129,,191.4
102,0.18786,,129,,191.4
103,0.18994,,129,,191.6
104,0.19194,,129,,191.6
105,0.19421,,129,,191.6
106,0.19656,,129,,191.8
107,0.19856,,129,,191.8
108,0.20067,,129,,191.8
109,0.20267,,129,,191.8
110,0.20455,,129,,192
111,0.20662,,129,,192
112,0.2086,,129,,192
113,0.21064,,130,,192
114,0.21283,,130,,192.2
115,0.21497,,130,,192.2
116,0.2169,,130,,192.2
117,0.21885,,130,,192.4
118,0.22066,,130,,192.4
119,0.22243,,130,,192.4
120,0.22435,,130,,192.4
121,0.22605,,130,,192.6
122,0.22778,,130,,192.6
123,0.22975,,130,,192.6
124,0.23174,,130,,192.6
125,0.23586,,131,,192.8
126,0.23586,,131,,192.8
127,0.23771,,131,,192.8
128,0.23963,,132,,192.8
129,0.24114,,132,,193
130,0.2426,,132,,193
131,0.24433,,132,,193
132,0.24626,,132,,193
133,0.24775,,132,,193.2
134,0.24942,,132,,193.2
135,0.25128,,132,,193.2
136,0.25304,,132,,193.2
137,0.25497,,132,,193.4
138,0.25679,,132,,193.4
139,0.25857,,132,,193.4
140,0.2605,,132,,193.4
141,0.26248,,132,,193.6
142,0.26422,,132,,193.6
143,0.26619,,132,,193.6
144,0.26814,,132,,193.6
145,0.27006,,132,,193.8
146,0.27197,,132,,193.8
147,0.27364,,132,,193.8
148,0.27534,,132,,193.8
149,0.27728,,132,,193.8
150,0.27899,,132,,193.8
151,0.28055,,132,,193.8
152,0.28236,,132,,193.8
153,0.28396,,132,,193.8
154,0.28561,,132,,193.8
155,0.28739,,132,,193.8
156,0.28901,,132,,194
157,0.29078,,132,,194
158,0.29257,,132,,194
159,0.29447,,132,,194
160,0.29612,,132,,194
161,0.29795,,132,,194
162,0.29989,,132,,194
163,0.30188,,132,,194
164,0.30383,,132,,194
165,0.30586,,132,,194
166,0.30773,,132,,194
167,0.3095,,132,,194
168,0.31163,,132,,194.2
169,0.31366,,132,,194.2
170,0.31556,,132,,194.2
171,0.31752,,132,,194.2
172,0.3194,,132,,194.2
173,0.32124,,132,,194.2
174,0.32315,,132,,194.2
175,0.32479,,132,,194.2
176,0.32651,,132,,194.2
177,0.32817,,131,,194.2
178,0.32963,,130,,194.4
179,0.33149,,130,,194.4
180,0.33355,,130,,194.4
181,0.33558,,130,,194.4
182,0.3376,,130,,194.4
183,0.33966,,130,,194.4
184,0.34183,,130,,194.4
185,0.34414,,130,,194.4
186,0.34643,,130,,194.4
187,0.34862,,130,,194.4
188,0.35074,,129,,194.4
189,0.3528,,129,,194.4
190,0.35491,,129,,194.4
191,0.35695,,129,,194.4
192,0.35908,,129,,194.4
193,0.36122,,129,,194.4
194,0.36346,,129,,194.4
195,0.36578,,129,,194.4
196,0.36805,,129,,194.4
197,0.37047,,129,,194.4
198,0.37278,,129,,194.4
199,0.37505,,129,,194.4
200,0.37747,,129,,194.2
201,0.37983,,129,,194.2
202,0.38208,,129,,194.2
203,0.38434,,129,,194.2
204,0.38672,,129,,194.2
205,0.38902,,129,,194.2
206,0.3917,,129,,194
207,0.3942,,129,,194
208,0.39647,,129,,194
209,0.39867,,129,,194
210,0.40089,,129,,194
211,0.40319,,129,,193.8
212,0.40542,,129,,193.8
213,0.40749,,129,,193.8
214,0.40991,,129,,193.8
215,0.41216,,129,,193.8
216,0.41456,,129,,193.6
217,0.41687,,129,,193.6
218,0.41913,,129,,193.6
219,0.42144,,129,,193.6
220,0.42365,,129,,193.6
221,0.42628,,129,,193.4
222,0.42868,,129,,193.4
223,0.43092,,129,,193.4
224,0.43321,,129,,193.4
225,0.4353,,129,,193.4
226,0.43743,,129,,193.4
227,0.43976,,129,,193.4
228,0.4422,,129,,193.4
229,0.44449,,129,,193.4
230,0.44671,,129,,193.4
231,0.44894,,129,,193.4
232,0.4511,,129,,193.4
233,0.45337,,129,,193.4
234,0.45553,,129,,193.6
235,0.45779,,129,,193.6
236,0.45996,,129,,193.6
237,0.46204,,129,,193.6
238,0.46431,,129,,193.6
239,0.46643,,129,,193.6
240,0.46872,,129,,193.8
241,0.47097,,129,,193.8
242,0.47305,,129,,193.8
243,0.47516,,129,,193.8
244,0.47723,,129,,193.8
245,0.4794,,129,,194
246,0.48136,,129,,194
247,0.48353,,129,,194
248,0.48582,,129,,194
249,0.48801,,129,,194
250,0.49026,,129,,193.8
251,0.49247,,129,,193.8
252,0.49461,,129,,193.8
253,0.49689,,129,,193.8
254,0.49903,,129,,193.8
255,0.50125,,129,,193.6
256,0.50337,,129,,193.6
257,0.50549,,129,,193.6
258,0.50777,,129,,193.6
259,0.50986,,129,,193.6
260,0.51211,,129,,193.4
261,0.51409,,129,,193.6
262,0.51615,,129,,193.6
263,0.51822,,129,,193.6
264,0.52042,,129,,193.6
265,0.5226,,129,,193.6
266,0.52473,,129,,193.8
267,0.52704,,129,,193.8
268,0.5292,,129,,193.8
269,0.5315,,129,,193.8
270,0.53379,,129,,193.8
271,0.53613,,129,,194
272,0.53848,,129,,194
273,0.54066,,129,,194
274,0.54296,,129,,194
275,0.54515,,129,,194
276,0.54751,,129,,194
277,0.54984,,129,,194
278,0.552,,129,,194
279,0.55434,,129,,194
280,0.55661,,129,,194
281,0.55892,,129,,194
282,0.56116,,129,,194
283,0.5635,,129,,194
284,0.56584,,128,,194
285,0.56798,,128,,194
286,0.57029,,128,,193.8
287,0.57248,,128,,193.8
288,0.57472,,128,,193.8
289,0.57702,,128,,193.6
290,0.57924,,127,,193.6
291,0.58157,,127,,193.4
292,0.58386,,127,,193.4
293,0.58616,,127,,193.2
294,0.5884,,127,,193.2
295,0.59056,,127,,193.2
296,0.59285,,127,,193
297,0.59507,,127,,193
298,0.59746,,127,,193
299,0.59971,,127,,193
300,0.60209,,127,,193
301,0.60451,,127,,193
302,0.60678,,127,,193
303,0.60934,,127,,193
304,0.6118,,127,,193
305,0.61405,,127,,193
306,0.61613,,127,,193
307,0.61842,,127,,193
308,0.62084,,128,,193
309,0.62331,,129,,193
310,0.6258,,129,,193
311,0.62832,,129,,192.8
312,0.63085,,129,,192.8
313,0.63316,,130,,192.8
314,0.63564,,130,,192.6
315,0.63805,,130,,192.6
316,0.6405,,130,,192.4
317,0.64287,,130,,192.4
318,0.64513,,130,,192.2
319,0.64757,,130,,192.2
320,0.64988,,130,,192.2
321,0.65237,,130,,192.2
322,0.65475,,130,,192.2
323,0.65711,,130,,192.2
324,0.65957,,130,,192
325,0.66181,,130,,192
326,0.66412,,130,,192
327,0.6664,,130,,192
328,0.66871,,130,,192
329,0.67094,,130,,192
330,0.67303,,131,,192
331,0.67522,,131,,192
332,0.67733,,131,,192
333,0.67947,,132,,192
334,0.6816,,132,,192
335,0.68376,,132,,192
336,0.68579,,132,,192
337,0.68797,,132,,192
338,0.69024,,132,,192
339,0.69261,,132,,192
340,0.69509,,132,,192
341,0.69749,,132,,192
342,0.7001,,132,,192
343,0.70264,,132,,192.2
344,0.70513,,132,,192.2
345,0.70774,,132,,192.2
346,0.71028,,132,,192.2
347,0.7129,,132,,192
348,0.71545,,132,,192
349,0.71806,,132,,192
350,0.72039,,131,,192
351,0.72266,,131,,192
352,0.72515,,133,,192
353,0.72766,,133,,192
354,0.73018,,134,,191.8
355,0.73248,,135,,191.8
356,0.73473,,135,,191.8
357,0.7371,,135,,191.8
358,0.73948,,135,,191.8
359,0.74181,,135,,191.8
360,0.74389,,136,,191.8
361,0.74619,,135,,191.8
362,0.74873,,135,,191.6
363,0.75111,,135,,191.6
364,0.75361,,135,,191.6
365,0.75829,,134,,191.6
366,0.75829,,134,,191.6
367,0.76079,,134,,191.6
368,0.76343,,133,,191.6
369,0.7661,,132,,191.6
370,0.76869,,132,,191.6
371,0.77119,,133,,191.6
372,0.77353,,133,,191.6
373,0.77578,,134,,191.6
374,0.77784,,134,,191.6
375,0.7801,,134,,191.6
376,0.78203,,134,,191.6
377,0.78402,,135,,191.6
378,0.78593,,135,,191.6
379,0.78798,,135,,191.8
380,0.78997,,134,,191.8
381,0.79176,,134,,191.8
382,0.79369,,133,,191.8
383,0.79555,,133,,191.8
384,0.79725,,134,,191.8
385,0.79903,,134,,191.8
386,0.80104,,135,,191.8
387,0.80323,,135,,191.8
388,0.80544,,135,,191.8
389,0.80789,,135,,191.8
390,0.81042,,135,,192
391,0.8129,,135,,192
392,0.81589,,135,,192
393,0.819,,135,,192
394,0.82188,,136,,192
395,0.82495,,136,,192
396,0.82812,,138,,192.2
397,0.83129,,138,,192.2
398,0.83415,,138,,192.2
399,0.83702,,138,,192.2
400,0.83969,,138,,192.2
401,0.84245,,138,,192.2
402,0.84516,,138,,192.2
403,0.84801,,138,,192
404,0.85085,,138,,192
405,0.85344,,138,,192
406,0.85631,,138,,192
407,0.85906,,138,,192
408,0.86206,,138,,192
409,0.86506,,138,,192
410,0.86783,,138,,192
411,0.87061,,138,,192
412,0.87303,,138,,192
413,0.87561,,138,,192
414,0.87811,,138,,192
415,0.88065,,139,,192
416,0.88326,,139,,192
417,0.88558,,139,,192
418,0.88803,,139,,192
419,0.89048,,139,,192
420,0.89309,,140,,192
421,0.89586,,140,,192
422,0.89849,,140,,192
423,0.90103,,140,,192
424,0.90336,,139,,192
425,0.90598,,140,,192
426,0.90842,,140,,192
427,0.9109,,140,,192
428,0.91308,,140,,192
429,0.91504,,140,,192
430,0.91716,,140,,192
431,0.91935,,140,,192
432,0.92177,,140,,191.8
433,0.92419,,140,,191.8
434,0.92653,,140,,191.8
435,0.92891,,140,,191.8
436,0.9312,,140,,191.8
437,0.93378,,140,,191.8
438,0.93641,,141,,191.6
439,0.93904,,141,,191.6
440,0.94156,,141,,191.6
441,0.94398,,141,,191.6
442,0.94651,,141,,191.6
443,0.94907,,142,,191.6
444,0.95152,,142,,191.4
445,0.95406,,142,,191.4
446,0.95651,,141,,191.4
447,0.95894,,141,,191.4
448,0.96116,,141,,191.4
449,0.96355,,141,,191.2
450,0.96584,,141,,191.2
451,0.96829,,142,,191.2
452,0.97082,,142,,191.2
453,0.97315,,142,,191.2
454,0.9756,,142,,191.2
455,0.97791,,142,,191
456,0.98038,,143,,191
457,0.98281,,143,,191
458,0.98518,,143,,191
459,0.98761,,142,,191
460,0.9899,,142,,191
461,0.99243,,142,,191
462,0.9947,,143,,191
463,0.99698,,143,,191
464,0.99931,,144,,191
465,1.00148,,144,,191
466,1.00394,,144,,191
467,1.00623,,144,,191
468,1.00848,,144,,191
469,1.0108,,143,,190.8
470,1.01311,,143,,190.8
471,1.01789,,143,,190.8
472,1.01789,,143,,190.8
473,1.02022,,143,,190.8
474,1.02254,,143,,190.8
475,1.02482,,143,,190.8
476,1.02726,,143,,190.6
477,1.02953,,143,,190.6
478,1.03185,,143,,190.6
479,1.03412,,143,,190.6
480,1.03639,,143,,190.6
481,1.03871,,142,,190.6
482,1.04088,,142,,190.4
483,1.04323,,143,,190.4
484,1.0454,,142,,190.4
485,1.05003,,142,,190.4
486,1.05003,,142,,190.4
487,1.05234,,143,,190.4
488,1.05492,,143,,190.4
489,1.05719,,143,,190.2
490,1.05959,,142,,190.2
491,1.06206,,142,,190.2
492,1.06434,,142,,190.2
493,1.06684,,142,,190.2
494,1.06925,,143,,190.2
495,1.07173,,143,,190
496,1.07417,,143,,190
497,1.0766,,142,,190
498,1.07908,,142,,190
499,1.08135,,142,,190
500,1.08378,,142,,190
501,1.08619,,142,,190
502,1.08883,,142,,190
503,1.09136,,142,,190
504,1.09366,,142,,190
505,1.09616,,142,,190
506,1.09837,,142,,190
507,1.10063,,143,,190
508,1.10291,,143,,190
509,1.10502,,144,,190
510,1.10721,,144,,189.8
511,1.10937,,145,,189.8
512,1.11167,,145,,189.8
513,1.11394,,145,,189.8
514,1.11614,,145,,189.8
515,1.11837,,145,,189.8
516,1.12079,,145,,189.6
517,1.1234,,145,,189.6
518,1.1258,,146,,189.6
519,1.12818,,146,,189.6
520,1.1306,,146,,189.4
521,1.13289,,146,,189.4
522,1.13798,,146,,189.4
523,1.13798,,146,,189.4
524,1.14055,,145,,189.4
525,1.14289,,145,,189.2
526,1.14515,,145,,189.2
527,1.14753,,145,,189.2
528,1.1497,,145,,189.2
529,1.15211,,145,,189.2
530,1.15439,,144,,189
531,1.15648,,144,,189
532,1.15878,,144,,189
533,1.16095,,144,,189
534,1.16331,,143,,189
535,1.16554,,143,,189
536,1.16795,,143,,189
537,1.17049,,143,,189
538,1.17287,,143,,189
539,1.17545,,143,,189
540,1.17778,,144,,189
541,1.18009,,144,,189
542,1.18247,,144,,189
543,1.18499,,144,,189
544,1.18745,,145,,189
545,1.18978,,145,,189
546,1.1922,,145,,189
547,1.19442,,145,,189
548,1.19916,,144,,189
549,1.20157,,144,,189
550,1.20157,,144,,189
551,1.20406,,144,,189
552,1.20659,,144,,189
553,1.20914,,144,,189
554,1.21147,,145,,188.8
555,1.21402,,145,,188.8
556,1.21645,,146,,188.8
557,1.21891,,146,,188.8
558,1.22143,,147,,188.6
559,1.22382,,147,,188.6
560,1.2264,,147,,188.6
561,1.22886,,147,,188.6
562,1.23151,,147,,188.4
563,1.2341,,147,,188.4
564,1.23658,,147,,188.4
565,1.23913,,147,,188.4
566,1.24154,,147,,188.4
567,1.24415,,147,,188.2
568,1.24664,,148,,188.2
569,1.25185,,148,,188.2
570,1.25185,,148,,188.2
571,1.25448,,149,,188
572,1.25695,,148,,188
573,1.25926,,149,,188
574,1.26156,,149,,188
575,1.26383,,149,,187.8
576,1.26631,,149,,187.8
577,1.26883,,148,,187.8
578,1.27127,,148,,187.8
579,1.27616,,149,,187.8
580,1.27616,,149,,187.8
581,1.27886,,149,,187.8
582,1.28157,,149,,188
583,1.28445,,149,,188
584,1.28708,,149,,188
585,1.28965,,148,,188
586,1.29215,,148,,188
587,1.29444,,147,,188.2
588,1.29704,,147,,188.2
589,1.29957,,147,,188.2
590,1.30227,,147,,188.2
591,1.30741,,147,,188.2
592,1.30741,,147,,188.2
593,1.30999,,147,,188.2
594,1.31248,,147,,188.2
595,1.31522,,146,,188.2
596,1.31795,,146,,188.2
597,1.32042,,145,,188.2
598,1.32282,,145,,188.2
599,1.32512,,145,,188.2
600,1.32742,,145,,188
601,1.32992,,145,,188
602,1.33232,,145,,188
603,1.33501,,145,,188
604,1.33769,,145,,188.2
605,1.34215,,146,,188.2
606,1.34215,,146,,188.2
607,1.3445,,147,,188.2
608,1.34695,,147,,188.2
609,1.34944,,147,,188.2
610,1.35194,,147,,188.2
611,1.35429,,146,,188.2
612,1.35662,,146,,188.2
613,1.3615,,145,,188.2
614,1.3615,,145,,188.2
615,1.36406,,145,,188
616,1.36655,,145,,188
617,1.3689,,144,,188
618,1.37117,,144,,188
619,1.37362,,144,,188
620,1.37593,,144,,187.8
621,1.37829,,144,,187.8
622,1.38065,,144,,187.8
623,1.3829,,144,,187.8
624,1.38537,,145,,187.6
625,1.38763,,145,,187.6
626,1.38998,,145,,187.6
627,1.39217,,145,,187.6
628,1.39439,,145,,187.4
629,1.39683,,146,,187.4
630,1.39906,,146,,187.2
631,1.40134,,145,,187.2
632,1.4036,,145,,187.2
633,1.40807,,144,,187
634,1.40807,,144,,187
635,1.41022,,144,,186.8
636,1.41234,,143,,186.8
637,1.4145,,143,,186.8
638,1.41699,,143,,186.6
639,1.41917,,143,,186.6
640,1.42373,,143,,186.4
641,1.42373,,143,,186.4
642,1.42573,,143,,186.2
643,1.42784,,143,,186
644,1.43002,,143,,185.8
645,1.4322,,143,,185.6
646,1.43435,,142,,185.4
647,1.43862,,142,,185.2
648,1.43862,,142,,185.2
649,1.44065,,142,,185
650,1.44299,,141,,184.8
651,1.44529,,142,,184.6
652,1.44769,,142,,184.4
653,1.44995,,142,,184.2
654,1.45223,,142,,184
655,1.45656,,141,,183.6
656,1.45656,,141,,183.6
657,1.45901,,141,,183.4
658,1.46111,,141,,183.2
659,1.46329,,141,,183.2
660,1.46531,,141,,183
661,1.4675,,141,,182.8
662,1.46988,,141,,182.6
663,1.47211,,141,,182.4
664,1.47456,,141,,182.2
665,1.47702,,141,,182
666,1.479,,142,,181.8
667,1.48147,,142,,181.6
668,1.48349,,142,,181.6
669,1.48546,,142,,181.4
670,1.48741,,141,,181.2
671,1.48954,,141,,181.4
672,1.49201,,141,,181.4
673,1.49404,,141,,181.4
674,1.49608,,141,,181.4
675,1.50001,,141,,181.6
676,1.50001,,141,,181.6
677,1.50193,,141,,181.6
678,1.50373,,141,,181.8
679,1.50563,,141,,181.8
680,1.50701,,141,,181.8
681,1.50872,,141,,182
682,1.5109,,141,,182
683,1.51302,,141,,182.2
684,1.51512,,141,,182.2
685,1.51724,,141,,182.4
686,1.51948,,141,,182.4
687,1.5222,,141,,182.6
688,1.5246,,141,,182.6
689,1.52703,,141,,182.8
690,1.52932,,141,,182.8
691,1.53155,,141,,183
692,1.53375,,141,,183
693,1.53633,,142,,183.2
694,1.53879,,142,,183.2
695,1.54443,,142,,183.4
696,1.54443,,142,,183.4
697,1.54668,,142,,183.6
698,1.54869,,142,,183.6
699,1.55075,,142,,183.8
700,1.55297,,141,,183.8
701,1.55545,,141,,184
702,1.55797,,141,,184
703,1.56062,,141,,184.2
704,1.56307,,142,,184.2
705,1.56518,,141,,184.4
706,1.56704,,141,,184.4
707,1.56841,,141,,184.6
708,1.57011,,141,,184.6
709,1.57218,,141,,184.6
710,1.5745,,141,,184.8
711,1.57675,,142,,184.8
712,1.57894,,141,,185
713,1.58089,,142,,185
714,1.58287,,142,,185
715,1.58456,,142,,185
716,1.58619,,142,,185
717,1.58837,,142,,185
718,1.59106,,142,,185
719,1.5937,,143,,185
720,1.59646,,143,,185
721,1.59913,,144,,185
722,1.60166,,144,,185
723,1.60451,,145,,185
724,1.60714,,145,,185
725,1.61209,,145,,185
726,1.61209,,145,,185
727,1.61443,,144,,185
728,1.61695,,144,,185
729,1.6219,,143,,185
730,1.6219,,143,,185
731,1.62405,,143,,185
732,1.62649,,143,,185
733,1.62917,,142,,185
734,1.63189,,142,,185
735,1.63455,,142,,185
736,1.6373,,142,,185
737,1.64279,,142,,185
738,1.64279,,142,,185
739,1.64557,,142,,185
740,1.64829,,142,,185
741,1.65366,,142,,185
742,1.65366,,142,,185
743,1.65643,,142,,185
744,1.65879,,141,,185
745,1.66292,,141,,185
746,1.66292,,141,,185
747,1.66511,,141,,185
748,1.6674,,142,,185
749,1.67234,,142,,185
750,1.67234,,142,,185
751,1.67487,,142,,184.8
752,1.67738,,143,,184.8
753,1.68206,,144,,184.6
754,1.68206,,144,,184.6
755,1.68502,,144,,184.6
756,1.68762,,144,,184.6
757,1.69063,,144,,184.4
758,1.69386,,144,,184.4
759,1.69957,,144,,184.2
760,1.69957,,144,,184.2
761,1.70214,,144,,184
762,1.70458,,143,,184
763,1.70715,,143,,184
764,1.70978,,143,,183.8
765,1.7153,,143,,183.6
766,1.7153,,143,,183.6
767,1.7179,,142,,183.6
768,1.72068,,142,,183.4
769,1.72564,,141,,183.4
770,1.72564,,141,,183.4
771,1.72818,,141,,183.2
772,1.73082,,141,,183.2
773,1.73586,,141,,183
774,1.73586,,141,,183
775,1.73834,,141,,183
776,1.74075,,141,,182.8
777,1.74322,,141,,182.8
778,1.74533,,141,,182.6
779,1.74966,,143,,182.6
780,1.74966,,143,,182.6
781,1.75188,,143,,182.6
782,1.75434,,143,,182.4
783,1.75919,,143,,182.4
784,1.75919,,143,,182.4
785,1.76175,,143,,182.2
786,1.76424,,143,,182.2
787,1.7696,,143,,182
788,1.7696,,143,,182
789,1.77218,,143,,181.8
790,1.77473,,142,,181.6
791,1.78011,,142,,181.2
792,1.78011,,142,,181.2
793,1.78281,,142,,181
794,1.78544,,143,,181
795,1.78805,,143,,180.8
796,1.79057,,143,,180.6
797,1.7933,,143,,180.4
798,1.79585,,142,,180.2
799,1.80062,,142,,179.8
800,1.80062,,142,,179.8
801,1.8029,,142,,179.8
802,1.80516,,142,,179.6
803,1.80963,,141,,179.2
804,1.80963,,141,,179.2
805,1.81138,,141,,179.2
806,1.81324,,141,,179
807,1.81709,,140,,178.8
808,1.81709,,140,,178.8
809,1.8194,,140,,178.8
810,1.82179,,141,,178.6
811,1.8242,,141,,178.6
812,1.82653,,142,,178.8
813,1.83151,,143,,178.8
814,1.83151,,143,,178.8
815,1.83393,,143,,178.8
816,1.83619,,143,,179
817,1.84082,,143,,179
818,1.84082,,143,,179
819,1.84306,,143,,179
820,1.8455,,143,,179
821,1.85001,,143,,179
822,1.85001,,143,,179
823,1.85224,,143,,179
824,1.85436,,143,,179
825,1.85665,,142,,179
826,1.86096,,142,,179
827,1.86096,,142,,179
828,1.86272,,142,,179
829,1.86447,,141,,179
830,1.86643,,141,,179
831,1.86837,,141,,179
832,1.87257,,141,,179
833,1.87257,,141,,179
834,1.87507,,141,,179
835,1.87738,,141,,179
836,1.88212,,142,,179
837,1.88212,,142,,179
838,1.88456,,142,,179
839,1.88698,,143,,179
840,1.89171,,143,,179
841,1.89171,,143,,179
842,1.89431,,143,,179
843,1.89677,,143,,179
844,1.89943,,143,,179
845,1.90171,,143,,179
846,1.90408,,143,,179
847,1.90889,,142,,179
848,1.90889,,142,,179
849,1.91124,,142,,179
850,1.91365,,142,,179
851,1.91829,,142,,179
852,1.91829,,142,,179
853,1.92066,,142,,179
854,1.92324,,142,,179
855,1.92801,,141,,179
856,1.92801,,141,,179
857,1.93027,,141,,179
858,1.93245,,141,,179
859,1.93692,,142,,179
860,1.93692,,142,,179
861,1.93921,,143,,179
862,1.94157,,143,,179
863,1.94375,,143,,178.8
864,1.94612,,143,,178.8
865,1.95057,,142,,178.6
866,1.95057,,142,,178.6
867,1.95263,,142,,178.6
868,1.95448,,142,,178.6
869,1.95813,,141,,178.4
870,1.95813,,141,,178.4
871,1.96032,,141,,178.4
872,1.96245,,141,,178.4
873,1.96674,,141,,178.4
874,1.96674,,141,,178.4
875,1.96912,,141,,178.4
876,1.9714,,141,,178.4
877,1.97607,,141,,178.2
878,1.97607,,141,,178.2
879,1.97839,,141,,178.2
880,1.9808,,142,,178.2
881,1.98557,,142,,178
882,1.98557,,142,,178
883,1.98784,,141,,178
884,1.99013,,141,,178
885,1.99471,,140,,178
886,1.99471,,140,,178
887,1.99684,,140,,178
888,1.99907,,140,,178
889,2.00144,,140,,177.8
890,2.00603,,141,,177.8
891,2.00603,,141,,177.8
892,2.00803,,141,,177.8
893,2.01038,,142,,177.6
894,2.0149,,144,,177.6
895,2.0149,,144,,177.6
896,2.01722,,144,,177.6
897,2.01933,,144,,177.6
898,2.0235,,144,,177.6
899,2.0235,,144,,177.6
900,2.02554,,144,,177.6
901,2.02748,,143,,177.6
902,2.03147,,143,,177.6
903,2.03147,,143,,177.6
904,2.03351,,143,,177.6
905,2.03559,,143,,177.6
906,2.04,,143,,177.4
907,2.04,,143,,177.4
908,2.04246,,143,,177.4
909,2.0448,,144,,177.4
910,2.04737,,144,,177.4
911,2.05217,,144,,177.4
912,2.05217,,144,,177.4
913,2.05453,,144,,177.4
914,2.05672,,144,,177.4
915,2.06083,,144,,177.4
916,2.06083,,144,,177.4
917,2.06303,,144,,177.4
918,2.06519,,143,,177.4
919,2.06924,,144,,177.4
920,2.06924,,144,,177.4
921,2.07119,,144,,177.4
922,2.07332,,144,,177.4
923,2.07746,,144,,177.4
924,2.07746,,144,,177.4
925,2.07983,,143,,177.4
926,2.08251,,143,,177.4
927,2.0877,,142,,177.4
928,2.0877,,142,,177.4
929,2.09031,,142,,177.4
930,2.09265,,142,,177.4
931,2.09521,,142,,177.4
932,2.09773,,142,,177.4
933,2.10243,,142,,177.4
934,2.10243,,142,,177.4
935,2.10487,,142,,177.4
936,2.10725,,142,,177.4
937,2.11219,,143,,177.4
938,2.11219,,143,,177.4
939,2.11464,,144,,177.4
940,2.1171,,144,,177.4
941,2.12177,,144,,177.4
942,2.12177,,144,,177.4
943,2.1241,,144,,177.6
944,2.12646,,144,,177.6
945,2.13127,,144,,177.4
946,2.13127,,144,,177.4
947,2.13341,,144,,177.4
948,2.1357,,143,,177.4
949,2.13794,,143,,177.4
950,2.14017,,143,,177.2
951,2.14425,,143,,177.2
952,2.14425,,143,,177.2
953,2.14656,,143,,177.2
954,2.1486,,144,,177.2
955,2.15059,,144,,177.2
956,2.15445,,144,,177.2
957,2.15445,,144,,177.2
958,2.15657,,144,,177
959,2.15873,,144,,177
960,2.16109,,144,,177
961,2.16329,,144,,177
962,2.16536,,144,,177
963,2.16767,,144,,177
964,2.17235,,144,,177
965,2.17473,,144,,177
966,2.17473,,144,,177
967,2.17707,,144,,177
968,2.1795,,144,,177
969,2.18362,,144,,177.2
970,2.18362,,144,,177.2
971,2.18579,,144,,177.2
972,2.18806,,145,,177.2
973,2.19246,,145,,177.2
974,2.19246,,145,,177.2
975,2.19468,,145,,177.4
976,2.19686,,145,,177.4
977,2.19921,,145,,177.4
978,2.20154,,146,,177.4
979,2.20392,,146,,177.4
980,2.20633,,146,,177.4
981,2.21093,,145,,177.6
982,2.21093,,145,,177.6
983,2.21322,,145,,177.6
984,2.21554,,144,,177.6
985,2.21968,,144,,177.8
986,2.21968,,144,,177.8
987,2.22184,,144,,177.8
988,2.22401,,144,,177.8
989,2.22842,,144,,178
990,2.22842,,144,,178
991,2.23057,,144,,178
992,2.23289,,144,,178
993,2.23728,,144,,178
994,2.23728,,144,,178
995,2.23966,,144,,178
996,2.24161,,144,,178.2
997,2.24377,,144,,178.2
998,2.24597,,143,,178.4
999,2.24824,,143,,178.4
1000,2.25061,,143,,178.4
1001,2.25289,,143,,178.6
1002,2.25529,,143,,178.6
1003,2.26054,,143,,178.8
1004,2.26054,,143,,178.8
1005,2.26316,,144,,179
1006,2.26565,,144,,179
1007,2.271,,144,,179.4
1008,2.271,,144,,179.4
1009,2.27343,,144,,179.4
1010,2.27562,,144,,179.4
1011,2.27778,,144,,179.6
1012,2.27979,,144,,179.6
1013,2.28192,,143,,179.6
1014,2.28398,,143,,179.8
1015,2.28592,,143,,179.8
1016,2.28797,,142,,179.8
1017,2.29007,,142,,180
1018,2.29217,,142,,180
1019,2.29449,,142,,180
1020,2.29919,,142,,180.2
1021,2.29919,,142,,180.2
1022,2.30179,,142,,180.2
1023,2.30444,,142,,180.2
1024,2.30915,,142,,180.4
1025,2.30915,,142,,180.4
1026,2.31131,,143,,180.4
1027,2.3134,,143,,180.4
1028,2.31753,,143,,180.6
1029,2.31753,,143,,180.6
1030,2.31968,,143,,180.6
1031,2.32188,,144,,180.6
1032,2.32398,,144,,180.6
1033,2.32615,,144,,180.6
1034,2.33048,,145,,180.8
1035,2.33048,,145,,180.8
1036,2.33266,,145,,180.8
1037,2.33468,,145,,180.8
1038,2.33686,,145,,180.8
1039,2.3411,,146,,180.8
1040,2.3411,,146,,180.8
1041,2.34312,,145,,180.8
1042,2.34504,,145,,180.8
1043,2.3494,,145,,181
1044,2.3494,,145,,181
1045,2.35164,,145,,181
1046,2.35397,,145,,181
1047,2.35642,,145,,181
1048,2.35889,,145,,181
1049,2.36327,,145,,181
1050,2.36327,,145,,181
1051,2.36528,,145,,181.2
1052,2.36742,,145,,181.2
1053,2.37194,,145,,181.2
1054,2.37194,,145,,181.2
1055,2.3742,,145,,181.4
1056,2.37652,,145,,181.2
1057,2.38072,,145,,181.2
1058,2.38072,,145,,181.2
1059,2.38291,,145,,181.2
1060,2.38501,,145,,181.2
1061,2.38729,,145,,181
1062,2.38944,,145,,181
1063,2.39171,,145,,181
1064,2.39391,,146,,181
1065,2.39608,,145,,181
1066,2.40032,,145,,180.8
1067,2.40032,,145,,180.8
1068,2.40271,,145,,180.8
1069,2.40497,,145,,180.8
1070,2.40942,,146,,180.6
1071,2.40942,,146,,180.6
1072,2.41165,,147,,180.6
1073,2.41382,,147,,180.6
1074,2.41817,,147,,180.6
1075,2.41817,,147,,180.6
1076,2.42019,,147,,180.6
1077,2.42225,,147,,180.6
1078,2.42422,,147,,180.6
1079,2.42615,,147,,180.6
1080,2.42815,,147,,180.6
1081,2.4327,,146,,180.6
1082,2.4327,,146,,180.6
1083,2.4351,,146,,180.6
1084,2.43757,,146,,180.6
1085,2.44222,,146,,180.6
1086,2.44222,,146,,180.6
1087,2.44454,,147,,180.6
1088,2.44673,,147,,180.6
1089,2.45122,,147,,180.4
1090,2.45122,,147,,180.4
1091,2.45355,,147,,180.4
1092,2.45594,,148,,180.4
1093,2.45803,,147,,180.4
1094,2.46008,,147,,180.4
1095,2.46431,,148,,180.4
1096,2.46431,,148,,180.4
1097,2.46676,,148,,180.4
1098,2.46923,,148,,180.4
1099,2.47442,,147,,180.6
1100,2.47442,,147,,180.6
1101,2.47669,,146,,180.6
1102,2.47895,,146,,180.6
1103,2.48374,,147,,180.6
1104,2.48374,,147,,180.6
1105,2.48587,,147,,180.6
1106,2.48795,,147,,180.6
1107,2.4921,,147,,180.6
1108,2.4921,,147,,180.6
1109,2.4944,,148,,180.8
1110,2.49658,,148,,180.8
1111,2.49883,,148,,180.8
1112,2.50087,,148,,180.8
1113,2.50517,,149,,180.6
1114,2.50517,,149,,180.6
1115,2.50754,,149,,180.6
1116,2.51019,,149,,180.6
1117,2.51497,,149,,180.4
1118,2.51497,,149,,180.4
1119,2.51749,,149,,180.4
1120,2.51985,,149,,180.4
1121,2.52429,,148,,180.4
1122,2.52429,,148,,180.4
1123,2.52654,,148,,180.4
1124,2.52887,,148,,180.4
1125,2.53119,,147,,180.4
1126,2.53535,,148,,180.4
1127,2.53535,,148,,180.4
1128,2.53742,,148,,180.4
1129,2.53968,,149,,180.4
1130,2.54442,,149,,180.2
1131,2.54442,,149,,180.2
1132,2.54647,,149,,180.2
1133,2.54868,,149,,180.2
1134,2.55316,,149,,180.2
1135,2.55316,,149,,180.2
1136,2.55572,,149,,180.2
1137,2.5581,,149,,180.2
1138,2.56332,,149,,180
1139,2.56332,,149,,180
1140,2.56561,,149,,180
1141,2.5678,,149,,180
1142,2.56967,,149,,180
1143,2.57194,,149,,180
1144,2.57399,,149,,180.2
1145,2.57599,,149,,180.2
1146,2.57807,,148,,180.2
1147,2.58214,,148,,180.4
1148,2.58214,,148,,180.4
1149,2.58392,,148,,180.4
1150,2.58573,,148,,180.4
1151,2.58991,,147,,180.4
1152,2.58991,,147,,180.4
1153,2.59226,,147,,180.4
1154,2.59447,,148,,180.6
1155,2.59879,,148,,180.6
1156,2.59879,,148,,180.6
1157,2.60085,,148,,180.6
1158,2.60324,,148,,180.6
1159,2.60528,,148,,180.6
1160,2.60756,,148,,180.6
1161,2.61225,,149,,180.8
1162,2.61225,,149,,180.8
1163,2.61455,,149,,180.8
1164,2.61689,,149,,180.8
1165,2.61948,,150,,181
1166,2.62192,,150,,181
1167,2.62638,,150,,181
1168,2.62638,,150,,181
1169,2.62883,,150,,181
1170,2.6316,,150,,181
1171,2.63644,,149,,181
1172,2.63644,,149,,181
1173,2.63894,,149,,181
1174,2.6411,,149,,181.2
1175,2.64319,,149,,181.2
1176,2.64531,,149,,181.2
1177,2.64757,,149,,181.2
1178,2.65005,,150,,181.2
1179,2.65207,,150,,181.2
1180,2.65429,,150,,181.2
1181,2.6589,,149,,181.2
1182,2.6589,,149,,181.2
1183,2.66119,,149,,181.2
1184,2.66314,,149,,181.2
1185,2.66731,,149,,181.4
1186,2.66731,,149,,181.4
1187,2.66935,,149,,181.4
1188,2.67161,,148,,181.4
1189,2.67368,,148,,181.4
1190,2.67754,,148,,181.4
1191,2.67754,,148,,181.4
1192,2.67947,,148,,181.4
1193,2.68149,,148,,181.4
1194,2.68353,,148,,181.4
1195,2.68542,,149,,181.4
1196,2.68731,,149,,181.6
1197,2.68909,,149,,181.6
1198,2.69367,,149,,181.6
1199,2.69367,,149,,181.6
1200,2.69616,,149,,181.6
1201,2.69855,,149,,181.6
1202,2.70095,,149,,181.6
1203,2.70315,,148,,181.6
1204,2.70537,,148,,181.6
1205,2.70736,,148,,181.6
1206,2.70916,,148,,181.8
1207,2.71092,,147,,181.8
1208,2.71459,,147,,181.8
1209,2.71459,,147,,181.8
1210,2.7165,,147,,181.8
1211,2.71835,,147,,182
1212,2.72036,,147,,182
1213,2.72229,,147,,182
1214,2.72636,,146,,182
1215,2.72636,,146,,182
1216,2.72808,,145,,182
1217,2.72995,,144,,182
1218,2.73345,,144,,182
1219,2.73345,,144,,182
1220,2.73542,,144,,182
1221,2.73704,,143,,182
1222,2.73874,,143,,182
1223,2.74074,,143,,182
1224,2.74462,,142,,182
1225,2.74462,,142,,182
1226,2.74653,,142,,182.2
1227,2.7482,,141,,182.2
1228,2.75005,,141,,182.2
1229,2.75357,,141,,182.2
1230,2.75357,,141,,182.2
1231,2.75562,,141,,182.2
1232,2.75758,,141,,182.2
1233,2.75951,,141,,182.2
1234,2.76155,,141,,182.2
1235,2.76341,,141,,182.2
1236,2.76521,,141,,182.4
1237,2.76712,,141,,182.4
1238,2.76875,,141,,182.4
1239,2.77087,,142,,182.4
1240,2.77328,,142,,182.2
1241,2.77781,,143,,182.2
1242,2.77781,,143,,182.2
1243,2.78002,,143,,182.2
1244,2.78208,,143,,182.2
1245,2.78632,,143,,182.2
1246,2.78841,,142,,182.2
1247,2.78841,,142,,182.2
1248,2.79061,,142,,182.2
1249,2.79267,,141,,182.2
1250,2.79453,,141,,182.2
1251,2.79665,,141,,182.2
1252,2.79997,,140,,182.4
1253,2.79997,,140,,182.4
1254,2.80187,,140,,182.4
1255,2.80344,,140,,182.4
1256,2.80696,,140,,182.4
1257,2.80696,,140,,182.4
1258,2.80863,,140,,182.4
1259,2.81065,,139,,182.4
1260,2.81475,,139,,182.4
1261,2.81475,,139,,182.4
1262,2.81686,,139,,182.4
1263,2.81883,,139,,182.4
1264,2.82298,,138,,182.4
1265,2.82298,,138,,182.4
1266,2.82487,,138,,182.4
1267,2.82684,,137,,182.4
1268,2.83027,,137,,182.4
1269,2.83027,,137,,182.4
1270,2.83209,,137,,182.4
1271,2.83412,,137,,182.4
1272,2.83854,,137,,182.4
1273,2.83854,,137,,182.4
1274,2.84055,,138,,182.4
1275,2.84245,,138,,182.4
1276,2.84454,,138,,182.4
1277,2.84625,,138,,182.4
1278,2.85022,,139,,182.6
1279,2.85022,,139,,182.6
1280,2.85205,,139,,182.6
1281,2.85412,,139,,182.6
1282,2.85626,,139,,182.6
1283,2.85792,,139,,182.6
1284,2.85978,,138,,182.6
1285,2.86178,,138,,182.6
1286,2.86352,,138,,182.6
1287,2.86713,,137,,182.6
1288,2.86713,,137,,182.6
1289,2.86873,,136,,182.6
1290,2.8707,,136,,182.6
1291,2.87258,,135,,182.8
1292,2.87414,,135,,182.8
1293,2.87618,,134,,182.8
1294,2.87798,,134,,182.8
1295,2.88133,,134,,182.8
1296,2.88133,,134,,182.8
1297,2.88308,,134,,183
1298,2.8848,,134,,183
1299,2.88682,,134,,183
1300,2.88852,,135,,183
1301,2.89238,,136,,183
1302,2.89238,,136,,183
1303,2.89422,,136,,183.2
1304,2.89613,,137,,183.2
1305,2.90008,,137,,183.2
1306,2.90008,,137,,183.2
1307,2.9019,,137,,183.2
1308,2.90378,,136,,183.2
1309,2.90735,,135,,183.2
1310,2.90735,,135,,183.2
1311,2.90918,,135,,183.2
1312,2.91094,,135,,183.4
1313,2.91296,,134,,183.4
1314,2.91484,,134,,183.4
1315,2.91672,,134,,183.4
1316,2.91856,,134,,183.4
1317,2.92021,,134,,183.6
1318,2.92174,,135,,183.6
1319,2.92526,,135,,183.6
1320,2.92526,,135,,183.6
1321,2.92711,,135,,183.6
1322,2.92892,,135,,183.8
1323,2.9307,,135,,183.8
1324,2.93253,,135,,183.8
1325,2.93642,,136,,183.8
1326,2.93642,,136,,183.8
1327,2.93805,,136,,183.8
1328,2.93964,,136,,184
1329,2.94259,,137,,184
1330,2.94259,,137,,184
1331,2.94345,,137,,184
1332,2.94371,,137,,184
1333,2.9453,,138,,184
1334,2.94667,,137,,184
1335,2.95022,,136,,183.8
1336,2.95022,,136,,183.8
1337,2.95196,,136,,183.8
1338,2.95375,,135,,183.8
1339,2.95766,,134,,183.8
1340,2.95766,,134,,183.8
1341,2.95971,,134,,183.8
1342,2.96186,,133,,183.8
1343,2.96404,,133,,183.8
1344,2.96594,,133,,183.8
1345,2.96828,,132,,183.8
1346,2.97044,,132,,183.8
1347,2.97259,,132,,183.8
1348,2.97485,,132,,183.6
1349,2.9767,,132,,183.6
1350,2.97874,,132,,183.6
1351,2.98258,,132,,183.6
1352,2.98258,,132,,183.6
1353,2.98465,,132,,183.6
1354,2.98657,,132,,183.4
1355,2.98846,,132,,183.4
1356,2.99047,,132,,183.4
1357,2.99432,,132,,183.4
1358,2.99432,,132,,183.4
1359,2.99637,,131,,183.4
1360,2.99825,,131,,183.4
1361,3.00024,,131,,183.4
1362,3.00233,,131,,183.4
1363,3.0043,,130,,183.2
1364,3.00639,,130,,183.2
1365,3.0084,,129,,183.2
1366,3.01161,,129,,183.2
1367,3.01161,,129,,183.2
1368,3.01337,,129,,183.2
1369,3.01524,,129,,183.2
1370,3.01733,,130,,183
1371,3.01932,,130,,183
1372,3.02116,,130,,183
1373,3.02318,,131,,183
1374,3.02505,,131,,183
1375,3.02659,,132,,183
1376,3.03064,,132,,182.8
1377,3.03064,,132,,182.8
1378,3.03253,,132,,182.8
1379,3.03448,,132,,182.8
1380,3.03834,,131,,182.8
1381,3.03834,,131,,182.8
1382,3.04062,,131,,182.8
1383,3.04278,,131,,182.8
1384,3.04471,,130,,182.8
1385,3.04682,,130,,182.8
1386,3.0487,,131,,182.8
1387,3.05055,,131,,182.8
1388,3.05252,,131,,182.8
1389,3.054,,131,,182.8
1390,3.05547,,132,,182.8
1391,3.05722,,132,,182.8
1392,3.06032,,131,,182.6
1393,3.06032,,131,,182.6
1394,3.06224,,131,,182.6
1395,3.0638,,131,,182.6
1396,3.06554,,130,,182.6
1397,3.0673,,129,,182.6
1398,3.0687,,129,,182.6
1399,3.07243,,128,,182.6
1400,3.07243,,128,,182.6
1401,3.07399,,128,,182.6
1402,3.0758,,127,,182.6
1403,3.07947,,127,,182.6
1404,3.07947,,127,,182.6
1405,3.08142,,127,,182.6
1406,3.08327,,128,,182.6
1407,3.085,,128,,182.6
1408,3.08693,,128,,182.6
1409,3.08863,,128,,182.6
1410,3.09002,,128,,182.6
1411,3.09175,,128,,182.6
1412,3.09348,,128,,182.6
1413,3.09509,,128,,182.6
1414,3.09709,,128,,182.6
1415,3.09907,,128,,182.4
1416,3.10242,,128,,182.4
1417,3.10242,,128,,182.4
1418,3.10419,,128,,182.4
1419,3.10584,,129,,182.4
1420,3.10777,,130,,182.4
1421,3.10954,,130,,182.4
1422,3.11144,,130,,182.4
1423,3.1134,,130,,182.4
1424,3.11686,,130,,182.4
1425,3.11686,,130,,182.4
1426,3.11871,,130,,182.4
1427,3.12041,,129,,182.4
1428,3.12222,,129,,182.4
1429,3.12421,,128,,182.4
1430,3.12772,,127,,182.4
1431,3.12772,,127,,182.4
1432,3.12985,,127,,182.4
1433,3.13155,,127,,182.4
1434,3.13589,,127,,182.4
1435,3.13589,,127,,182.4
1436,3.13778,,127,,182.4
1437,3.13991,,127,,182.4
1438,3.14367,,127,,182.4
1439,3.14367,,127,,182.4
1440,3.14573,,128,,182.4
1441,3.14739,,128,,182.4
1442,3.14926,,128,,182.4
1443,3.15132,,129,,182.4
1444,3.15291,,129,,182.4
1445,3.15464,,130,,182.4
1446,3.15664,,130,,182.4
1447,3.15827,,130,,182.4
1448,3.1603,,131,,182.4
1449,3.16219,,131,,182.4
1450,3.16571,,130,,182.2
1451,3.16571,,130,,182.2
1452,3.1673,,130,,182.2
1453,3.16911,,130,,182.2
1454,3.17126,,129,,182.2
1455,3.17312,,129,,182.2
1456,3.17697,,129,,182.2
1457,3.17697,,129,,182.2
1458,3.17931,,129,,182.2
1459,3.18126,,128,,182.2
1460,3.18306,,128,,182.2
1461,3.18488,,128,,182.2
1462,3.18686,,128,,182.2
1463,3.19083,,127,,182.2
1464,3.19083,,127,,182.2
1465,3.19272,,127,,182.2
1466,3.1944,,127,,182
1467,3.19637,,127,,182
1468,3.19809,,126,,182
1469,3.19993,,126,,182
1470,3.20182,,126,,182
1471,3.20546,,126,,182
1472,3.20546,,126,,182
1473,3.20738,,126,,182
1474,3.20908,,126,,182
1475,3.21093,,126,,182
1476,3.21268,,126,,181.8
1477,3.21444,,126,,181.8
1478,3.21619,,126,,181.8
1479,3.21793,,126,,181.8
1480,3.2197,,126,,181.8
1481,3.22126,,126,,181.8
1482,3.22252,,126,,181.8
1483,3.22369,,126,,181.6
1484,3.22502,,126,,181.6
1485,3.22694,,126,,181.4
1486,3.22889,,126,,181.4
1487,3.23103,,126,,181.2
1488,3.23459,,126,,181
1489,3.23459,,126,,181
1490,3.23635,,126,,181
1491,3.23822,,127,,180.8
1492,3.24015,,127,,180.8
1493,3.24213,,127,,180.6
1494,3.24583,,128,,180.4
1495,3.24583,,128,,180.4
1496,3.2476,,128,,180.4
1497,3.24939,,128,,180.4
1498,3.25119,,128,,180.2
1499,3.25317,,128,,180.2
1500,3.25493,,127,,180.2
