secs,km,power,hr,cad,alt
0,0,,127,,225.2
1,0.00264,,132,,225.4
2,0.00845,,132,,225.4
3,0.0111867,,132.833,,225.533
4,0.0139233,,133.667,,225.667
5,0.01666,,134.5,,225.8
6,0.0193967,,135.333,,225.933
7,0.0221333,,136.167,,226.067
8,0.02487,,137,,226.2
9,0.02791,,137,,226.4
10,0.03075,,139.5,,226.5
11,0.03359,,142,,226.6
12,0.0365,,142,,226.8
13,0.039345,,144,,226.8
14,0.04219,,146,,226.8
15,0.04557,,147.333,,226.733
16,0.04895,,148.667,,226.667
17,0.05233,,150,,226.6
18,0.0560275,,151.25,,226.6
19,0.059725,,152.5,,226.6
20,0.0634225,,153.75,,226.6
21,0.06712,,155,,226.6
22,0.07136,,155,,226.6
23,0.0759625,,155.25,,226.55
24,0.080565,,155.5,,226.5
25,0.0851675,,155.75,,226.45
26,0.08977,,156,,226.4
27,0.0932225,,157.25,,226.3
28,0.096675,,158.5,,226.2
29,0.100128,,159.75,,226.1
30,0.10358,,161,,226
31,0.11184,,161,,225.8
32,0.114988,,160.2,,225.76
33,0.118136,,159.4,,225.72
34,0.121284,,158.6,,225.68
35,0.124432,,157.8,,225.64
36,0.12758,,157,,225.6
37,0.13238,,153,,225.4
38,0.13485,,146,,225.4
39,0.1369,,139,,225.4
40,0.13829,,137,,225.4
41,0.140325,,136.5,,225.4
42,0.14236,,136,,225.4
43,0.144303,,137,,225.35
44,0.146245,,138,,225.3
45,0.148188,,139,,225.25
46,0.15013,,140,,225.2
47,0.151213,,140.857,,225.171
48,0.152296,,141.714,,225.143
49,0.153379,,142.571,,225.114
50,0.154461,,143.429,,225.086
51,0.155544,,144.286,,225.057
52,0.156627,,145.143,,225.029
53,0.15771,,146,,225
54,0.162345,,146,,225.1
55,0.16698,,146,,225.2
56,0.168403,,146.667,,225.2
57,0.169827,,147.333,,225.2
58,0.17125,,148,,225.2
59,0.172673,,148.667,,225.2
60,0.174097,,149.333,,225.2
61,0.17552,,150,,225.2
62,0.17773,,149,,225.2
63,0.17994,,148,,225.2
64,0.18215,,147,,225.2
65,0.18439,,145.667,,225.267
66,0.18663,,144.333,,225.333
67,0.18887,,143,,225.4
68,0.19289,,145,,225.4
69,0.19691,,147,,225.4
70,0.201015,,147,,225.4
71,0.20512,,147,,225.4
72,0.209485,,149.5,,225.3
73,0.21385,,152,,225.2
74,0.21773,,152,,225.2
75,0.221555,,154.5,,225.2
76,0.22538,,157,,225.2
77,0.22934,,157,,225.2
78,0.236593,,157.333,,225.067
79,0.243847,,157.667,,224.933
80,0.2511,,158,,224.8
81,0.25824,,155,,224.6
82,0.265217,,154.667,,224.6
83,0.272193,,154.333,,224.6
84,0.27917,,154,,224.6
85,0.285218,,153.5,,224.65
86,0.291265,,153,,224.7
87,0.297312,,152.5,,224.75
88,0.30336,,152,,224.8
89,0.30785,,151,,224.7
90,0.31234,,150,,224.6
91,0.31683,,149,,224.5
92,0.32132,,148,,224.4
93,0.325998,,148.4,,224.24
94,0.330676,,148.8,,224.08
95,0.335354,,149.2,,223.92
96,0.340032,,149.6,,223.76
97,0.34471,,150,,223.6
98,0.348682,,151.5,,223.5
99,0.352655,,153,,223.4
100,0.356628,,154.5,,223.3
101,0.3606,,156,,223.2
102,0.36412,,157,,223.067
103,0.36764,,158,,222.933
104,0.37116,,159,,222.8
105,0.37762,,160,,222.4
106,0.38268,,160,,222.25
107,0.38774,,160,,222.1
108,0.3928,,160,,221.95
109,0.39786,,160,,221.8
110,0.401616,,159.2,,221.72
111,0.405372,,158.4,,221.64
112,0.409128,,157.6,,221.56
113,0.412884,,156.8,,221.48
114,0.41664,,156,,221.4
115,0.420615,,156,,221.367
116,0.42459,,156,,221.333
117,0.428565,,156,,221.3
118,0.43254,,156,,221.267
119,0.436515,,156,,221.233
120,0.44049,,156,,221.2
121,0.444895,,158.5,,221.2
122,0.4493,,161,,221.2
123,0.45227,,161,,221.2
124,0.45474,,165,,221.2
125,0.458186,,164.4,,221.16
126,0.461632,,163.8,,221.12
127,0.465078,,163.2,,221.08
128,0.468524,,162.6,,221.04
129,0.47197,,162,,221
130,0.475468,,162,,220.933
131,0.478967,,162,,220.867
132,0.482465,,162,,220.8
133,0.485963,,162,,220.733
134,0.489462,,162,,220.667
135,0.49296,,162,,220.6
136,0.495943,,162.143,,220.514
137,0.498926,,162.286,,220.429
138,0.501909,,162.429,,220.343
139,0.504891,,162.571,,220.257
140,0.507874,,162.714,,220.171
141,0.510857,,162.857,,220.086
142,0.51384,,163,,220
143,0.517617,,164,,219.867
144,0.521393,,165,,219.733
145,0.52517,,166,,219.6
146,0.53024,,163,,219.4
147,0.534595,,165,,219.3
148,0.53895,,167,,219.2
149,0.542595,,165,,219.1
150,0.54624,,163,,219
151,0.54905,,163.5,,219.133
152,0.55186,,164,,219.267
153,0.55467,,164.5,,219.4
154,0.55748,,165,,219.533
155,0.56029,,165.5,,219.667
156,0.5631,,166,,219.8
157,0.567226,,165.2,,220.08
158,0.571352,,164.4,,220.36
159,0.575478,,163.6,,220.64
160,0.579604,,162.8,,220.92
161,0.58373,,162,,221.2
162,0.5875,,161,,221.267
163,0.59127,,160,,221.333
164,0.59504,,159,,221.4
165,0.598,,155,,221.4
166,0.60132,,152,,221.6
167,0.60413,,158,,221.4
168,0.606753,,157,,221.4
169,0.609375,,156,,221.4
170,0.611997,,155,,221.4
171,0.61462,,154,,221.4
172,0.616887,,155,,221.333
173,0.619153,,156,,221.267
174,0.62142,,157,,221.2
175,0.623757,,158.25,,221.15
176,0.626095,,159.5,,221.1
177,0.628433,,160.75,,221.05
178,0.63077,,162,,221
179,0.634104,,162.571,,221.086
180,0.637439,,163.143,,221.171
181,0.640773,,163.714,,221.257
182,0.644107,,164.286,,221.343
183,0.647441,,164.857,,221.429
184,0.650776,,165.429,,221.514
185,0.65411,,166,,221.6
186,0.66157,,166.667,,221.267
187,0.66903,,167.333,,220.933
188,0.67649,,168,,220.6
189,0.679898,,168.5,,220.333
190,0.683307,,169,,220.067
191,0.686715,,169.5,,219.8
192,0.690123,,170,,219.533
193,0.693532,,170.5,,219.267
194,0.69694,,171,,219
195,0.700795,,171,,218.733
196,0.70465,,171,,218.467
197,0.708505,,171,,218.2
198,0.71236,,171,,217.933
199,0.716215,,171,,217.667
200,0.72007,,171,,217.4
201,0.723572,,171.333,,217.333
202,0.727073,,171.667,,217.267
203,0.730575,,172,,217.2
204,0.734077,,172.333,,217.133
205,0.737578,,172.667,,217.067
206,0.74108,,173,,217
207,0.743933,,172.571,,217
208,0.746786,,172.143,,217
209,0.749639,,171.714,,217
210,0.752491,,171.286,,217
211,0.755344,,170.857,,217
212,0.758197,,170.429,,217
213,0.76105,,170,,217
214,0.764912,,170.167,,217.067
215,0.768773,,170.333,,217.133
216,0.772635,,170.5,,217.2
217,0.776497,,170.667,,217.267
218,0.780358,,170.833,,217.333
219,0.78422,,171,,217.4
220,0.787943,,169.667,,217.333
221,0.791667,,168.333,,217.267
222,0.79539,,167,,217.2
223,0.799085,,165.5,,216.9
224,0.80278,,164,,216.6
225,0.806117,,163,,216.4
226,0.809453,,162,,216.2
227,0.81279,,161,,216
228,0.815997,,160.167,,215.833
229,0.819203,,159.333,,215.667
230,0.82241,,158.5,,215.5
231,0.825617,,157.667,,215.333
232,0.828823,,156.833,,215.167
233,0.83203,,156,,215
234,0.83485,,154,,214.9
235,0.83767,,152,,214.8
236,0.84002,,152,,214.6
237,0.84297,,157,,214.2
238,0.84643,,159,,214
239,0.85063,,153,,214
240,0.854773,,154.75,,213.85
241,0.858915,,156.5,,213.7
242,0.863058,,158.25,,213.55
243,0.8672,,160,,213.4
244,0.87098,,160,,213.2
245,0.87445,,159.25,,213.05
246,0.87792,,158.5,,212.9
247,0.88139,,157.75,,212.75
248,0.88486,,157,,212.6
249,0.887585,,154.5,,212.4
250,0.89031,,152,,212.2
251,0.89262,,152,,212
252,0.89539,,150,,211.8
253,0.898838,,149.25,,211.6
254,0.902285,,148.5,,211.4
255,0.905732,,147.75,,211.2
256,0.90918,,147,,211
257,0.912403,,146,,210.867
258,0.915627,,145,,210.733
259,0.91885,,144,,210.6
260,0.922383,,143.833,,210.467
261,0.925917,,143.667,,210.333
262,0.92945,,143.5,,210.2
263,0.932983,,143.333,,210.067
264,0.936517,,143.167,,209.933
265,0.94005,,143,,209.8
266,0.944354,,143,,209.76
267,0.948658,,143,,209.72
268,0.952962,,143,,209.68
269,0.957266,,143,,209.64
270,0.96157,,143,,209.6
271,0.96579,,145,,209.6
272,0.97001,,147,,209.6
273,0.973862,,147.667,,209.567
274,0.977713,,148.333,,209.533
275,0.981565,,149,,209.5
276,0.985417,,149.667,,209.467
277,0.989268,,150.333,,209.433
278,0.99312,,151,,209.4
279,0.99698,,153.5,,209.5
280,1.00084,,156,,209.6
281,1.00471,,159,,209.8
282,1.00848,,156,,210.2
283,1.01199,,157,,210.35
284,1.01549,,158,,210.5
285,1.019,,159,,210.65
286,1.02251,,160,,210.8
287,1.02612,,163,,210.8
288,1.02956,,160,,210.8
289,1.03287,,159,,210.92
290,1.03617,,158,,211.04
291,1.03948,,157,,211.16
292,1.04278,,156,,211.28
293,1.04609,,155,,211.4
294,1.0493,,152,,211.6
295,1.05246,,152,,211.6
296,1.05567,,150.5,,211.6
297,1.05889,,149,,211.6
298,1.06224,,147.5,,211.6
299,1.0656,,146,,211.6
300,1.06918,,145.4,,211.64
301,1.07276,,144.8,,211.68
302,1.07634,,144.2,,211.72
303,1.07992,,143.6,,211.76
304,1.0835,,143,,211.8
305,1.08668,,142.5,,211.933
306,1.08986,,142,,212.067
307,1.09304,,141.5,,212.2
308,1.09623,,141,,212.333
309,1.09941,,140.5,,212.467
310,1.10259,,140,,212.6
311,1.10486,,140,,212.4
312,1.10705,,140.125,,212.225
313,1.10925,,140.25,,212.05
314,1.11145,,140.375,,211.875
315,1.11364,,140.5,,211.7
316,1.11584,,140.625,,211.525
317,1.11803,,140.75,,211.35
318,1.12023,,140.875,,211.175
319,1.12242,,141,,211
320,1.12548,,141,,210.975
321,1.12855,,141,,210.95
322,1.13161,,141,,210.925
323,1.13468,,141,,210.9
324,1.13774,,141,,210.875
325,1.1408,,141,,210.85
326,1.14387,,141,,210.825
327,1.14693,,141,,210.8
328,1.15139,,141,,210.68
329,1.15585,,141,,210.56
330,1.1603,,141,,210.44
331,1.16476,,141,,210.32
332,1.16922,,141,,210.2
333,1.17353,,141,,210.04
334,1.17784,,141,,209.88
335,1.18214,,141,,209.72
336,1.18645,,141,,209.56
337,1.19076,,141,,209.4
338,1.19467,,140.667,,209.3
339,1.19858,,140.333,,209.2
340,1.20249,,140,,209.1
341,1.2064,,139.667,,209
342,1.21031,,139.333,,208.9
343,1.21422,,139,,208.8
344,1.21802,,139,,208.633
345,1.22182,,139,,208.467
346,1.22561,,139,,208.3
347,1.22941,,139,,208.133
348,1.23321,,139,,207.967
349,1.23701,,139,,207.8
350,1.24046,,139.333,,207.7
351,1.24392,,139.667,,207.6
352,1.24737,,140,,207.5
353,1.25082,,140.333,,207.4
354,1.25428,,140.667,,207.3
355,1.25773,,141,,207.2
356,1.26073,,141,,207.086
357,1.26374,,141,,206.971
358,1.26674,,141,,206.857
359,1.26975,,141,,206.743
360,1.27275,,141,,206.629
361,1.27576,,141,,206.514
362,1.27876,,141,,206.4
363,1.28196,,141.286,,206.257
364,1.28516,,141.571,,206.114
365,1.28836,,141.857,,205.971
366,1.29157,,142.143,,205.829
367,1.29477,,142.429,,205.686
368,1.29797,,142.714,,205.543
369,1.30117,,143,,205.4
370,1.30441,,143.143,,205.314
371,1.30764,,143.286,,205.229
372,1.31088,,143.429,,205.143
373,1.31412,,143.571,,205.057
374,1.31736,,143.714,,204.971
375,1.32059,,143.857,,204.886
376,1.32383,,144,,204.8
377,1.32708,,143.857,,204.857
378,1.33034,,143.714,,204.914
379,1.33359,,143.571,,204.971
380,1.33684,,143.429,,205.029
381,1.34009,,143.286,,205.086
382,1.34335,,143.143,,205.143
383,1.3466,,143,,205.2
384,1.34971,,142.857,,205.143
385,1.35282,,142.714,,205.086
386,1.35593,,142.571,,205.029
387,1.35904,,142.429,,204.971
388,1.36215,,142.286,,204.914
389,1.36526,,142.143,,204.857
390,1.36837,,142,,204.8
391,1.37175,,142.143,,204.743
392,1.37512,,142.286,,204.686
393,1.3785,,142.429,,204.629
394,1.38188,,142.571,,204.571
395,1.38526,,142.714,,204.514
396,1.38863,,142.857,,204.457
397,1.39201,,143,,204.4
398,1.39576,,142.833,,204.333
399,1.39951,,142.667,,204.267
400,1.40327,,142.5,,204.2
401,1.40702,,142.333,,204.133
402,1.41077,,142.167,,204.067
403,1.41452,,142,,204
404,1.41816,,142.167,,204.067
405,1.42181,,142.333,,204.133
406,1.42545,,142.5,,204.2
407,1.42909,,142.667,,204.267
408,1.43274,,142.833,,204.333
409,1.43638,,143,,204.4
410,1.43976,,142.833,,204.433
411,1.44313,,142.667,,204.467
412,1.44651,,142.5,,204.5
413,1.44989,,142.333,,204.533
414,1.45326,,142.167,,204.567
415,1.45664,,142,,204.6
416,1.46024,,142,,204.767
417,1.46385,,142,,204.933
418,1.46745,,142,,205.1
419,1.47105,,142,,205.267
420,1.47466,,142,,205.433
421,1.47826,,142,,205.6
422,1.48186,,142.167,,205.733
423,1.48546,,142.333,,205.867
424,1.48905,,142.5,,206
425,1.49265,,142.667,,206.133
426,1.49625,,142.833,,206.267
427,1.49985,,143,,206.4
428,1.5033,,143.167,,206.533
429,1.50675,,143.333,,206.667
430,1.51021,,143.5,,206.8
431,1.51366,,143.667,,206.933
432,1.51711,,143.833,,207.067
433,1.52056,,144,,207.2
434,1.52389,,143.714,,207.143
435,1.52721,,143.429,,207.086
436,1.53054,,143.143,,207.029
437,1.53387,,142.857,,206.971
438,1.5372,,142.571,,206.914
439,1.54052,,142.286,,206.857
440,1.54385,,142,,206.8
441,1.54697,,141.714,,206.629
442,1.55008,,141.429,,206.457
443,1.5532,,141.143,,206.286
444,1.55632,,140.857,,206.114
445,1.55944,,140.571,,205.943
446,1.56255,,140.286,,205.771
447,1.56567,,140,,205.6
448,1.56934,,139.833,,205.367
449,1.57301,,139.667,,205.133
450,1.57668,,139.5,,204.9
451,1.58034,,139.333,,204.667
452,1.58401,,139.167,,204.433
453,1.58768,,139,,204.2
454,1.59086,,138.857,,204
455,1.59405,,138.714,,203.8
456,1.59723,,138.571,,203.6
457,1.60041,,138.429,,203.4
458,1.60359,,138.286,,203.2
459,1.60678,,138.143,,203
460,1.60996,,138,,202.8
461,1.61348,,138.167,,202.733
462,1.61701,,138.333,,202.667
463,1.62053,,138.5,,202.6
464,1.62406,,138.667,,202.533
465,1.62758,,138.833,,202.467
466,1.63111,,139,,202.4
467,1.63447,,139.333,,202.3
468,1.63782,,139.667,,202.2
469,1.64118,,140,,202.1
470,1.64454,,140.333,,202
471,1.64789,,140.667,,201.9
472,1.65125,,141,,201.8
473,1.65472,,141,,201.7
474,1.6582,,141,,201.6
475,1.66167,,141,,201.5
476,1.66515,,141,,201.4
477,1.66862,,141,,201.3
478,1.6721,,141,,201.2
479,1.67556,,140.833,,201.067
480,1.67901,,140.667,,200.933
481,1.68247,,140.5,,200.8
482,1.68593,,140.333,,200.667
483,1.68938,,140.167,,200.533
484,1.69284,,140,,200.4
485,1.6963,,140.167,,200.3
486,1.69976,,140.333,,200.2
487,1.70322,,140.5,,200.1
488,1.70668,,140.667,,200
489,1.71014,,140.833,,199.9
490,1.7136,,141,,199.8
491,1.71705,,141.333,,199.667
492,1.7205,,141.667,,199.533
493,1.72396,,142,,199.4
494,1.72741,,142.333,,199.267
495,1.73086,,142.667,,199.133
496,1.73431,,143,,199
497,1.73794,,143.6,,198.8
498,1.74157,,144.2,,198.6
499,1.74519,,144.8,,198.4
500,1.74882,,145.4,,198.2
501,1.75245,,146,,198
502,1.75578,,146.5,,197.8
503,1.75911,,147,,197.6
504,1.76244,,147.5,,197.4
505,1.76578,,148,,197.2
506,1.76911,,148.5,,197
507,1.77244,,149,,196.8
508,1.77571,,149.143,,196.6
509,1.77899,,149.286,,196.4
510,1.78226,,149.429,,196.2
511,1.78554,,149.571,,196
512,1.78881,,149.714,,195.8
513,1.79209,,149.857,,195.6
514,1.79536,,150,,195.4
515,1.79878,,150,,195.2
516,1.8022,,150,,195
517,1.80562,,150,,194.8
518,1.80904,,150,,194.6
519,1.81246,,150,,194.4
520,1.81588,,150,,194.2
521,1.81938,,150,,194
522,1.82288,,150,,193.8
523,1.82638,,150,,193.6
524,1.82987,,150,,193.4
525,1.83337,,150,,193.2
526,1.83687,,150,,193
527,1.84028,,150.333,,192.833
528,1.8437,,150.667,,192.667
529,1.84711,,151,,192.5
530,1.85052,,151.333,,192.333
531,1.85394,,151.667,,192.167
532,1.85735,,152,,192
533,1.86069,,152.167,,191.967
534,1.86402,,152.333,,191.933
535,1.86736,,152.5,,191.9
536,1.8707,,152.667,,191.867
537,1.87403,,152.833,,191.833
538,1.87737,,153,,191.8
539,1.8808,,153,,191.767
540,1.88424,,153,,191.733
541,1.88767,,153,,191.7
542,1.8911,,153,,191.667
543,1.89454,,153,,191.633
544,1.89797,,153,,191.6
545,1.90141,,152.833,,191.567
546,1.90484,,152.667,,191.533
547,1.90828,,152.5,,191.5
548,1.91172,,152.333,,191.467
549,1.91515,,152.167,,191.433
550,1.91859,,152,,191.4
551,1.92187,,151.857,,191.371
552,1.92516,,151.714,,191.343
553,1.92844,,151.571,,191.314
554,1.93173,,151.429,,191.286
555,1.93501,,151.286,,191.257
556,1.9383,,151.143,,191.229
557,1.94158,,151,,191.2
558,1.9451,,151,,191.233
559,1.94863,,151,,191.267
560,1.95215,,151,,191.3
561,1.95567,,151,,191.333
562,1.9592,,151,,191.367
563,1.96272,,151,,191.4
564,1.96632,,151,,191.533
565,1.96992,,151,,191.667
566,1.97352,,151,,191.8
567,1.97711,,151,,191.933
568,1.98071,,151,,192.067
569,1.98431,,151,,192.2
570,1.98775,,151,,192.44
571,1.99119,,151,,192.68
572,1.99462,,151,,192.92
573,1.99806,,151,,193.16
574,2.0015,,151,,193.4
575,2.00486,,150.667,,193.633
576,2.00822,,150.333,,193.867
577,2.01159,,150,,194.1
578,2.01495,,149.667,,194.333
579,2.01831,,149.333,,194.567
580,2.02167,,149,,194.8
581,2.0253,,148.667,,195.067
582,2.02892,,148.333,,195.333
583,2.03255,,148,,195.6
584,2.03618,,147.667,,195.867
585,2.0398,,147.333,,196.133
586,2.04343,,147,,196.4
587,2.04695,,146.833,,196.633
588,2.05048,,146.667,,196.867
589,2.054,,146.5,,197.1
590,2.05752,,146.333,,197.333
591,2.06105,,146.167,,197.567
592,2.06457,,146,,197.8
593,2.06794,,145.5,,197.967
594,2.0713,,145,,198.133
595,2.07467,,144.5,,198.3
596,2.07804,,144,,198.467
597,2.0814,,143.5,,198.633
598,2.08477,,143,,198.8
599,2.08831,,143,,198.9
600,2.09185,,143,,199
601,2.09539,,143,,199.1
602,2.09893,,143,,199.2
603,2.10247,,143,,199.3
604,2.10601,,143,,199.4
605,2.10939,,143.333,,199.367
606,2.11277,,143.667,,199.333
607,2.11615,,144,,199.3
608,2.11953,,144.333,,199.267
609,2.12291,,144.667,,199.233
610,2.12629,,145,,199.2
611,2.12951,,144.857,,199.143
612,2.13273,,144.714,,199.086
613,2.13595,,144.571,,199.029
614,2.13917,,144.429,,198.971
615,2.14239,,144.286,,198.914
616,2.14561,,144.143,,198.857
617,2.14883,,144,,198.8
618,2.1526,,143.833,,198.833
619,2.15636,,143.667,,198.867
620,2.16013,,143.5,,198.9
621,2.1639,,143.333,,198.933
622,2.16766,,143.167,,198.967
623,2.17143,,143,,199
624,2.1746,,143,,199.029
625,2.17777,,143,,199.057
626,2.18094,,143,,199.086
627,2.18412,,143,,199.114
628,2.18729,,143,,199.143
629,2.19046,,143,,199.171
630,2.19363,,143,,199.2
631,2.19719,,142.833,,199.033
632,2.20074,,142.667,,198.867
633,2.2043,,142.5,,198.7
634,2.20786,,142.333,,198.533
635,2.21141,,142.167,,198.367
636,2.21497,,142,,198.2
637,2.2183,,142,,197.943
638,2.22162,,142,,197.686
639,2.22495,,142,,197.429
640,2.22827,,142,,197.171
641,2.2316,,142,,196.914
642,2.23492,,142,,196.657
643,2.23825,,142,,196.4
644,2.24187,,141.833,,196.167
645,2.24549,,141.667,,195.933
646,2.24911,,141.5,,195.7
647,2.25274,,141.333,,195.467
648,2.25636,,141.167,,195.233
649,2.25998,,141,,195
650,2.26389,,141,,195.033
651,2.26779,,141,,195.067
652,2.2717,,141,,195.1
653,2.27561,,141,,195.133
654,2.27951,,141,,195.167
655,2.28342,,141,,195.2
656,2.28709,,141.333,,195.267
657,2.29075,,141.667,,195.333
658,2.29442,,142,,195.4
659,2.29809,,142.333,,195.467
660,2.30175,,142.667,,195.533
661,2.30542,,143,,195.6
662,2.30894,,143.167,,195.667
663,2.31246,,143.333,,195.733
664,2.31598,,143.5,,195.8
665,2.3195,,143.667,,195.867
666,2.32302,,143.833,,195.933
667,2.32654,,144,,196
668,2.32968,,144.5,,196.067
669,2.33283,,145,,196.133
670,2.33597,,145.5,,196.2
671,2.33911,,146,,196.267
672,2.34226,,146.5,,196.333
673,2.3454,,147,,196.4
674,2.34861,,147.4,,196.44
675,2.35182,,147.8,,196.48
676,2.35503,,148.2,,196.52
677,2.35824,,148.6,,196.56
678,2.36145,,149,,196.6
679,2.3648,,149.167,,196.6
680,2.36815,,149.333,,196.6
681,2.37151,,149.5,,196.6
682,2.37486,,149.667,,196.6
683,2.37821,,149.833,,196.6
684,2.38156,,150,,196.6
685,2.38481,,150.143,,196.657
686,2.38806,,150.286,,196.714
687,2.39131,,150.429,,196.771
688,2.39456,,150.571,,196.829
689,2.39781,,150.714,,196.886
690,2.40106,,150.857,,196.943
691,2.40431,,151,,197
692,2.40769,,151.167,,197
693,2.41107,,151.333,,197
694,2.41445,,151.5,,197
695,2.41783,,151.667,,197
696,2.42121,,151.833,,197
697,2.42459,,152,,197
698,2.42785,,152,,196.886
699,2.43111,,152,,196.771
700,2.43437,,152,,196.657
701,2.43762,,152,,196.543
702,2.44088,,152,,196.429
703,2.44414,,152,,196.314
704,2.4474,,152,,196.2
705,2.4507,,152,,196.086
706,2.454,,152,,195.971
707,2.4573,,152,,195.857
708,2.46061,,152,,195.743
709,2.46391,,152,,195.629
710,2.46721,,152,,195.514
711,2.47051,,152,,195.4
712,2.47402,,152,,195.3
713,2.47753,,152,,195.2
714,2.48104,,152,,195.1
715,2.48454,,152,,195
716,2.48805,,152,,194.9
717,2.49156,,152,,194.8
718,2.49487,,151.714,,194.686
719,2.49817,,151.429,,194.571
720,2.50148,,151.143,,194.457
721,2.50478,,150.857,,194.343
722,2.50809,,150.571,,194.229
723,2.51139,,150.286,,194.114
724,2.5147,,150,,194
725,2.51796,,150,,193.971
726,2.52122,,150,,193.943
727,2.52448,,150,,193.914
728,2.52773,,150,,193.886
729,2.53099,,150,,193.857
730,2.53425,,150,,193.829
731,2.53751,,150,,193.8
732,2.54077,,150.143,,193.886
733,2.54402,,150.286,,193.971
734,2.54728,,150.429,,194.057
735,2.55053,,150.571,,194.143
736,2.55379,,150.714,,194.229
737,2.55704,,150.857,,194.314
738,2.5603,,151,,194.4
739,2.56368,,151.5,,194.5
740,2.56707,,152,,194.6
741,2.57045,,152.5,,194.7
742,2.57383,,153,,194.8
743,2.57722,,153.5,,194.9
744,2.5806,,154,,195
745,2.58399,,154.5,,195.1
746,2.58738,,155,,195.2
747,2.59078,,155.5,,195.3
748,2.59417,,156,,195.4
749,2.59756,,156.5,,195.5
750,2.60095,,157,,195.6
751,2.60425,,156.857,,195.743
752,2.60756,,156.714,,195.886
753,2.61086,,156.571,,196.029
754,2.61416,,156.429,,196.171
755,2.61746,,156.286,,196.314
756,2.62077,,156.143,,196.457
757,2.62407,,156,,196.6
758,2.62747,,155.667,,196.667
759,2.63087,,155.333,,196.733
760,2.63427,,155,,196.8
761,2.63767,,154.667,,196.867
762,2.64107,,154.333,,196.933
763,2.64447,,154,,197
764,2.64778,,153.857,,196.886
765,2.65109,,153.714,,196.771
766,2.6544,,153.571,,196.657
767,2.6577,,153.429,,196.543
768,2.66101,,153.286,,196.429
769,2.66432,,153.143,,196.314
770,2.66763,,153,,196.2
771,2.67092,,152.714,,196.086
772,2.67421,,152.429,,195.971
773,2.6775,,152.143,,195.857
774,2.68078,,151.857,,195.743
775,2.68407,,151.571,,195.629
776,2.68736,,151.286,,195.514
777,2.69065,,151,,195.4
778,2.69406,,151,,195.367
779,2.69747,,151,,195.333
780,2.70089,,151,,195.3
781,2.7043,,151,,195.267
782,2.70771,,151,,195.233
783,2.71112,,151,,195.2
784,2.71441,,150.857,,195.286
785,2.71769,,150.714,,195.371
786,2.72098,,150.571,,195.457
787,2.72427,,150.429,,195.543
788,2.72756,,150.286,,195.629
789,2.73084,,150.143,,195.714
790,2.73413,,150,,195.8
791,2.73755,,150.167,,195.8
792,2.74097,,150.333,,195.8
793,2.74439,,150.5,,195.8
794,2.74781,,150.667,,195.8
795,2.75123,,150.833,,195.8
796,2.75465,,151,,195.8
797,2.75822,,151,,196.167
798,2.76178,,151,,196.533
799,2.76535,,151,,196.9
800,2.76892,,151,,197.267
801,2.77248,,151,,197.633
802,2.77605,,151,,198
803,2.77955,,151.167,,198.133
804,2.78306,,151.333,,198.267
805,2.78656,,151.5,,198.4
806,2.79006,,151.667,,198.533
807,2.79357,,151.833,,198.667
808,2.79707,,152,,198.8
809,2.80041,,152,,198.933
810,2.80375,,152,,199.067
811,2.8071,,152,,199.2
812,2.81044,,152,,199.333
813,2.81378,,152,,199.467
814,2.81712,,152,,199.6
815,2.82059,,151.833,,199.433
816,2.82406,,151.667,,199.267
817,2.82753,,151.5,,199.1
818,2.83099,,151.333,,198.933
819,2.83446,,151.167,,198.767
820,2.83793,,151,,198.6
821,2.84118,,151.286,,198.457
822,2.84442,,151.571,,198.314
823,2.84767,,151.857,,198.171
824,2.85092,,152.143,,198.029
825,2.85417,,152.429,,197.886
826,2.85741,,152.714,,197.743
827,2.86066,,153,,197.6
828,2.86394,,153.143,,197.343
829,2.86723,,153.286,,197.086
830,2.87051,,153.429,,196.829
831,2.8738,,153.571,,196.571
832,2.87708,,153.714,,196.314
833,2.88037,,153.857,,196.057
834,2.88365,,154,,195.8
835,2.88703,,154,,195.567
836,2.89041,,154,,195.333
837,2.89379,,154,,195.1
838,2.89718,,154,,194.867
839,2.90056,,154,,194.633
840,2.90394,,154,,194.4
841,2.90755,,154,,194.133
842,2.91117,,154,,193.867
843,2.91478,,154,,193.6
844,2.91839,,154,,193.333
845,2.92201,,154,,193.067
846,2.92562,,154,,192.8
847,2.92916,,154,,192.767
848,2.9327,,154,,192.733
849,2.93624,,154,,192.7
850,2.93978,,154,,192.667
851,2.94332,,154,,192.633
852,2.94686,,154,,192.6
853,2.95046,,153.833,,192.633
854,2.95405,,153.667,,192.667
855,2.95765,,153.5,,192.7
856,2.96124,,153.333,,192.733
857,2.96483,,153.167,,192.767
858,2.96843,,153,,192.8
859,2.97191,,153,,192.833
860,2.9754,,153,,192.867
861,2.97888,,153,,192.9
862,2.98236,,153,,192.933
863,2.98585,,153,,192.967
864,2.98933,,153,,193
865,2.99276,,153.25,,193.1
866,2.99619,,153.5,,193.2
867,2.99962,,153.75,,193.3
868,3.00305,,154,,193.4
869,3.00578,,154,,193.475
870,3.00851,,154,,193.55
871,3.01124,,154,,193.625
872,3.01397,,154,,193.7
873,3.01671,,154,,193.775
874,3.01944,,154,,193.85
875,3.02217,,154,,193.925
876,3.0249,,154,,194
877,3.02753,,154,,194.1
878,3.03015,,154,,194.2
879,3.03278,,154,,194.3
880,3.03541,,154,,194.4
881,3.03804,,154,,194.5
882,3.04066,,154,,194.6
883,3.04329,,154,,194.7
884,3.04592,,154,,194.8
885,3.04819,,153.9,,194.88
886,3.05047,,153.8,,194.96
887,3.05274,,153.7,,195.04
888,3.05502,,153.6,,195.12
889,3.05729,,153.5,,195.2
890,3.05956,,153.4,,195.28
891,3.06184,,153.3,,195.36
892,3.06411,,153.2,,195.44
893,3.06639,,153.1,,195.52
894,3.06866,,153,,195.6
895,3.07206,,152.857,,195.571
896,3.07546,,152.714,,195.543
897,3.07886,,152.571,,195.514
898,3.08226,,152.429,,195.486
899,3.08566,,152.286,,195.457
900,3.08906,,152.143,,195.429
901,3.09246,,152,,195.4
902,3.0966,,152.2,,195.28
903,3.10075,,152.4,,195.16
904,3.10489,,152.6,,195.04
905,3.10904,,152.8,,194.92
906,3.11318,,153,,194.8
907,3.118,,153.4,,194.72
908,3.12282,,153.8,,194.64
909,3.12765,,154.2,,194.56
910,3.13247,,154.6,,194.48
911,3.13729,,155,,194.4
912,3.14112,,155.75,,194.4
913,3.14496,,156.5,,194.4
914,3.14879,,157.25,,194.4
915,3.15262,,158,,194.4
916,3.15623,,158.5,,194.467
917,3.15985,,159,,194.533
918,3.16346,,159.5,,194.6
919,3.16707,,160,,194.667
920,3.17069,,160.5,,194.733
921,3.1743,,161,,194.8
922,3.17897,,161,,194.84
923,3.18364,,161,,194.88
924,3.18832,,161,,194.92
925,3.19299,,161,,194.96
926,3.19766,,161,,195
927,3.20139,,160.667,,195.033
928,3.20513,,160.333,,195.067
929,3.20886,,160,,195.1
930,3.2126,,159.667,,195.133
931,3.21634,,159.333,,195.167
932,3.22007,,159,,195.2
933,3.22336,,158.857,,195.229
934,3.22664,,158.714,,195.257
935,3.22993,,158.571,,195.286
936,3.23321,,158.429,,195.314
937,3.2365,,158.286,,195.343
938,3.23978,,158.143,,195.371
939,3.24307,,158,,195.4
940,3.24557,,157.75,,195.425
941,3.24808,,157.5,,195.45
942,3.25058,,157.25,,195.475
943,3.25309,,157,,195.5
944,3.25559,,156.75,,195.525
945,3.25809,,156.5,,195.55
946,3.2606,,156.25,,195.575
947,3.2631,,156,,195.6
948,3.26645,,156,,195.633
949,3.26979,,156,,195.667
950,3.27314,,156,,195.7
951,3.27648,,156,,195.733
952,3.27982,,156,,195.767
953,3.28317,,156,,195.8
954,3.28803,,155.6,,195.88
955,3.29288,,155.2,,195.96
956,3.29774,,154.8,,196.04
957,3.30259,,154.4,,196.12
958,3.30745,,154,,196.2
959,3.31155,,153.8,,196.2
960,3.31564,,153.6,,196.2
961,3.31974,,153.4,,196.2
962,3.32383,,153.2,,196.2
963,3.32793,,153,,196.2
964,3.33217,,153,,196.28
965,3.33641,,153,,196.36
966,3.34065,,153,,196.44
967,3.34489,,153,,196.52
968,3.34913,,153,,196.6
969,3.35277,,152.667,,196.667
970,3.35641,,152.333,,196.733
971,3.36004,,152,,196.8
972,3.36368,,151.667,,196.867
973,3.36732,,151.333,,196.933
974,3.37096,,151,,197
975,3.37442,,150.667,,196.833
976,3.37787,,150.333,,196.667
977,3.38133,,150,,196.5
978,3.38479,,149.667,,196.333
979,3.38824,,149.333,,196.167
980,3.3917,,149,,196
981,3.3945,,150,,195.8
982,3.39789,,150,,195.667
983,3.40128,,150,,195.533
984,3.40467,,150,,195.4
985,3.40805,,150,,195.267
986,3.41144,,150,,195.133
987,3.41483,,150,,195
988,3.41817,,150.167,,194.933
989,3.42151,,150.333,,194.867
990,3.42485,,150.5,,194.8
991,3.42818,,150.667,,194.733
992,3.43152,,150.833,,194.667
993,3.43486,,151,,194.6
994,3.43812,,151.143,,194.629
995,3.44139,,151.286,,194.657
996,3.44465,,151.429,,194.686
997,3.44791,,151.571,,194.714
998,3.45117,,151.714,,194.743
999,3.45444,,151.857,,194.771
1000,3.4577,,152,,194.8
1001,3.46083,,151.857,,194.8
1002,3.46396,,151.714,,194.8
1003,3.46709,,151.571,,194.8
1004,3.47023,,151.429,,194.8
1005,3.47336,,151.286,,194.8
1006,3.47649,,151.143,,194.8
1007,3.47962,,151,,194.8
1008,3.48278,,151,,194.886
1009,3.48593,,151,,194.971
1010,3.48909,,151,,195.057
1011,3.49224,,151,,195.143
1012,3.4954,,151,,195.229
1013,3.49855,,151,,195.314
1014,3.50171,,151,,195.4
1015,3.50506,,151.167,,195.433
1016,3.50841,,151.333,,195.467
1017,3.51176,,151.5,,195.5
1018,3.51511,,151.667,,195.533
1019,3.51846,,151.833,,195.567
1020,3.52181,,152,,195.6
1021,3.52518,,152.167,,195.667
1022,3.52855,,152.333,,195.733
1023,3.53193,,152.5,,195.8
1024,3.5353,,152.667,,195.867
1025,3.53867,,152.833,,195.933
1026,3.54204,,153,,196
1027,3.54501,,152.571,,195.971
1028,3.54799,,152.143,,195.943
1029,3.55096,,151.714,,195.914
1030,3.55393,,151.286,,195.886
1031,3.5569,,150.857,,195.857
1032,3.55988,,150.429,,195.829
1033,3.56285,,150,,195.8
1034,3.56606,,150.143,,195.743
1035,3.56927,,150.286,,195.686
1036,3.57248,,150.429,,195.629
1037,3.57568,,150.571,,195.571
1038,3.57889,,150.714,,195.514
1039,3.5821,,150.857,,195.457
1040,3.58531,,151,,195.4
1041,3.58914,,151.167,,195.467
1042,3.59297,,151.333,,195.533
1043,3.5968,,151.5,,195.6
1044,3.60062,,151.667,,195.667
1045,3.60445,,151.833,,195.733
1046,3.60828,,152,,195.8
1047,3.61158,,151.857,,195.8
1048,3.61487,,151.714,,195.8
1049,3.61817,,151.571,,195.8
1050,3.62146,,151.429,,195.8
1051,3.62476,,151.286,,195.8
1052,3.62805,,151.143,,195.8
1053,3.63135,,151,,195.8
1054,3.63463,,151.286,,195.829
1055,3.63791,,151.571,,195.857
1056,3.64119,,151.857,,195.886
1057,3.64446,,152.143,,195.914
1058,3.64774,,152.429,,195.943
1059,3.65102,,152.714,,195.971
1060,3.6543,,153,,196
1061,3.65793,,153,,196.067
1062,3.66157,,153,,196.133
1063,3.6652,,153,,196.2
1064,3.66883,,153,,196.267
1065,3.67247,,153,,196.333
1066,3.6761,,153,,196.4
1067,3.67903,,152.571,,196.343
1068,3.68197,,152.143,,196.286
1069,3.6849,,151.714,,196.229
1070,3.68783,,151.286,,196.171
1071,3.69076,,150.857,,196.114
1072,3.6937,,150.429,,196.057
1073,3.69663,,150,,196
1074,3.69965,,149.4,,195.88
1075,3.70267,,148.8,,195.76
1076,3.70569,,148.2,,195.64
1077,3.70871,,147.6,,195.52
1078,3.71173,,147,,195.4
1079,3.71501,,147,,195.343
1080,3.71829,,147,,195.286
1081,3.72157,,147,,195.229
1082,3.72486,,147,,195.171
1083,3.72814,,147,,195.114
1084,3.73142,,147,,195.057
1085,3.7347,,147,,195
1086,3.73782,,147,,194.971
1087,3.74095,,147,,194.943
1088,3.74407,,147,,194.914
1089,3.7472,,147,,194.886
1090,3.75032,,147,,194.857
1091,3.75345,,147,,194.829
1092,3.75657,,147,,194.8
1093,3.75988,,147,,194.743
1094,3.76318,,147,,194.686
1095,3.76649,,147,,194.629
1096,3.76979,,147,,194.571
1097,3.7731,,147,,194.514
1098,3.7764,,147,,194.457
1099,3.77971,,147,,194.4
1100,3.78319,,147.333,,194.4
1101,3.78667,,147.667,,194.4
1102,3.79015,,148,,194.4
1103,3.79362,,148.333,,194.4
1104,3.7971,,148.667,,194.4
1105,3.80058,,149,,194.4
1106,3.8037,,149.143,,194.571
1107,3.80681,,149.286,,194.743
1108,3.80993,,149.429,,194.914
1109,3.81304,,149.571,,195.086
1110,3.81616,,149.714,,195.257
1111,3.81927,,149.857,,195.429
1112,3.82239,,150,,195.6
1113,3.82562,,150.143,,195.771
1114,3.82885,,150.286,,195.943
1115,3.83208,,150.429,,196.114
1116,3.83531,,150.571,,196.286
1117,3.83854,,150.714,,196.457
1118,3.84177,,150.857,,196.629
1119,3.845,,151,,196.8
1120,3.8485,,150.833,,196.933
1121,3.852,,150.667,,197.067
1122,3.85551,,150.5,,197.2
1123,3.85901,,150.333,,197.333
1124,3.86251,,150.167,,197.467
1125,3.86601,,150,,197.6
1126,3.86959,,150,,197.467
1127,3.87317,,150,,197.333
1128,3.87674,,150,,197.2
1129,3.88032,,150,,197.067
1130,3.8839,,150,,196.933
1131,3.88748,,150,,196.8
1132,3.89088,,150,,196.667
1133,3.89428,,150,,196.533
1134,3.89768,,150,,196.4
1135,3.90108,,150,,196.267
1136,3.90448,,150,,196.133
1137,3.90788,,150,,196
1138,3.91128,,150,,195.867
1139,3.91468,,150,,195.733
1140,3.91808,,150,,195.6
1141,3.92148,,150,,195.467
1142,3.92488,,150,,195.333
1143,3.92828,,150,,195.2
1144,3.93121,,150,,195.2
1145,3.93414,,150,,195.2
1146,3.93707,,150,,195.2
1147,3.93999,,150,,195.2
1148,3.94292,,150,,195.2
1149,3.94585,,150,,195.2
1150,3.94878,,150,,195.2
1151,3.95176,,150.143,,195.257
1152,3.95473,,150.286,,195.314
1153,3.95771,,150.429,,195.371
1154,3.96068,,150.571,,195.429
1155,3.96366,,150.714,,195.486
1156,3.96663,,150.857,,195.543
1157,3.96961,,151,,195.6
1158,3.97317,,150.833,,195.667
1159,3.97673,,150.667,,195.733
1160,3.98029,,150.5,,195.8
1161,3.98385,,150.333,,195.867
1162,3.98741,,150.167,,195.933
1163,3.99097,,150,,196
1164,3.99476,,150,,196.067
1165,3.99855,,150,,196.133
1166,4.00234,,150,,196.2
1167,4.00595,,150.167,,196.033
1168,4.00957,,150.333,,195.867
1169,4.01318,,150.5,,195.7
1170,4.01679,,150.667,,195.533
1171,4.02041,,150.833,,195.367
1172,4.02402,,151,,195.2
1173,4.02735,,151,,195.171
1174,4.03067,,151,,195.143
1175,4.034,,151,,195.114
1176,4.03733,,151,,195.086
1177,4.04066,,151,,195.057
1178,4.04398,,151,,195.029
1179,4.04731,,151,,195
1180,4.05011,,150.875,,195
1181,4.05291,,150.75,,195
1182,4.05571,,150.625,,195
1183,4.05851,,150.5,,195
1184,4.06131,,150.375,,195
1185,4.06411,,150.25,,195
1186,4.06691,,150.125,,195
1187,4.06971,,150,,195
1188,4.07278,,149.714,,195.029
1189,4.07586,,149.429,,195.057
1190,4.07893,,149.143,,195.086
1191,4.082,,148.857,,195.114
1192,4.08507,,148.571,,195.143
1193,4.08815,,148.286,,195.171
1194,4.09122,,148,,195.2
1195,4.09455,,148,,195.229
1196,4.09788,,148,,195.257
1197,4.10121,,148,,195.286
1198,4.10454,,148,,195.314
1199,4.10787,,148,,195.343
1200,4.1112,,148,,195.371
1201,4.11453,,148,,195.4
1202,4.11803,,148.333,,195.367
1203,4.12153,,148.667,,195.333
1204,4.12503,,149,,195.3
1205,4.12853,,149.333,,195.267
1206,4.13203,,149.667,,195.233
1207,4.13553,,150,,195.2
1208,4.13896,,150.167,,195.167
1209,4.14239,,150.333,,195.133
1210,4.14582,,150.5,,195.1
1211,4.14926,,150.667,,195.067
1212,4.15269,,150.833,,195.033
1213,4.15612,,151,,195
1214,4.15926,,151.143,,195
1215,4.16241,,151.286,,195
1216,4.16555,,151.429,,195
1217,4.16869,,151.571,,195
1218,4.17183,,151.714,,195
1219,4.17498,,151.857,,195
1220,4.17812,,152,,195
1221,4.18159,,151.833,,195
1222,4.18506,,151.667,,195
1223,4.18854,,151.5,,195
1224,4.19201,,151.333,,195
1225,4.19548,,151.167,,195
1226,4.19895,,151,,195
1227,4.20236,,151,,195
1228,4.20577,,151,,195
1229,4.20919,,151,,195
1230,4.2126,,151,,195
1231,4.21601,,151,,195
1232,4.21942,,151,,195
1233,4.22282,,151.167,,195
1234,4.22622,,151.333,,195
1235,4.22963,,151.5,,195
1236,4.23303,,151.667,,195
1237,4.23643,,151.833,,195
1238,4.23983,,152,,195
1239,4.24311,,152,,194.971
1240,4.24638,,152,,194.943
1241,4.24966,,152,,194.914
1242,4.25293,,152,,194.886
1243,4.25621,,152,,194.857
1244,4.25948,,152,,194.829
1245,4.26276,,152,,194.8
1246,4.26603,,152,,194.743
1247,4.2693,,152,,194.686
1248,4.27257,,152,,194.629
1249,4.27584,,152,,194.571
1250,4.27911,,152,,194.514
1251,4.28238,,152,,194.457
1252,4.28565,,152,,194.4
1253,4.28894,,152,,194.4
1254,4.29222,,152,,194.4
1255,4.29551,,152,,194.4
1256,4.29879,,152,,194.4
1257,4.30208,,152,,194.4
1258,4.30536,,152,,194.4
1259,4.30865,,152,,194.4
1260,4.31169,,152,,194.371
1261,4.31472,,152,,194.343
1262,4.31776,,152,,194.314
1263,4.32079,,152,,194.286
1264,4.32383,,152,,194.257
1265,4.32686,,152,,194.229
1266,4.3299,,152,,194.2
1267,4.33273,,151.875,,194.175
1268,4.33556,,151.75,,194.15
1269,4.3384,,151.625,,194.125
1270,4.34123,,151.5,,194.1
1271,4.34406,,151.375,,194.075
1272,4.3469,,151.25,,194.05
1273,4.34973,,151.125,,194.025
1274,4.35256,,151,,194
1275,4.3559,,150.833,,194
1276,4.35925,,150.667,,194
1277,4.36259,,150.5,,194
1278,4.36593,,150.333,,194
1279,4.36928,,150.167,,194
1280,4.37262,,150,,194
1281,4.37645,,150,,194
1282,4.38028,,150,,194
1283,4.38411,,150,,194
1284,4.38795,,150,,194
1285,4.39178,,150,,194
1286,4.39561,,150,,194
1287,4.39884,,150,,194
1288,4.40206,,150,,194
1289,4.40529,,150,,194
1290,4.40852,,150,,194
1291,4.41175,,150,,194
1292,4.41497,,150,,194
1293,4.4182,,150,,194
1294,4.42148,,149.714,,194
1295,4.42476,,149.429,,194
1296,4.42804,,149.143,,194
1297,4.43132,,148.857,,194
1298,4.4346,,148.571,,194
1299,4.43788,,148.286,,194
1300,4.44116,,148,,194
1301,4.44467,,148,,194.033
1302,4.44818,,148,,194.067
1303,4.45169,,148,,194.1
1304,4.4552,,148,,194.133
1305,4.45871,,148,,194.167
1306,4.46222,,148,,194.2
1307,4.46579,,148.333,,194.2
1308,4.46935,,148.667,,194.2
1309,4.47292,,149,,194.2
1310,4.47649,,149.333,,194.2
1311,4.48005,,149.667,,194.2
1312,4.48362,,150,,194.2
1313,4.48691,,150.143,,194.2
1314,4.49021,,150.286,,194.2
1315,4.4935,,150.429,,194.2
1316,4.4968,,150.571,,194.2
1317,4.50009,,150.714,,194.2
1318,4.50339,,150.857,,194.2
1319,4.50668,,151,,194.2
1320,4.51007,,151.333,,194.167
1321,4.51346,,151.667,,194.133
1322,4.51685,,152,,194.1
1323,4.52024,,152.333,,194.067
1324,4.52363,,152.667,,194.033
1325,4.52702,,153,,194
1326,4.52992,,153,,193.971
1327,4.53282,,153,,193.943
1328,4.53572,,153,,193.914
1329,4.53862,,153,,193.886
1330,4.54152,,153,,193.857
1331,4.54442,,153,,193.829
1332,4.54732,,153,,193.8
1333,4.55026,,153,,193.771
1334,4.5532,,153,,193.743
1335,4.55614,,153,,193.714
1336,4.55909,,153,,193.686
1337,4.56203,,153,,193.657
1338,4.56497,,153,,193.629
1339,4.56791,,153,,193.6
1340,4.57127,,153,,193.571
1341,4.57463,,153,,193.543
1342,4.57799,,153,,193.514
1343,4.58135,,153,,193.486
1344,4.58471,,153,,193.457
1345,4.58807,,153,,193.429
1346,4.59143,,153,,193.4
1347,4.5949,,153.167,,193.367
1348,4.59837,,153.333,,193.333
1349,4.60184,,153.5,,193.3
1350,4.6053,,153.667,,193.267
1351,4.60877,,153.833,,193.233
1352,4.61224,,154,,193.2
1353,4.61579,,154,,193.133
1354,4.61933,,154,,193.067
1355,4.62288,,154,,193
1356,4.62643,,154,,192.933
1357,4.62997,,154,,192.867
1358,4.63352,,154,,192.8
1359,4.63702,,154,,192.967
1360,4.64051,,154,,193.133
1361,4.64401,,154,,193.3
1362,4.6475,,154,,193.467
1363,4.651,,154,,193.633
1364,4.65449,,154,,193.8
1365,4.65798,,154,,193.9
1366,4.66147,,154,,194
1367,4.66496,,154,,194.1
1368,4.66845,,154,,194.2
1369,4.67194,,154,,194.3
1370,4.67543,,154,,194.4
1371,4.67888,,153.833,,194.467
1372,4.68232,,153.667,,194.533
1373,4.68577,,153.5,,194.6
1374,4.68922,,153.333,,194.667
1375,4.69266,,153.167,,194.733
1376,4.69611,,153,,194.8
1377,4.69959,,153,,195
1378,4.70307,,153,,195.2
1379,4.70655,,153,,195.4
1380,4.71003,,153,,195.6
1381,4.71351,,153,,195.8
1382,4.71699,,153,,196
1383,4.72112,,153,,196.2
1384,4.72524,,153,,196.4
1385,4.72937,,153,,196.6
1386,4.73349,,153,,196.8
1387,4.73762,,153,,197
1388,4.74198,,152.4,,197.2
1389,4.74635,,151.8,,197.4
1390,4.75071,,151.2,,197.6
1391,4.75508,,150.6,,197.8
1392,4.75944,,150,,198
1393,4.76356,,149.8,,198.12
1394,4.76769,,149.6,,198.24
1395,4.77181,,149.4,,198.36
1396,4.77594,,149.2,,198.48
1397,4.78006,,149,,198.6
1398,4.7839,,149.167,,198.633
1399,4.78775,,149.333,,198.667
1400,4.79159,,149.5,,198.7
1401,4.79543,,149.667,,198.733
1402,4.79928,,149.833,,198.767
1403,4.80312,,150,,198.8
1404,4.80674,,150.167,,198.833
1405,4.81037,,150.333,,198.867
1406,4.81399,,150.5,,198.9
1407,4.81761,,150.667,,198.933
1408,4.82124,,150.833,,198.967
1409,4.82486,,151,,199
1410,4.8285,,150.833,,198.867
1411,4.83214,,150.667,,198.733
1412,4.83578,,150.5,,198.6
1413,4.83943,,150.333,,198.467
1414,4.84307,,150.167,,198.333
1415,4.84671,,150,,198.2
1416,4.85039,,150.167,,198.067
1417,4.85407,,150.333,,197.933
1418,4.85775,,150.5,,197.8
1419,4.86144,,150.667,,197.667
1420,4.86512,,150.833,,197.533
1421,4.8688,,151,,197.4
1422,4.87228,,150.833,,197.333
1423,4.87577,,150.667,,197.267
1424,4.87925,,150.5,,197.2
1425,4.88274,,150.333,,197.133
1426,4.88622,,150.167,,197.067
1427,4.88971,,150,,197
1428,4.89228,,149.889,,196.956
1429,4.89485,,149.778,,196.911
1430,4.89742,,149.667,,196.867
1431,4.89999,,149.556,,196.822
1432,4.90256,,149.444,,196.778
1433,4.90513,,149.333,,196.733
1434,4.9077,,149.222,,196.689
1435,4.91027,,149.111,,196.644
1436,4.91284,,149,,196.6
1437,4.91665,,148.667,,196.5
1438,4.92047,,148.333,,196.4
1439,4.92428,,148,,196.3
1440,4.9281,,147.667,,196.2
1441,4.93191,,147.333,,196.1
1442,4.93573,,147,,196
1443,4.93911,,147,,196.033
1444,4.9425,,147,,196.067
1445,4.94589,,147,,196.1
1446,4.94927,,147,,196.133
1447,4.95266,,147,,196.167
1448,4.95604,,147,,196.2
1449,4.95917,,147,,196.229
1450,4.96229,,147,,196.257
1451,4.96542,,147,,196.286
1452,4.96854,,147,,196.314
1453,4.97167,,147,,196.343
1454,4.97479,,147,,196.371
1455,4.97792,,147,,196.4
1456,4.9812,,147.143,,196.429
1457,4.98449,,147.286,,196.457
1458,4.98777,,147.429,,196.486
1459,4.99106,,147.571,,196.514
1460,4.99434,,147.714,,196.543
1461,4.99763,,147.857,,196.571
1462,5.00091,,148,,196.6
1463,5.00426,,147.833,,196.633
1464,5.0076,,147.667,,196.667
1465,5.01095,,147.5,,196.7
1466,5.0143,,147.333,,196.733
1467,5.01764,,147.167,,196.767
1468,5.02099,,147,,196.8
1469,5.02414,,147,,196.829
1470,5.02728,,147,,196.857
1471,5.03043,,147,,196.886
1472,5.03358,,147,,196.914
1473,5.03673,,147,,196.943
1474,5.03987,,147,,196.971
1475,5.04302,,147,,197
1476,5.04629,,147,,197
1477,5.04956,,147,,197
1478,5.05283,,147,,197
1479,5.05611,,147,,197
1480,5.05938,,147,,197
1481,5.06265,,147,,197
1482,5.06592,,147,,197
1483,5.06922,,147.429,,197
1484,5.07251,,147.857,,197
1485,5.07581,,148.286,,197
1486,5.0791,,148.714,,197
1487,5.0824,,149.143,,197
1488,5.08569,,149.571,,197
1489,5.08899,,150,,197
1490,5.09252,,150.167,,196.933
1491,5.09605,,150.333,,196.867
1492,5.09959,,150.5,,196.8
1493,5.10312,,150.667,,196.733
1494,5.10665,,150.833,,196.667
1495,5.11018,,151,,196.6
1496,5.11365,,151.333,,196.567
1497,5.11712,,151.667,,196.533
1498,5.12059,,152,,196.5
1499,5.12407,,152.333,,196.467
1500,5.12754,,152.667,,196.433
1501,5.13101,,153,,196.4
1502,5.13426,,153.6,,196.36
1503,5.13751,,154.2,,196.32
1504,5.14076,,154.8,,196.28
1505,5.14401,,155.4,,196.24
1506,5.14726,,156,,196.2
1507,5.1505,,156.143,,196.2
1508,5.15374,,156.286,,196.2
1509,5.15698,,156.429,,196.2
1510,5.16023,,156.571,,196.2
1511,5.16347,,156.714,,196.2
1512,5.16671,,156.857,,196.2
1513,5.16995,,157,,196.2
1514,5.17322,,157.143,,196.171
1515,5.17649,,157.286,,196.143
1516,5.17976,,157.429,,196.114
1517,5.18303,,157.571,,196.086
1518,5.1863,,157.714,,196.057
1519,5.18957,,157.857,,196.029
1520,5.19284,,158,,196
1521,5.19617,,158.143,,195.971
1522,5.1995,,158.286,,195.943
1523,5.20283,,158.429,,195.914
1524,5.20617,,158.571,,195.886
1525,5.2095,,158.714,,195.857
1526,5.21283,,158.857,,195.829
1527,5.21616,,159,,195.8
1528,5.21961,,159.167,,195.833
1529,5.22306,,159.333,,195.867
1530,5.22652,,159.5,,195.9
1531,5.22997,,159.667,,195.933
1532,5.23342,,159.833,,195.967
1533,5.23687,,160,,196
1534,5.2404,,159.833,,196.033
1535,5.24392,,159.667,,196.067
1536,5.24745,,159.5,,196.1
1537,5.25098,,159.333,,196.133
1538,5.2545,,159.167,,196.167
1539,5.25803,,159,,196.2
1540,5.26166,,159,,196.2
1541,5.2653,,159,,196.2
1542,5.26893,,159,,196.2
1543,5.27256,,159,,196.2
1544,5.2762,,159,,196.2
1545,5.27983,,159,,196.2
1546,5.28347,,159,,196.233
1547,5.2871,,159,,196.267
1548,5.29074,,159,,196.3
1549,5.29438,,159,,196.333
1550,5.29801,,159,,196.367
1551,5.30165,,159,,196.4
1552,5.30536,,159,,196.433
1553,5.30907,,159,,196.467
1554,5.31278,,159,,196.5
1555,5.3165,,159,,196.533
1556,5.32021,,159,,196.567
1557,5.32392,,159,,196.6
1558,5.32751,,159,,196.733
1559,5.33109,,159,,196.867
1560,5.33468,,159,,197
1561,5.33827,,159,,197.133
1562,5.34185,,159,,197.267
1563,5.34544,,159,,197.4
1564,5.34906,,159.167,,197.567
1565,5.35269,,159.333,,197.733
1566,5.35631,,159.5,,197.9
1567,5.35994,,159.667,,198.067
1568,5.36356,,159.833,,198.233
1569,5.36719,,160,,198.4
1570,5.37052,,159.857,,198.486
1571,5.37386,,159.714,,198.571
1572,5.37719,,159.571,,198.657
1573,5.38053,,159.429,,198.743
1574,5.38386,,159.286,,198.829
1575,5.3872,,159.143,,198.914
1576,5.39053,,159,,199
1577,5.394,,158.833,,199
1578,5.39748,,158.667,,199
1579,5.40095,,158.5,,199
1580,5.40442,,158.333,,199
1581,5.4079,,158.167,,199
1582,5.41137,,158,,199
1583,5.41456,,157.857,,198.943
1584,5.41776,,157.714,,198.886
1585,5.42095,,157.571,,198.829
1586,5.42415,,157.429,,198.771
1587,5.42734,,157.286,,198.714
1588,5.43054,,157.143,,198.657
1589,5.43373,,157,,198.6
1590,5.43691,,156.857,,198.486
1591,5.44009,,156.714,,198.371
1592,5.44327,,156.571,,198.257
1593,5.44646,,156.429,,198.143
1594,5.44964,,156.286,,198.029
1595,5.45282,,156.143,,197.914
1596,5.456,,156,,197.8
1597,5.45908,,156.143,,197.743
1598,5.46216,,156.286,,197.686
1599,5.46524,,156.429,,197.629
1600,5.46831,,156.571,,197.571
1601,5.47139,,156.714,,197.514
1602,5.47447,,156.857,,197.457
1603,5.47755,,157,,197.4
1604,5.48072,,157,,197.343
1605,5.48388,,157,,197.286
1606,5.48705,,157,,197.229
1607,5.49022,,157,,197.171
1608,5.49339,,157,,197.114
1609,5.49655,,157,,197.057
1610,5.49972,,157,,197
1611,5.5032,,157,,196.9
1612,5.50668,,157,,196.8
1613,5.51017,,157,,196.7
1614,5.51365,,157,,196.6
1615,5.51713,,157,,196.5
1616,5.52061,,157,,196.4
1617,5.52398,,156.833,,196.333
1618,5.52734,,156.667,,196.267
1619,5.53071,,156.5,,196.2
1620,5.53408,,156.333,,196.133
1621,5.53744,,156.167,,196.067
1622,5.54081,,156,,196
1623,5.54403,,155.714,,196.114
1624,5.54725,,155.429,,196.229
1625,5.55047,,155.143,,196.343
1626,5.55369,,154.857,,196.457
1627,5.55691,,154.571,,196.571
1628,5.56013,,154.286,,196.686
1629,5.56335,,154,,196.8
1630,5.56682,,154,,196.9
1631,5.57029,,154,,197
1632,5.57376,,154,,197.1
1633,5.57722,,154,,197.2
1634,5.58069,,154,,197.3
1635,5.58416,,154,,197.4
1636,5.58747,,154.25,,197.5
1637,5.59079,,154.5,,197.6
1638,5.5941,,154.75,,197.7
1639,5.59741,,155,,197.8
1640,5.60085,,155,,197.933
1641,5.60429,,155,,198.067
1642,5.60774,,155,,198.2
1643,5.61118,,155,,198.333
1644,5.61462,,155,,198.467
1645,5.61806,,155,,198.6
1646,5.62143,,154.833,,198.733
1647,5.6248,,154.667,,198.867
1648,5.62818,,154.5,,199
1649,5.63155,,154.333,,199.133
1650,5.63492,,154.167,,199.267
1651,5.63829,,154,,199.4
1652,5.64174,,154,,199.433
1653,5.64518,,154,,199.467
1654,5.64863,,154,,199.5
1655,5.65208,,154,,199.533
1656,5.65552,,154,,199.567
1657,5.65897,,154,,199.6
1658,5.66238,,153.833,,199.567
1659,5.66578,,153.667,,199.533
1660,5.66919,,153.5,,199.5
1661,5.6726,,153.333,,199.467
1662,5.676,,153.167,,199.433
1663,5.67941,,153,,199.4
1664,5.68269,,152.857,,199.343
1665,5.68596,,152.714,,199.286
1666,5.68924,,152.571,,199.229
1667,5.69252,,152.429,,199.171
1668,5.6958,,152.286,,199.114
1669,5.69907,,152.143,,199.057
1670,5.70235,,152,,199
1671,5.70551,,151.857,,198.971
1672,5.70867,,151.714,,198.943
1673,5.71183,,151.571,,198.914
1674,5.715,,151.429,,198.886
1675,5.71816,,151.286,,198.857
1676,5.72132,,151.143,,198.829
1677,5.72448,,151,,198.8
1678,5.72771,,151.143,,198.8
1679,5.73094,,151.286,,198.8
1680,5.73417,,151.429,,198.8
1681,5.7374,,151.571,,198.8
1682,5.74063,,151.714,,198.8
1683,5.74386,,151.857,,198.8
1684,5.74709,,152,,198.8
1685,5.75041,,152.286,,198.829
1686,5.75374,,152.571,,198.857
1687,5.75706,,152.857,,198.886
1688,5.76038,,153.143,,198.914
1689,5.7637,,153.429,,198.943
1690,5.76703,,153.714,,198.971
1691,5.77035,,154,,199
1692,5.77367,,154.143,,199.029
1693,5.777,,154.286,,199.057
1694,5.78032,,154.429,,199.086
1695,5.78365,,154.571,,199.114
1696,5.78697,,154.714,,199.143
1697,5.7903,,154.857,,199.171
1698,5.79362,,155,,199.2
1699,5.79692,,154.714,,199.257
1700,5.80022,,154.429,,199.314
1701,5.80352,,154.143,,199.371
1702,5.80683,,153.857,,199.429
1703,5.81013,,153.571,,199.486
1704,5.81343,,153.286,,199.543
1705,5.81673,,153,,199.6
1706,5.82,,152.714,,199.629
1707,5.82328,,152.429,,199.657
1708,5.82655,,152.143,,199.686
1709,5.82982,,151.857,,199.714
1710,5.83309,,151.571,,199.743
1711,5.83637,,151.286,,199.771
1712,5.83964,,151,,199.8
1713,5.84301,,151.167,,199.867
1714,5.84638,,151.333,,199.933
1715,5.84975,,151.5,,200
1716,5.85312,,151.667,,200.067
1717,5.85649,,151.833,,200.133
1718,5.85986,,152,,200.2
1719,5.86333,,152.167,,200.267
1720,5.86679,,152.333,,200.333
1721,5.87026,,152.5,,200.4
1722,5.87373,,152.667,,200.467
1723,5.87719,,152.833,,200.533
1724,5.88066,,153,,200.6
1725,5.88427,,152.833,,200.7
1726,5.88787,,152.667,,200.8
1727,5.89148,,152.5,,200.9
1728,5.89509,,152.333,,201
1729,5.89869,,152.167,,201.1
1730,5.9023,,152,,201.2
1731,5.90576,,152,,201.3
1732,5.90922,,152,,201.4
1733,5.91268,,152,,201.5
1734,5.91615,,152,,201.6
1735,5.91961,,152,,201.7
1736,5.92307,,152,,201.8
1737,5.92658,,151.833,,201.867
1738,5.93009,,151.667,,201.933
1739,5.93359,,151.5,,202
1740,5.9371,,151.333,,202.067
1741,5.94061,,151.167,,202.133
1742,5.94412,,151,,202.2
1743,5.9475,,150.833,,202.3
1744,5.95087,,150.667,,202.4
1745,5.95425,,150.5,,202.5
1746,5.95762,,150.333,,202.6
1747,5.961,,150.167,,202.7
1748,5.96437,,150,,202.8
1749,5.96804,,150.167,,202.933
1750,5.97171,,150.333,,203.067
1751,5.97538,,150.5,,203.2
1752,5.97905,,150.667,,203.333
1753,5.98272,,150.833,,203.467
1754,5.98639,,151,,203.6
1755,5.99019,,151.25,,203.7
1756,5.994,,151.5,,203.8
1757,5.9978,,151.75,,203.9
1758,6.0016,,152,,204
1759,6.00513,,151.833,,204.133
1760,6.00866,,151.667,,204.267
1761,6.01219,,151.5,,204.4
1762,6.01571,,151.333,,204.533
1763,6.01924,,151.167,,204.667
1764,6.02277,,151,,204.8
1765,6.02622,,151,,204.9
1766,6.02966,,151,,205
1767,6.03311,,151,,205.1
1768,6.03656,,151,,205.2
1769,6.04,,151,,205.3
1770,6.04345,,151,,205.4
1771,6.04671,,150.857,,205.514
1772,6.04996,,150.714,,205.629
1773,6.05322,,150.571,,205.743
1774,6.05647,,150.429,,205.857
1775,6.05973,,150.286,,205.971
1776,6.06298,,150.143,,206.086
1777,6.06624,,150,,206.2
1778,6.07003,,149.833,,206.267
1779,6.07382,,149.667,,206.333
1780,6.07761,,149.5,,206.4
1781,6.08139,,149.333,,206.467
1782,6.08518,,149.167,,206.533
1783,6.08897,,149,,206.6
1784,6.09259,,148.833,,206.533
1785,6.09621,,148.667,,206.467
1786,6.09983,,148.5,,206.4
1787,6.10344,,148.333,,206.333
1788,6.10706,,148.167,,206.267
1789,6.11068,,148,,206.2
1790,6.11438,,148,,206.1
1791,6.11808,,148,,206
1792,6.12178,,148,,205.9
1793,6.12547,,148,,205.8
1794,6.12917,,148,,205.7
1795,6.13287,,148,,205.6
1796,6.13635,,147.833,,205.567
1797,6.13984,,147.667,,205.533
1798,6.14332,,147.5,,205.5
1799,6.1468,,147.333,,205.467
1800,6.15029,,147.167,,205.433
1801,6.15377,,147,,205.4
1802,6.15691,,147.143,,205.4
1803,6.16004,,147.286,,205.4
1804,6.16318,,147.429,,205.4
1805,6.16632,,147.571,,205.4
1806,6.16946,,147.714,,205.4
1807,6.17259,,147.857,,205.4
1808,6.17573,,148,,205.4
1809,6.17918,,148.167,,205.433
1810,6.18264,,148.333,,205.467
1811,6.18609,,148.5,,205.5
1812,6.18954,,148.667,,205.533
1813,6.193,,148.833,,205.567
1814,6.19645,,149,,205.6
1815,6.19947,,148.857,,205.657
1816,6.2025,,148.714,,205.714
1817,6.20552,,148.571,,205.771
1818,6.20854,,148.429,,205.829
1819,6.21156,,148.286,,205.886
1820,6.21459,,148.143,,205.943
1821,6.21761,,148,,206
1822,6.22057,,148.143,,206.086
1823,6.22353,,148.286,,206.171
1824,6.22649,,148.429,,206.257
1825,6.22944,,148.571,,206.343
1826,6.2324,,148.714,,206.429
1827,6.23536,,148.857,,206.514
1828,6.23832,,149,,206.6
1829,6.2415,,149.143,,206.686
1830,6.24468,,149.286,,206.771
1831,6.24786,,149.429,,206.857
1832,6.25103,,149.571,,206.943
1833,6.25421,,149.714,,207.029
1834,6.25739,,149.857,,207.114
1835,6.26057,,150,,207.2
1836,6.26375,,149.857,,207.114
1837,6.26694,,149.714,,207.029
1838,6.27012,,149.571,,206.943
1839,6.27331,,149.429,,206.857
1840,6.27649,,149.286,,206.771
1841,6.27968,,149.143,,206.686
1842,6.28286,,149,,206.6
1843,6.28707,,149.2,,206.6
1844,6.29128,,149.4,,206.6
1845,6.29549,,149.6,,206.6
1846,6.2997,,149.8,,206.6
1847,6.30391,,150,,206.6
1848,6.30707,,150,,206.571
1849,6.31023,,150,,206.543
1850,6.31339,,150,,206.514
1851,6.31655,,150,,206.486
1852,6.31971,,150,,206.457
1853,6.32287,,150,,206.429
1854,6.32603,,150,,206.4
1855,6.32919,,150.143,,206.4
1856,6.33236,,150.286,,206.4
1857,6.33552,,150.429,,206.4
1858,6.33869,,150.571,,206.4
1859,6.34185,,150.714,,206.4
1860,6.34502,,150.857,,206.4
1861,6.34818,,151,,206.4
1862,6.35113,,151.143,,206.4
1863,6.35408,,151.286,,206.4
1864,6.35703,,151.429,,206.4
1865,6.35997,,151.571,,206.4
1866,6.36292,,151.714,,206.4
1867,6.36587,,151.857,,206.4
1868,6.36882,,152,,206.4
1869,6.372,,152,,206.514
1870,6.37518,,152,,206.629
1871,6.37836,,152,,206.743
1872,6.38153,,152,,206.857
1873,6.38471,,152,,206.971
1874,6.38789,,152,,207.086
1875,6.39107,,152,,207.2
1876,6.39385,,151.75,,207.275
1877,6.39663,,151.5,,207.35
1878,6.39941,,151.25,,207.425
1879,6.40219,,151,,207.5
1880,6.40498,,150.75,,207.575
1881,6.40776,,150.5,,207.65
1882,6.41054,,150.25,,207.725
1883,6.41332,,150,,207.8
1884,6.41594,,150,,207.95
1885,6.41857,,150,,208.1
1886,6.42119,,150,,208.25
1887,6.42382,,150,,208.4
1888,6.42644,,150,,208.55
1889,6.42907,,150,,208.7
1890,6.43169,,150,,208.85
1891,6.43432,,150,,209
1892,6.43702,,150.125,,209.125
1893,6.43972,,150.25,,209.25
1894,6.44242,,150.375,,209.375
1895,6.44512,,150.5,,209.5
1896,6.44783,,150.625,,209.625
1897,6.45053,,150.75,,209.75
1898,6.45323,,150.875,,209.875
1899,6.45593,,151,,210
1900,6.45868,,151,,210.2
1901,6.46143,,151,,210.4
1902,6.46418,,151,,210.6
1903,6.46726,,151.143,,210.886
1904,6.47035,,151.286,,211.171
1905,6.47343,,151.429,,211.457
1906,6.47652,,151.571,,211.743
1907,6.4796,,151.714,,212.029
1908,6.48269,,151.857,,212.314
1909,6.48577,,152,,212.6
1910,6.48891,,152.143,,212.886
1911,6.49205,,152.286,,213.171
1912,6.49519,,152.429,,213.457
1913,6.49834,,152.571,,213.743
1914,6.50148,,152.714,,214.029
1915,6.50462,,152.857,,214.314
1916,6.50776,,153,,214.6
1917,6.51076,,152.857,,214.686
1918,6.51375,,152.714,,214.771
1919,6.51675,,152.571,,214.857
1920,6.51974,,152.429,,214.943
1921,6.52274,,152.286,,215.029
1922,6.52573,,152.143,,215.114
1923,6.52873,,152,,215.2
1924,6.53156,,152.125,,215.075
1925,6.53439,,152.25,,214.95
1926,6.53722,,152.375,,214.825
1927,6.54005,,152.5,,214.7
1928,6.54288,,152.625,,214.575
1929,6.54571,,152.75,,214.45
1930,6.54854,,152.875,,214.325
1931,6.55137,,153,,214.2
1932,6.55427,,153.143,,214.057
1933,6.55716,,153.286,,213.914
1934,6.56006,,153.429,,213.771
1935,6.56295,,153.571,,213.629
1936,6.56585,,153.714,,213.486
1937,6.56874,,153.857,,213.343
1938,6.57164,,154,,213.2
1939,6.5742,,154.25,,213.2
1940,6.57676,,154.5,,213.2
1941,6.57931,,154.75,,213.2
1942,6.58187,,155,,213.2
1943,6.58468,,155.375,,213.45
1944,6.58749,,155.75,,213.7
1945,6.59029,,156.125,,213.95
1946,6.5931,,156.5,,214.2
1947,6.59591,,156.875,,214.45
1948,6.59872,,157.25,,214.7
1949,6.60152,,157.625,,214.95
1950,6.60433,,158,,215.2
1951,6.60731,,158.286,,215.486
1952,6.6103,,158.571,,215.771
1953,6.61328,,158.857,,216.057
1954,6.61626,,159.143,,216.343
1955,6.61924,,159.429,,216.629
1956,6.62223,,159.714,,216.914
1957,6.62521,,160,,217.2
1958,6.62806,,160,,217.45
1959,6.6309,,160,,217.7
1960,6.63375,,160,,217.95
1961,6.63659,,160,,218.2
1962,6.63944,,160,,218.45
1963,6.64229,,160,,218.7
1964,6.64513,,160,,218.95
1965,6.64798,,160,,219.2
1966,6.65116,,160.143,,219.343
1967,6.65434,,160.286,,219.486
1968,6.65752,,160.429,,219.629
1969,6.6607,,160.571,,219.771
1970,6.66388,,160.714,,219.914
1971,6.66706,,160.857,,220.057
1972,6.67024,,161,,220.2
1973,6.67337,,161,,220.257
1974,6.6765,,161,,220.314
1975,6.67963,,161,,220.371
1976,6.68275,,161,,220.429
1977,6.68588,,161,,220.486
1978,6.68901,,161,,220.543
1979,6.69214,,161,,220.6
1980,6.69489,,161,,220.625
1981,6.69764,,161,,220.65
1982,6.70039,,161,,220.675
1983,6.70314,,161,,220.7
1984,6.70588,,161,,220.725
1985,6.70863,,161,,220.75
1986,6.71138,,161,,220.775
1987,6.71413,,161,,220.8
1988,6.71699,,161,,220.914
1989,6.71986,,161,,221.029
1990,6.72272,,161,,221.143
1991,6.72558,,161,,221.257
1992,6.72844,,161,,221.371
1993,6.73131,,161,,221.486
1994,6.73417,,161,,221.6
1995,6.73708,,161,,221.743
1996,6.73999,,161,,221.886
1997,6.7429,,161,,222.029
1998,6.7458,,161,,222.171
1999,6.74871,,161,,222.314
2000,6.75162,,161,,222.457
2001,6.75453,,161,,222.6
2002,6.75799,,161,,222.8
2003,6.76145,,161,,223
2004,6.76491,,161,,223.2
2005,6.76837,,161,,223.4
2006,6.77183,,161,,223.6
2007,6.77529,,161,,223.8
2008,6.7789,,161,,224.133
2009,6.78251,,161,,224.467
2010,6.78612,,161,,224.8
2011,6.78973,,161,,225.133
2012,6.79334,,161,,225.467
2013,6.79695,,161,,225.8
2014,6.80044,,161,,226.267
2015,6.80393,,161,,226.733
2016,6.80742,,161,,227.2
2017,6.8109,,161,,227.667
2018,6.81439,,161,,228.133
2019,6.81788,,161,,228.6
2020,6.82123,,160.857,,228.886
2021,6.82458,,160.714,,229.171
2022,6.82793,,160.571,,229.457
2023,6.83128,,160.429,,229.743
2024,6.83463,,160.286,,230.029
2025,6.83798,,160.143,,230.314
2026,6.84133,,160,,230.6
2027,6.84429,,160,,230.8
2028,6.84725,,160,,231
2029,6.85021,,160,,231.2
2030,6.85316,,160,,231.4
2031,6.85612,,160,,231.6
2032,6.85908,,160,,231.8
2033,6.86204,,160,,232
2034,6.86459,,160,,232.1
2035,6.86714,,160,,232.2
2036,6.86968,,160,,232.3
2037,6.87223,,160,,232.4
2038,6.87478,,160,,232.5
2039,6.87732,,160,,232.6
2040,6.87987,,160,,232.7
2041,6.88242,,160,,232.8
2042,6.88445,,160,,232.68
2043,6.88648,,160,,232.56
2044,6.88851,,160,,232.44
2045,6.89054,,160,,232.32
2046,6.89257,,160,,232.2
2047,6.89417,,160.286,,232.143
2048,6.89578,,160.571,,232.086
2049,6.89738,,160.857,,232.029
2050,6.89899,,161.143,,231.971
2051,6.90059,,161.429,,231.914
2052,6.9022,,161.714,,231.857
2053,6.9038,,162,,231.8
2054,6.9106,,162.333,,231.267
2055,6.9174,,162.667,,230.733
2056,6.9242,,163,,230.2
2057,6.9289,,163,,230.04
2058,6.9336,,163,,229.88
2059,6.93831,,163,,229.72
2060,6.94301,,163,,229.56
2061,6.94771,,163,,229.4
2062,6.94992,,162.7,,229.34
2063,6.95214,,162.4,,229.28
2064,6.95435,,162.1,,229.22
2065,6.95656,,161.8,,229.16
2066,6.95877,,161.5,,229.1
2067,6.96099,,161.2,,229.04
2068,6.9632,,160.9,,228.98
2069,6.96541,,160.6,,228.92
2070,6.96763,,160.3,,228.86
2071,6.96984,,160,,228.8
2072,6.97374,,160.167,,228.767
2073,6.97765,,160.333,,228.733
2074,6.98155,,160.5,,228.7
2075,6.98545,,160.667,,228.667
2076,6.98936,,160.833,,228.633
2077,6.99326,,161,,228.6
2078,6.99719,,160.5,,228.6
2079,7.00112,,160,,228.6
2080,7.00469,,159.25,,228.55
2081,7.00827,,158.5,,228.5
2082,7.01184,,157.75,,228.45
2083,7.01541,,157,,228.4
2084,7.01901,,156.667,,228.3
2085,7.02261,,156.333,,228.2
2086,7.02622,,156,,228.1
2087,7.02982,,155.667,,228
2088,7.03342,,155.333,,227.9
2089,7.03702,,155,,227.8
2090,7.0406,,154.667,,227.733
2091,7.04418,,154.333,,227.667
2092,7.04776,,154,,227.6
2093,7.05134,,153.667,,227.533
2094,7.05492,,153.333,,227.467
2095,7.0585,,153,,227.4
2096,7.06207,,152.833,,227.367
2097,7.06564,,152.667,,227.333
2098,7.06921,,152.5,,227.3
2099,7.07277,,152.333,,227.267
2100,7.07634,,152.167,,227.233
2101,7.07991,,152,,227.2
2102,7.08329,,151.833,,227.1
2103,7.08667,,151.667,,227
2104,7.09005,,151.5,,226.9
2105,7.09342,,151.333,,226.8
2106,7.0968,,151.167,,226.7
2107,7.10018,,151,,226.6
2108,7.10376,,151,,226.633
2109,7.10734,,151,,226.667
2110,7.11092,,151,,226.7
2111,7.11449,,151,,226.733
2112,7.11807,,151,,226.767
2113,7.12165,,151,,226.8
2114,7.12527,,151,,226.833
2115,7.12889,,151,,226.867
2116,7.13251,,151,,226.9
2117,7.13613,,151,,226.933
2118,7.13975,,151,,226.967
2119,7.14337,,151,,227
2120,7.14711,,150.833,,226.8
2121,7.15085,,150.667,,226.6
2122,7.15459,,150.5,,226.4
2123,7.15833,,150.333,,226.2
2124,7.16207,,150.167,,226
2125,7.16581,,150,,225.8
2126,7.16958,,149.667,,225.733
2127,7.17334,,149.333,,225.667
2128,7.1771,,149,,225.6
2129,7.18087,,148.667,,225.533
2130,7.18463,,148.333,,225.467
2131,7.1884,,148,,225.4
2132,7.19214,,148.167,,225.333
2133,7.19588,,148.333,,225.267
2134,7.19963,,148.5,,225.2
2135,7.20337,,148.667,,225.133
2136,7.20711,,148.833,,225.067
2137,7.21085,,149,,225
2138,7.21471,,149.167,,224.9
2139,7.21857,,149.333,,224.8
2140,7.22243,,149.5,,224.7
2141,7.22628,,149.667,,224.6
2142,7.23014,,149.833,,224.5
2143,7.234,,150,,224.4
2144,7.23767,,150.333,,224.3
2145,7.24133,,150.667,,224.2
2146,7.245,,151,,224.1
2147,7.24866,,151.333,,224
2148,7.25233,,151.667,,223.9
2149,7.25599,,152,,223.8
2150,7.26006,,152.2,,223.68
2151,7.26413,,152.4,,223.56
2152,7.26819,,152.6,,223.44
2153,7.27226,,152.8,,223.32
2154,7.27633,,153,,223.2
2155,7.28034,,153,,223.12
2156,7.28435,,153,,223.04
2157,7.28835,,153,,222.96
2158,7.29236,,153,,222.88
2159,7.29637,,153,,222.8
2160,7.30014,,152.833,,222.733
2161,7.30392,,152.667,,222.667
2162,7.30769,,152.5,,222.6
2163,7.31146,,152.333,,222.533
2164,7.31524,,152.167,,222.467
2165,7.31901,,152,,222.4
2166,7.32248,,152.167,,222.367
2167,7.32595,,152.333,,222.333
2168,7.32942,,152.5,,222.3
2169,7.3329,,152.667,,222.267
2170,7.33637,,152.833,,222.233
2171,7.33984,,153,,222.2
2172,7.34363,,153.333,,222.167
2173,7.34741,,153.667,,222.133
2174,7.3512,,154,,222.1
2175,7.35499,,154.333,,222.067
2176,7.35877,,154.667,,222.033
2177,7.36256,,155,,222
2178,7.36624,,155.333,,221.933
2179,7.36992,,155.667,,221.867
2180,7.3736,,156,,221.8
2181,7.37729,,156.333,,221.733
2182,7.38097,,156.667,,221.667
2183,7.38465,,157,,221.6
2184,7.38879,,157,,221.56
2185,7.39292,,157,,221.52
2186,7.39706,,157,,221.48
2187,7.40119,,157,,221.44
2188,7.40533,,157,,221.4
2189,7.40934,,156.8,,221.56
2190,7.41335,,156.6,,221.72
2191,7.41736,,156.4,,221.88
2192,7.42137,,156.2,,222.04
2193,7.42538,,156,,222.2
2194,7.42911,,156.167,,222.5
2195,7.43285,,156.333,,222.8
2196,7.43658,,156.5,,223.1
2197,7.44032,,156.667,,223.4
2198,7.44406,,156.833,,223.7
2199,7.44779,,157,,224
2200,7.45086,,156.857,,224.314
2201,7.45392,,156.714,,224.629
2202,7.45699,,156.571,,224.943
2203,7.46005,,156.429,,225.257
2204,7.46312,,156.286,,225.571
2205,7.46618,,156.143,,225.886
2206,7.46925,,156,,226.2
2207,7.47086,,155.727,,226.236
2208,7.47246,,155.455,,226.273
2209,7.47407,,155.182,,226.309
2210,7.47567,,154.909,,226.345
2211,7.47728,,154.636,,226.382
2212,7.47888,,154.364,,226.418
2213,7.48049,,154.091,,226.455
2214,7.48209,,153.818,,226.491
2215,7.4837,,153.545,,226.527
2216,7.4853,,153.273,,226.564
2217,7.48691,,153,,226.6
2218,7.48777,,152.571,,226.6
2219,7.48863,,152.143,,226.6
2220,7.48949,,151.714,,226.6
2221,7.49034,,151.286,,226.6
2222,7.4912,,150.857,,226.6
2223,7.49206,,150.429,,226.6
2224,7.49292,,150,,226.6
2225,7.49326,,150,,226.6
2226,7.49379,,149.5,,226.567
2227,7.49432,,149,,226.533
2228,7.49485,,148.5,,226.5
2229,7.49539,,148,,226.467
2230,7.49592,,147.5,,226.433
2231,7.49645,,147,,226.4
2232,7.49893,,146.571,,226.314
2233,7.50142,,146.143,,226.229
2234,7.5039,,145.714,,226.143
2235,7.50639,,145.286,,226.057
2236,7.50887,,144.857,,225.971
2237,7.51136,,144.429,,225.886
2238,7.51384,,144,,225.8
2239,7.51736,,142.5,,225.7
2240,7.52088,,141,,225.6
2241,7.52437,,140,,225.467
2242,7.52787,,139,,225.333
2243,7.53136,,138,,225.2
2244,7.53416,,138,,225.2
2245,7.53697,,138,,225.2
2246,7.53977,,138,,225.2
2247,7.54258,,138,,225.2
2248,7.54538,,138,,225.2
2249,7.54819,,138,,225.2
2250,7.55099,,138,,225.2
2251,7.5538,,138,,225.2
2252,7.55606,,138.222,,225.044
2253,7.55831,,138.444,,224.889
2254,7.56057,,138.667,,224.733
2255,7.56283,,138.889,,224.578
2256,7.56508,,139.111,,224.422
2257,7.56734,,139.333,,224.267
2258,7.5696,,139.556,,224.111
2259,7.57185,,139.778,,223.956
2260,7.57411,,140,,223.8
2261,7.57663,,140.333,,223.6
2262,7.57916,,140.667,,223.4
2263,7.58168,,141,,223.2
2264,7.58496,,141.286,,223.029
2265,7.58823,,141.571,,222.857
2266,7.59151,,141.857,,222.686
2267,7.59478,,142.143,,222.514
2268,7.59806,,142.429,,222.343
2269,7.60133,,142.714,,222.171
2270,7.60461,,143,,222
2271,7.60801,,143.167,,221.833
2272,7.6114,,143.333,,221.667
2273,7.6148,,143.5,,221.5
2274,7.6182,,143.667,,221.333
2275,7.62159,,143.833,,221.167
2276,7.62499,,144,,221
2277,7.63024,,144.25,,221.05
2278,7.63549,,144.5,,221.1
2279,7.64074,,144.75,,221.15
2280,7.64599,,145,,221.2
2281,7.65121,,145,,221.3
2282,7.65644,,145,,221.4
2283,7.66166,,145,,221.5
2284,7.66688,,145,,221.6
2285,7.67067,,145,,221.633
2286,7.67447,,145,,221.667
2287,7.67826,,145,,221.7
2288,7.68205,,145,,221.733
2289,7.68585,,145,,221.767
2290,7.68964,,145,,221.8
2291,7.69348,,144.833,,222.133
2292,7.69732,,144.667,,222.467
2293,7.70117,,144.5,,222.8
2294,7.70501,,144.333,,223.133
2295,7.70885,,144.167,,223.467
2296,7.71269,,144,,223.8
2297,7.71615,,144,,224.033
2298,7.71962,,144,,224.267
2299,7.72308,,144,,224.5
2300,7.72655,,144,,224.733
2301,7.73001,,144,,224.967
2302,7.73348,,144,,225.2
2303,7.73721,,144.333,,225.233
2304,7.74095,,144.667,,225.267
2305,7.74468,,145,,225.3
2306,7.74841,,145.333,,225.333
2307,7.75215,,145.667,,225.367
2308,7.75588,,146,,225.4
2309,7.75974,,146.333,,225.467
2310,7.76361,,146.667,,225.533
2311,7.76747,,147,,225.6
2312,7.77134,,147.333,,225.667
2313,7.7752,,147.667,,225.733
2314,7.77907,,148,,225.8
2315,7.78333,,148.4,,226.04
2316,7.78759,,148.8,,226.28
2317,7.79185,,149.2,,226.52
2318,7.79611,,149.6,,226.76
2319,7.80037,,150,,227
2320,7.8042,,150.167,,226.9
2321,7.80802,,150.333,,226.8
2322,7.81184,,150.5,,226.7
2323,7.81567,,150.667,,226.6
2324,7.81949,,150.833,,226.5
2325,7.82332,,151,,226.4
2326,7.82537,,151,,226.4
2327,7.82742,,151,,226.4
2328,7.82946,,151,,226.4
2329,7.83151,,151,,226.4
2330,7.83356,,151,,226.4
2331,7.83561,,151,,226.4
2332,7.83766,,151,,226.4
2333,7.8397,,151,,226.4
2334,7.84175,,151,,226.4
2335,7.8438,,151,,226.4
2336,7.84731,,151.167,,226.233
2337,7.85083,,151.333,,226.067
2338,7.85434,,151.5,,225.9
2339,7.85785,,151.667,,225.733
2340,7.86137,,151.833,,225.567
2341,7.86488,,152,,225.4
2342,7.86889,,152.4,,225.32
2343,7.8729,,152.8,,225.24
2344,7.8769,,153.2,,225.16
2345,7.88091,,153.6,,225.08
2346,7.88492,,154,,225
2347,7.88912,,154.2,,225.04
2348,7.89332,,154.4,,225.08
2349,7.89753,,154.6,,225.12
2350,7.90173,,154.8,,225.16
2351,7.90593,,155,,225.2
2352,7.91023,,155.2,,225.2
2353,7.91452,,155.4,,225.2
2354,7.91882,,155.6,,225.2
2355,7.92311,,155.8,,225.2
2356,7.92741,,156,,225.2
2357,7.93154,,156.2,,225.2
2358,7.93568,,156.4,,225.2
2359,7.93981,,156.6,,225.2
2360,7.94395,,156.8,,225.2
2361,7.94808,,157,,225.2
2362,7.95167,,157,,225
2363,7.95525,,157,,224.8
2364,7.95883,,157,,224.6
2365,7.96242,,157,,224.4
2366,7.966,,157,,224.2
2367,7.96959,,157,,224
2368,7.97264,,157.143,,224.057
2369,7.97569,,157.286,,224.114
2370,7.97874,,157.429,,224.171
2371,7.9818,,157.571,,224.229
2372,7.98485,,157.714,,224.286
2373,7.9879,,157.857,,224.343
2374,7.99095,,158,,224.4
2375,7.99449,,158,,224.6
2376,7.99804,,158,,224.8
2377,8.00158,,158,,225
2378,8.00512,,158.167,,225.1
2379,8.00867,,158.333,,225.2
2380,8.01221,,158.5,,225.3
2381,8.01575,,158.667,,225.4
2382,8.0193,,158.833,,225.5
2383,8.02284,,159,,225.6
2384,8.02644,,159,,225.467
2385,8.03004,,159,,225.333
2386,8.03364,,159,,225.2
2387,8.03723,,159,,225.067
2388,8.04083,,159,,224.933
2389,8.04443,,159,,224.8
2390,8.04765,,159.143,,224.714
2391,8.05087,,159.286,,224.629
2392,8.05409,,159.429,,224.543
2393,8.05732,,159.571,,224.457
2394,8.06054,,159.714,,224.371
2395,8.06376,,159.857,,224.286
2396,8.06698,,160,,224.2
2397,8.0701,,159.857,,224.286
2398,8.07322,,159.714,,224.371
2399,8.07634,,159.571,,224.457
2400,8.07946,,159.429,,224.543
2401,8.08258,,159.286,,224.629
2402,8.0857,,159.143,,224.714
2403,8.08882,,159,,224.8
2404,8.09227,,159,,225.067
2405,8.09572,,159,,225.333
2406,8.09917,,159,,225.6
2407,8.10262,,159,,225.867
2408,8.10607,,159,,226.133
2409,8.10952,,159,,226.4
2410,8.11304,,159,,226.667
2411,8.11655,,159,,226.933
2412,8.12007,,159,,227.2
2413,8.12359,,159,,227.467
2414,8.1271,,159,,227.733
2415,8.13062,,159,,228
2416,8.1343,,159,,228.2
2417,8.13799,,159,,228.4
2418,8.14167,,159,,228.6
2419,8.14535,,159,,228.8
2420,8.14904,,159,,229
2421,8.15272,,159,,229.2
2422,8.15585,,158.857,,229.257
2423,8.15897,,158.714,,229.314
2424,8.1621,,158.571,,229.371
2425,8.16522,,158.429,,229.429
2426,8.16835,,158.286,,229.486
2427,8.17147,,158.143,,229.543
2428,8.1746,,158,,229.6
2429,8.17763,,158.286,,229.6
2430,8.18065,,158.571,,229.6
2431,8.18368,,158.857,,229.6
2432,8.1867,,159.143,,229.6
2433,8.18973,,159.429,,229.6
2434,8.19275,,159.714,,229.6
2435,8.19578,,160,,229.6
2436,8.19871,,159.857,,229.686
2437,8.20165,,159.714,,229.771
2438,8.20458,,159.571,,229.857
2439,8.20752,,159.429,,229.943
2440,8.21045,,159.286,,230.029
2441,8.21339,,159.143,,230.114
2442,8.21632,,159,,230.2
2443,8.21954,,159.143,,230.4
2444,8.22277,,159.286,,230.6
2445,8.22599,,159.429,,230.8
2446,8.22921,,159.571,,231
2447,8.23243,,159.714,,231.2
2448,8.23566,,159.857,,231.4
2449,8.23888,,160,,231.6
2450,8.24167,,160,,231.829
2451,8.24447,,160,,232.057
2452,8.24726,,160,,232.286
2453,8.25006,,160,,232.514
2454,8.25285,,160,,232.743
2455,8.25565,,160,,232.971
2456,8.25844,,160,,233.2
2457,8.26071,,160.111,,233.356
2458,8.26297,,160.222,,233.511
2459,8.26524,,160.333,,233.667
2460,8.26751,,160.444,,233.822
2461,8.26977,,160.556,,233.978
2462,8.27204,,160.667,,234.133
2463,8.27431,,160.778,,234.289
2464,8.27657,,160.889,,234.444
2465,8.27884,,161,,234.6
2466,8.28093,,161.1,,234.74
2467,8.28303,,161.2,,234.88
2468,8.28512,,161.3,,235.02
2469,8.28722,,161.4,,235.16
2470,8.28931,,161.5,,235.3
2471,8.2914,,161.6,,235.44
2472,8.2935,,161.7,,235.58
2473,8.29559,,161.8,,235.72
2474,8.29769,,161.9,,235.86
2475,8.29978,,162,,236
2476,8.30286,,162.143,,236.114
2477,8.30593,,162.286,,236.229
2478,8.30901,,162.429,,236.343
2479,8.31208,,162.571,,236.457
2480,8.31516,,162.714,,236.571
2481,8.31823,,162.857,,236.686
2482,8.32131,,163,,236.8
2483,8.32449,,163,,236.829
2484,8.32767,,163,,236.857
2485,8.33085,,163,,236.886
2486,8.33402,,163,,236.914
2487,8.3372,,163,,236.943
2488,8.34038,,163,,236.971
2489,8.34356,,163,,237
2490,8.34664,,162.857,,237.029
2491,8.34971,,162.714,,237.057
2492,8.35279,,162.571,,237.086
2493,8.35586,,162.429,,237.114
2494,8.35894,,162.286,,237.143
2495,8.36201,,162.143,,237.171
2496,8.36509,,162,,237.2
2497,8.36845,,162,,237.167
2498,8.37181,,162,,237.133
2499,8.37517,,162,,237.1
2500,8.37853,,162,,237.067
2501,8.38189,,162,,237.033
2502,8.38525,,162,,237
2503,8.38969,,162,,236.96
2504,8.39413,,162,,236.92
2505,8.39857,,162,,236.88
2506,8.40301,,162,,236.84
2507,8.40745,,162,,236.8
2508,8.41214,,161.8,,236.72
2509,8.41684,,161.6,,236.64
2510,8.42153,,161.4,,236.56
2511,8.42623,,161.2,,236.48
2512,8.43092,,161,,236.4
2513,8.43498,,160.8,,236.36
2514,8.43904,,160.6,,236.32
2515,8.4431,,160.4,,236.28
2516,8.44716,,160.2,,236.24
2517,8.45122,,160,,236.2
2518,8.4547,,159.833,,236.167
2519,8.45819,,159.667,,236.133
2520,8.46167,,159.5,,236.1
2521,8.46515,,159.333,,236.067
2522,8.46864,,159.167,,236.033
2523,8.47212,,159,,236
2524,8.47535,,158.714,,235.914
2525,8.47858,,158.429,,235.829
2526,8.48181,,158.143,,235.743
2527,8.48504,,157.857,,235.657
2528,8.48827,,157.571,,235.571
2529,8.4915,,157.286,,235.486
2530,8.49473,,157,,235.4
2531,8.49858,,156.833,,235.233
2532,8.50242,,156.667,,235.067
2533,8.50627,,156.5,,234.9
2534,8.51011,,156.333,,234.733
2535,8.51395,,156.167,,234.567
2536,8.5178,,156,,234.4
2537,8.5224,,156,,234.24
2538,8.52701,,156,,234.08
2539,8.53161,,156,,233.92
2540,8.53622,,156,,233.76
2541,8.54082,,156,,233.6
2542,8.54494,,155.8,,233.4
2543,8.54905,,155.6,,233.2
2544,8.55317,,155.4,,233
2545,8.55728,,155.2,,232.8
2546,8.5614,,155,,232.6
2547,8.56542,,154.8,,232.32
2548,8.56943,,154.6,,232.04
2549,8.57345,,154.4,,231.76
2550,8.57746,,154.2,,231.48
2551,8.58148,,154,,231.2
2552,8.58499,,154.167,,230.967
2553,8.5885,,154.333,,230.733
2554,8.59201,,154.5,,230.5
2555,8.59552,,154.667,,230.267
2556,8.59903,,154.833,,230.033
2557,8.60254,,155,,229.8
2558,8.60554,,155,,229.657
2559,8.60853,,155,,229.514
2560,8.61153,,155,,229.371
2561,8.61453,,155,,229.229
2562,8.61753,,155,,229.086
2563,8.62052,,155,,228.943
2564,8.62352,,155,,228.8
2565,8.627,,154.833,,228.667
2566,8.63047,,154.667,,228.533
2567,8.63395,,154.5,,228.4
2568,8.63743,,154.333,,228.267
2569,8.6409,,154.167,,228.133
2570,8.64438,,154,,228
2571,8.64821,,153.833,,227.9
2572,8.65204,,153.667,,227.8
2573,8.65587,,153.5,,227.7
2574,8.65971,,153.333,,227.6
2575,8.66354,,153.167,,227.5
2576,8.66737,,153,,227.4
2577,8.67111,,152.833,,227.267
2578,8.67486,,152.667,,227.133
2579,8.6786,,152.5,,227
2580,8.68234,,152.333,,226.867
2581,8.68609,,152.167,,226.733
2582,8.68983,,152,,226.6
2583,8.69353,,152.167,,226.533
2584,8.69723,,152.333,,226.467
2585,8.70093,,152.5,,226.4
2586,8.70463,,152.667,,226.333
2587,8.70833,,152.833,,226.267
2588,8.71203,,153,,226.2
2589,8.71575,,153.167,,226.233
2590,8.71946,,153.333,,226.267
2591,8.72318,,153.5,,226.3
2592,8.72689,,153.667,,226.333
2593,8.73061,,153.833,,226.367
2594,8.73432,,154,,226.4
2595,8.73809,,154,,226.433
2596,8.74185,,154,,226.467
2597,8.74562,,154,,226.5
2598,8.74939,,154,,226.533
2599,8.75315,,154,,226.567
2600,8.75692,,154,,226.6
2601,8.7607,,154,,226.667
2602,8.76448,,154,,226.733
2603,8.76825,,154,,226.8
2604,8.77203,,154,,226.867
2605,8.77581,,154,,226.933
2606,8.77959,,154,,227
2607,8.78335,,154.167,,226.967
2608,8.78712,,154.333,,226.933
2609,8.79088,,154.5,,226.9
2610,8.79465,,154.667,,226.867
2611,8.79841,,154.833,,226.833
2612,8.80218,,155,,226.8
2613,8.80608,,155,,226.733
2614,8.80998,,155,,226.667
2615,8.81387,,155,,226.6
2616,8.81777,,155,,226.533
2617,8.82167,,155,,226.467
2618,8.82557,,155,,226.4
2619,8.82943,,155,,226.4
2620,8.83328,,155,,226.4
2621,8.83714,,155,,226.4
2622,8.841,,155,,226.4
2623,8.84485,,155,,226.4
2624,8.84871,,155,,226.4
2625,8.85258,,155.167,,226.367
2626,8.85645,,155.333,,226.333
2627,8.86031,,155.5,,226.3
2628,8.86418,,155.667,,226.267
2629,8.86805,,155.833,,226.233
2630,8.87192,,156,,226.2
2631,8.87519,,156.143,,226.2
2632,8.87846,,156.286,,226.2
2633,8.88173,,156.429,,226.2
2634,8.88499,,156.571,,226.2
2635,8.88826,,156.714,,226.2
2636,8.89153,,156.857,,226.2
2637,8.8948,,157,,226.2
2638,8.89886,,157.2,,226.16
2639,8.90293,,157.4,,226.12
2640,8.90699,,157.6,,226.08
2641,8.91106,,157.8,,226.04
2642,8.91512,,158,,226
2643,8.91903,,158,,226.1
2644,8.92293,,158,,226.2
2645,8.92683,,158,,226.3
2646,8.93074,,158,,226.4
2647,8.93464,,158,,226.5
2648,8.93855,,158,,226.6
2649,8.94168,,157.857,,226.714
2650,8.94482,,157.714,,226.829
2651,8.94795,,157.571,,226.943
2652,8.95109,,157.429,,227.057
2653,8.95422,,157.286,,227.171
2654,8.95736,,157.143,,227.286
2655,8.96049,,157,,227.4
2656,8.96439,,157,,227.3
2657,8.96828,,157,,227.2
2658,8.97218,,157,,227.1
2659,8.97608,,157,,227
2660,8.97997,,157,,226.9
2661,8.98387,,157,,226.8
2662,8.98683,,157,,226.6
2663,8.98978,,157,,226.4
2664,8.99274,,157,,226.2
2665,8.9957,,157,,226
2666,8.99865,,157,,225.8
2667,9.00161,,157,,225.6
2668,9.00523,,157.2,,225.4
2669,9.00885,,157.4,,225.2
2670,9.01247,,157.6,,225
2671,9.01609,,157.8,,224.8
2672,9.01971,,158,,224.6
2673,9.02277,,158.143,,224.571
2674,9.02583,,158.286,,224.543
2675,9.02889,,158.429,,224.514
2676,9.03196,,158.571,,224.486
2677,9.03502,,158.714,,224.457
2678,9.03808,,158.857,,224.429
2679,9.04114,,159,,224.4
2680,9.04458,,159,,224.5
2681,9.04802,,159,,224.6
2682,9.05146,,159,,224.7
2683,9.0549,,159,,224.8
2684,9.05834,,159,,224.9
2685,9.06178,,159,,225
2686,9.06543,,158.833,,225.1
2687,9.06908,,158.667,,225.2
2688,9.07273,,158.5,,225.3
2689,9.07637,,158.333,,225.4
2690,9.08002,,158.167,,225.5
2691,9.08367,,158,,225.6
2692,9.08798,,157.8,,225.68
2693,9.0923,,157.6,,225.76
2694,9.09661,,157.4,,225.84
2695,9.10093,,157.2,,225.92
2696,9.10524,,157,,226
2697,9.10988,,157.2,,225.92
2698,9.11451,,157.4,,225.84
2699,9.11915,,157.6,,225.76
2700,9.12378,,157.8,,225.68
2701,9.12842,,158,,225.6
2702,9.13218,,158,,225.433
2703,9.13593,,158,,225.267
2704,9.13969,,158,,225.1
2705,9.14345,,158,,224.933
2706,9.1472,,158,,224.767
2707,9.15096,,158,,224.6
2708,9.15432,,158.143,,224.429
2709,9.15768,,158.286,,224.257
2710,9.16104,,158.429,,224.086
2711,9.1644,,158.571,,223.914
2712,9.16776,,158.714,,223.743
2713,9.17112,,158.857,,223.571
2714,9.17448,,159,,223.4
2715,9.17815,,159,,223.4
2716,9.18182,,159,,223.4
2717,9.1855,,159,,223.4
2718,9.18917,,159,,223.4
2719,9.19284,,159,,223.4
2720,9.19651,,159,,223.4
2721,9.19879,,159,,223.543
2722,9.20107,,159,,223.686
2723,9.20335,,159,,223.829
2724,9.20564,,159,,223.971
2725,9.20792,,159,,224.114
2726,9.2102,,159,,224.257
2727,9.21248,,159,,224.4
2728,9.21474,,159.111,,224.511
2729,9.217,,159.222,,224.622
2730,9.21926,,159.333,,224.733
2731,9.22152,,159.444,,224.844
2732,9.22378,,159.556,,224.956
2733,9.22604,,159.667,,225.067
2734,9.2283,,159.778,,225.178
2735,9.23056,,159.889,,225.289
2736,9.23282,,160,,225.4
2737,9.2359,,160,,225.571
2738,9.23899,,160,,225.743
2739,9.24207,,160,,225.914
2740,9.24516,,160,,226.086
2741,9.24824,,160,,226.257
2742,9.25133,,160,,226.429
2743,9.25441,,160,,226.6
2744,9.25944,,159.8,,226.6
2745,9.26447,,159.6,,226.6
2746,9.26951,,159.4,,226.6
2747,9.27454,,159.2,,226.6
2748,9.27957,,159,,226.6
2749,9.28733,,159,,226.467
2750,9.29509,,159,,226.333
2751,9.30285,,159,,226.2
2752,9.30938,,159,,226.05
2753,9.3159,,159,,225.9
2754,9.32243,,159,,225.75
2755,9.32896,,159,,225.6
2756,9.33573,,159,,225.533
2757,9.34249,,159,,225.467
2758,9.34926,,159,,225.4
2759,9.3549,,159,,225.2
2760,9.36055,,159,,225
2761,9.36619,,159,,224.8
2762,9.37184,,159,,224.6
2763,9.37599,,159.2,,224.48
2764,9.38014,,159.4,,224.36
2765,9.38428,,159.6,,224.24
2766,9.38843,,159.8,,224.12
2767,9.39258,,160,,224
2768,9.39619,,160.167,,223.9
2769,9.39981,,160.333,,223.8
2770,9.40342,,160.5,,223.7
2771,9.40704,,160.667,,223.6
2772,9.41065,,160.833,,223.5
2773,9.41427,,161,,223.4
2774,9.41748,,160.857,,223.314
2775,9.4207,,160.714,,223.229
2776,9.42391,,160.571,,223.143
2777,9.42712,,160.429,,223.057
2778,9.43033,,160.286,,222.971
2779,9.43355,,160.143,,222.886
2780,9.43676,,160,,222.8
2781,9.43973,,160,,222.829
2782,9.44271,,160,,222.857
2783,9.44568,,160,,222.886
2784,9.44865,,160,,222.914
2785,9.45162,,160,,222.943
2786,9.4546,,160,,222.971
2787,9.45757,,160,,223
2788,9.46067,,160,,223.029
2789,9.46376,,160,,223.057
2790,9.46686,,160,,223.086
2791,9.46995,,160,,223.114
2792,9.47305,,160,,223.143
2793,9.47614,,160,,223.171
2794,9.47924,,160,,223.2
2795,9.48214,,160.125,,223.2
2796,9.48504,,160.25,,223.2
2797,9.48793,,160.375,,223.2
2798,9.49083,,160.5,,223.2
2799,9.49373,,160.625,,223.2
2800,9.49662,,160.75,,223.2
2801,9.49952,,160.875,,223.2
2802,9.50242,,161,,223.2
2803,9.5053,,161.143,,223.286
2804,9.50817,,161.286,,223.371
2805,9.51105,,161.429,,223.457
2806,9.51393,,161.571,,223.543
2807,9.51681,,161.714,,223.629
2808,9.51968,,161.857,,223.714
2809,9.52256,,162,,223.8
2810,9.52611,,161.833,,224.1
2811,9.52967,,161.667,,224.4
2812,9.53322,,161.5,,224.7
2813,9.53677,,161.333,,225
2814,9.54033,,161.167,,225.3
2815,9.54388,,161,,225.6
2816,9.54794,,161,,225.88
2817,9.55199,,161,,226.16
2818,9.55605,,161,,226.44
2819,9.5601,,161,,226.72
2820,9.56416,,161,,227
2821,9.56816,,160.8,,227.04
2822,9.57216,,160.6,,227.08
2823,9.57617,,160.4,,227.12
2824,9.58017,,160.2,,227.16
2825,9.58417,,160,,227.2
2826,9.588,,160,,227.133
2827,9.59183,,160,,227.067
2828,9.59565,,160,,227
2829,9.59948,,160,,226.933
2830,9.60331,,160,,226.867
2831,9.60714,,160,,226.8
2832,9.61105,,160.167,,226.633
2833,9.61497,,160.333,,226.467
2834,9.61888,,160.5,,226.3
2835,9.6228,,160.667,,226.133
2836,9.62671,,160.833,,225.967
2837,9.63063,,161,,225.8
2838,9.63544,,161.2,,225.76
2839,9.64025,,161.4,,225.72
2840,9.64507,,161.6,,225.68
2841,9.64988,,161.8,,225.64
2842,9.65469,,162,,225.6
2843,9.65881,,162,,225.8
2844,9.66293,,162,,226
2845,9.66705,,162,,226.2
2846,9.67117,,162,,226.4
2847,9.67529,,162,,226.6
2848,9.67893,,161.833,,226.733
2849,9.68257,,161.667,,226.867
2850,9.68621,,161.5,,227
2851,9.68985,,161.333,,227.133
2852,9.69349,,161.167,,227.267
2853,9.69713,,161,,227.4
2854,9.69961,,160.889,,227.533
2855,9.7021,,160.778,,227.667
2856,9.70458,,160.667,,227.8
2857,9.70707,,160.556,,227.933
2858,9.70955,,160.444,,228.067
2859,9.71204,,160.333,,228.2
2860,9.71452,,160.222,,228.333
2861,9.71701,,160.111,,228.467
2862,9.71949,,160,,228.6
2863,9.72528,,160,,228.4
2864,9.73108,,160,,228.2
2865,9.73687,,160,,228
2866,9.74266,,160,,227.8
2867,9.74493,,160,,227.6
2868,9.74714,,160.125,,227.525
2869,9.74935,,160.25,,227.45
2870,9.75156,,160.375,,227.375
2871,9.75377,,160.5,,227.3
2872,9.75599,,160.625,,227.225
2873,9.7582,,160.75,,227.15
2874,9.76041,,160.875,,227.075
2875,9.76262,,161,,227
2876,9.76521,,160.875,,226.85
2877,9.7678,,160.75,,226.7
2878,9.77039,,160.625,,226.55
2879,9.77298,,160.5,,226.4
2880,9.77556,,160.375,,226.25
2881,9.77815,,160.25,,226.1
2882,9.78074,,160.125,,225.95
2883,9.78333,,160,,225.8
2884,9.78662,,160.143,,225.6
2885,9.7899,,160.286,,225.4
2886,9.79319,,160.429,,225.2
2887,9.79648,,160.571,,225
2888,9.79977,,160.714,,224.8
2889,9.80305,,160.857,,224.6
2890,9.80634,,161,,224.4
2891,9.81077,,160.8,,224.24
2892,9.8152,,160.6,,224.08
2893,9.81964,,160.4,,223.92
2894,9.82407,,160.2,,223.76
2895,9.8285,,160,,223.6
2896,9.83126,,159.6,,223.52
2897,9.83401,,159.2,,223.44
2898,9.83677,,158.8,,223.36
2899,9.83952,,158.4,,223.28
2900,9.84228,,158,,223.2
2901,9.84398,,158,,223.1
2902,9.84568,,158,,223
2903,9.84774,,158,,222.92
2904,9.84981,,158,,222.84
2905,9.85187,,158,,222.76
2906,9.85393,,158,,222.68
2907,9.85599,,158,,222.6
2908,9.85806,,158,,222.52
2909,9.86012,,158,,222.44
2910,9.86218,,158,,222.36
2911,9.86425,,158,,222.28
2912,9.86631,,158,,222.2
2913,9.86918,,158.125,,222.175
2914,9.87204,,158.25,,222.15
2915,9.87491,,158.375,,222.125
2916,9.87778,,158.5,,222.1
2917,9.88065,,158.625,,222.075
2918,9.88351,,158.75,,222.05
2919,9.88638,,158.875,,222.025
2920,9.88925,,159,,222
2921,9.89204,,159.125,,222
2922,9.89482,,159.25,,222
2923,9.89761,,159.375,,222
2924,9.90039,,159.5,,222
2925,9.90318,,159.625,,222
2926,9.90596,,159.75,,222
2927,9.90875,,159.875,,222
2928,9.91153,,160,,222
2929,9.91497,,160.333,,222.133
2930,9.91842,,160.667,,222.267
2931,9.92186,,161,,222.4
2932,9.9253,,161.333,,222.533
2933,9.92875,,161.667,,222.667
2934,9.93219,,162,,222.8
2935,9.93584,,162.167,,222.9
2936,9.93949,,162.333,,223
2937,9.94315,,162.5,,223.1
2938,9.9468,,162.667,,223.2
2939,9.95045,,162.833,,223.3
2940,9.9541,,163,,223.4
2941,9.95721,,163.143,,223.514
2942,9.96031,,163.286,,223.629
2943,9.96342,,163.429,,223.743
2944,9.96652,,163.571,,223.857
2945,9.96963,,163.714,,223.971
2946,9.97273,,163.857,,224.086
2947,9.97584,,164,,224.2
2948,9.98007,,164.2,,224.44
2949,9.9843,,164.4,,224.68
2950,9.98852,,164.6,,224.92
2951,9.99275,,164.8,,225.16
2952,9.99698,,165,,225.4
2953,10.0005,,166,,225.6
2954,10.0021,,165,,225.8
2955,10.0051,,165.5,,226
2956,10.0081,,166,,226.2
