secs,km,power,hr,cad,alt
0,0,,81,,0
1,0,,82,,0
2,0,,82.75,,0
3,0,,83.5,,0
4,0,,84.25,,0
5,0,,85,,0
6,0,,86,,0
7,0,,87,,0
8,0,,88,,0
9,0.00294333,,89,,0
10,0.00588667,,90,,0
11,0.00883,,91,,0
12,0.011392,,91.6,,0
13,0.013954,,92.2,,0
14,0.016516,,92.8,,0
15,0.019078,,93.4,,0
16,0.02164,,94,,0
17,0.02363,,95,,0
18,0.02562,,96,,0
19,0.02761,,97,,0
20,0.0296767,,98,,0
21,0.0317433,,99,,0
22,0.03381,,100,,0
23,0.03616,,101.5,,0
24,0.03851,,103,,0
25,0.04101,,104,,0
26,0.04351,,105,,0
27,0.04601,,106,,0
28,0.0486167,,107,,0
29,0.0512233,,108,,0
30,0.05383,,109,,0
31,0.0565075,,109.75,,0
32,0.059185,,110.5,,0
33,0.0618625,,111.25,,0
34,0.06454,,112,,0
35,0.0673225,,112.25,,0
36,0.070105,,112.5,,0
37,0.0728875,,112.75,,0
38,0.07567,,113,,0
39,0.0784525,,113.25,,0
40,0.081235,,113.5,,0
41,0.0840175,,113.75,,0
42,0.0868,,114,,0
43,0.08967,,114.286,,0
44,0.09254,,114.571,,0
45,0.09541,,114.857,,0
46,0.09828,,115.143,,0
47,0.10115,,115.429,,0
48,0.10402,,115.714,,0
49,0.10689,,116,,0
50,0.109814,,116.286,,0
51,0.112739,,116.571,,0
52,0.115663,,116.857,,0
53,0.118587,,117.143,,0
54,0.121511,,117.429,,0
55,0.124436,,117.714,,0
56,0.12736,,118,,0
57,0.130324,,118.6,,0
58,0.133288,,119.2,,0
59,0.136252,,119.8,,0
60,0.139216,,120.4,,0
61,0.14218,,121,,0
62,0.14516,,121,,0
63,0.14814,,121,,0
64,0.15112,,121,,0
65,0.1541,,121,,0
66,0.15708,,121,,0
67,0.16006,,121,,0
68,0.16304,,121,,0
69,0.166018,,120.75,,10.45
70,0.168995,,120.5,,20.9
71,0.171973,,120.25,,31.35
72,0.17495,,120,,41.8
73,0.177055,,119.8,,44
74,0.17916,,119.6,,46.2
75,0.181265,,119.4,,48.4
76,0.18337,,119.2,,50.6
77,0.185475,,119,,52.8
78,0.18758,,118.8,,55
79,0.189685,,118.6,,57.2
80,0.19179,,118.4,,59.4
81,0.193895,,118.2,,61.6
82,0.196,,118,,63.8
83,0.198107,,118.2,,64.22
84,0.200214,,118.4,,64.64
85,0.202321,,118.6,,65.06
86,0.204428,,118.8,,65.48
87,0.206535,,119,,65.9
88,0.208642,,119.2,,66.32
89,0.210749,,119.4,,66.74
90,0.212856,,119.6,,67.16
91,0.214963,,119.8,,67.58
92,0.21707,,120,,68
93,0.219499,,120.222,,68.0889
94,0.221928,,120.444,,68.1778
95,0.224357,,120.667,,68.2667
96,0.226786,,120.889,,68.3556
97,0.229214,,121.111,,68.4444
98,0.231643,,121.333,,68.5333
99,0.234072,,121.556,,68.6222
100,0.236501,,121.778,,68.7111
101,0.23893,,122,,68.8
102,0.240947,,122.333,,67.6667
103,0.242963,,122.667,,66.5333
104,0.24498,,123,,65.4
105,0.24768,,122.75,,65.175
106,0.25038,,122.5,,64.95
107,0.25308,,122.25,,64.725
108,0.25578,,122,,64.5
109,0.25848,,121.75,,64.275
110,0.26118,,121.5,,64.05
111,0.26388,,121.25,,63.825
112,0.26658,,121,,63.6
113,0.269053,,121,,63.6
114,0.271527,,121,,63.6
115,0.274,,121,,63.6
116,0.276473,,121,,63.6
117,0.278947,,121,,63.6
118,0.28142,,121,,63.6
119,0.283893,,121,,63.6
120,0.286367,,121,,63.6
121,0.28884,,121,,63.6
122,0.291029,,121.1,,63.4
123,0.293218,,121.2,,63.2
124,0.295407,,121.3,,63
125,0.297596,,121.4,,62.8
126,0.299785,,121.5,,62.6
127,0.301974,,121.6,,62.4
128,0.304163,,121.7,,62.2
129,0.306352,,121.8,,62
130,0.308541,,121.9,,61.8
131,0.31073,,122,,61.6
132,0.313614,,122.143,,61.6286
133,0.316499,,122.286,,61.6571
134,0.319383,,122.429,,61.6857
135,0.322267,,122.571,,61.7143
136,0.325151,,122.714,,61.7429
137,0.328036,,122.857,,61.7714
138,0.33092,,123,,61.8
139,0.333923,,123.143,,61.8286
140,0.336926,,123.286,,61.8571
141,0.339929,,123.429,,61.8857
142,0.342931,,123.571,,61.9143
143,0.345934,,123.714,,61.9429
144,0.348937,,123.857,,61.9714
145,0.35194,,124,,62
146,0.354611,,123.625,,62.1
147,0.357283,,123.25,,62.2
148,0.359954,,122.875,,62.3
149,0.362625,,122.5,,62.4
150,0.365296,,122.125,,62.5
151,0.367968,,121.75,,62.6
152,0.370639,,121.375,,62.7
153,0.37331,,121,,62.8
154,0.376427,,120.857,,62.5714
155,0.379544,,120.714,,62.3429
156,0.382661,,120.571,,62.1143
157,0.385779,,120.429,,61.8857
158,0.388896,,120.286,,61.6571
159,0.392013,,120.143,,61.4286
160,0.39513,,120,,61.2
161,0.397719,,120.375,,60.85
162,0.400307,,120.75,,60.5
163,0.402896,,121.125,,60.15
164,0.405485,,121.5,,59.8
165,0.408074,,121.875,,59.45
166,0.410662,,122.25,,59.1
167,0.413251,,122.625,,58.75
168,0.41584,,123,,58.4
169,0.417983,,123.1,,57.84
170,0.420126,,123.2,,57.28
171,0.422269,,123.3,,56.72
172,0.424412,,123.4,,56.16
173,0.426555,,123.5,,55.6
174,0.428698,,123.6,,55.04
175,0.430841,,123.7,,54.48
176,0.432984,,123.8,,53.92
177,0.435127,,123.9,,53.36
178,0.43727,,124,,52.8
179,0.439063,,124.25,,52.25
180,0.440855,,124.5,,51.7
181,0.442647,,124.75,,51.15
182,0.44444,,125,,50.6
183,0.445905,,124.75,,50.05
184,0.44737,,124.5,,49.5
185,0.448835,,124.25,,48.95
186,0.4503,,124,,48.4
187,0.45218,,124.091,,48.5636
188,0.45406,,124.182,,48.7273
189,0.45594,,124.273,,48.8909
190,0.45782,,124.364,,49.0545
191,0.4597,,124.455,,49.2182
192,0.46158,,124.545,,49.3818
193,0.46346,,124.636,,49.5455
194,0.46534,,124.727,,49.7091
195,0.46722,,124.818,,49.8727
196,0.4691,,124.909,,50.0364
197,0.47098,,125,,50.2
198,0.473378,,124.778,,50.8444
199,0.475776,,124.556,,51.4889
200,0.478173,,124.333,,52.1333
201,0.480571,,124.111,,52.7778
202,0.482969,,123.889,,53.4222
203,0.485367,,123.667,,54.0667
204,0.487764,,123.444,,54.7111
205,0.490162,,123.222,,55.3556
206,0.49256,,123,,56
207,0.495069,,123.125,,56.5
208,0.497578,,123.25,,57
209,0.500086,,123.375,,57.5
210,0.502595,,123.5,,58
211,0.505104,,123.625,,58.5
212,0.507613,,123.75,,59
213,0.510121,,123.875,,59.5
214,0.51263,,124,,60
215,0.515471,,124,,60.15
216,0.518313,,124,,60.3
217,0.521154,,124,,60.45
218,0.523995,,124,,60.6
219,0.526836,,124,,60.75
220,0.529678,,124,,60.9
221,0.532519,,124,,61.05
222,0.53536,,124,,61.2
223,0.53864,,124.75,,61.15
224,0.54192,,125.5,,61.1
225,0.5452,,126.25,,61.05
226,0.54848,,127,,61
227,0.551424,,127.6,,60.64
228,0.554368,,128.2,,60.28
229,0.557312,,128.8,,59.92
230,0.560256,,129.4,,59.56
231,0.5632,,130,,59.2
232,0.566377,,129.857,,59.0571
233,0.569554,,129.714,,58.9143
234,0.572731,,129.571,,58.7714
235,0.575909,,129.429,,58.6286
236,0.579086,,129.286,,58.4857
237,0.582263,,129.143,,58.3429
238,0.58544,,129,,58.2
239,0.58859,,128.714,,57.8571
240,0.59174,,128.429,,57.5143
241,0.59489,,128.143,,57.1714
242,0.59804,,127.857,,56.8286
243,0.60119,,127.571,,56.4857
244,0.60434,,127.286,,56.1429
245,0.60749,,127,,55.8
246,0.610631,,127.286,,54.9143
247,0.613773,,127.571,,54.0286
248,0.616914,,127.857,,53.1429
249,0.620056,,128.143,,52.2571
250,0.623197,,128.429,,51.3714
251,0.626339,,128.714,,50.4857
252,0.62948,,129,,49.6
253,0.632429,,129.429,,48.4
254,0.635377,,129.857,,47.2
255,0.638326,,130.286,,46
256,0.641274,,130.714,,44.8
257,0.644223,,131.143,,43.6
258,0.647171,,131.571,,42.4
259,0.65012,,132,,41.2
260,0.652655,,132,,40.825
261,0.65519,,132,,40.45
262,0.657725,,132,,40.075
263,0.66026,,132,,39.7
264,0.662795,,132,,39.325
265,0.66533,,132,,38.95
266,0.667865,,132,,38.575
267,0.6704,,132,,38.2
268,0.673176,,132,,37.85
269,0.675952,,132,,37.5
270,0.678729,,132,,37.15
271,0.681505,,132,,36.8
272,0.684281,,132,,36.45
273,0.687058,,132,,36.1
274,0.689834,,132,,35.75
275,0.69261,,132,,35.4
276,0.695511,,132,,35.1143
277,0.698413,,132,,34.8286
278,0.701314,,132,,34.5429
279,0.704216,,132,,34.2571
280,0.707117,,132,,33.9714
281,0.710019,,132,,33.6857
282,0.71292,,132,,33.4
283,0.715555,,132.25,,33.25
284,0.71819,,132.5,,33.1
285,0.720825,,132.75,,32.95
286,0.72346,,133,,32.8
287,0.726095,,133.25,,32.65
288,0.72873,,133.5,,32.5
289,0.731365,,133.75,,32.35
290,0.734,,134,,32.2
291,0.736705,,133.625,,32.15
292,0.73941,,133.25,,32.1
293,0.742115,,132.875,,32.05
294,0.74482,,132.5,,32
295,0.747525,,132.125,,31.95
296,0.75023,,131.75,,31.9
297,0.752935,,131.375,,31.85
298,0.75564,,131,,31.8
299,0.758302,,130.75,,31.85
300,0.760965,,130.5,,31.9
301,0.763628,,130.25,,31.95
302,0.76629,,130,,32
303,0.768952,,129.75,,32.05
304,0.771615,,129.5,,32.1
305,0.774277,,129.25,,32.15
306,0.77694,,129,,32.2
307,0.779658,,129.25,,32.425
308,0.782375,,129.5,,32.65
309,0.785092,,129.75,,32.875
310,0.78781,,130,,33.1
311,0.790528,,130.25,,33.325
312,0.793245,,130.5,,33.55
313,0.795963,,130.75,,33.775
314,0.79868,,131,,34
315,0.801253,,131.75,,34.1
316,0.803825,,132.5,,34.2
317,0.806397,,133.25,,34.3
318,0.80897,,134,,34.4
319,0.811847,,134.5,,34.3667
320,0.814723,,135,,34.3333
321,0.8176,,135.5,,34.3
322,0.820477,,136,,34.2667
323,0.823353,,136.5,,34.2333
324,0.82623,,137,,34.2
325,0.829093,,136.714,,34.2286
326,0.831956,,136.429,,34.2571
327,0.834819,,136.143,,34.2857
328,0.837681,,135.857,,34.3143
329,0.840544,,135.571,,34.3429
330,0.843407,,135.286,,34.3714
331,0.84627,,135,,34.4
332,0.849132,,134.75,,34.5
333,0.851995,,134.5,,34.6
334,0.854857,,134.25,,34.7
335,0.85772,,134,,34.8
336,0.860583,,133.75,,34.9
337,0.863445,,133.5,,35
338,0.866308,,133.25,,35.1
339,0.86917,,133,,35.2
340,0.87212,,132.857,,35.4286
341,0.87507,,132.714,,35.6571
342,0.87802,,132.571,,35.8857
343,0.88097,,132.429,,36.1143
344,0.88392,,132.286,,36.3429
345,0.88687,,132.143,,36.5714
346,0.88982,,132,,36.8
347,0.893127,,132,,36.7714
348,0.896434,,132,,36.7429
349,0.899741,,132,,36.7143
350,0.903049,,132,,36.6857
351,0.906356,,132,,36.6571
352,0.909663,,132,,36.6286
353,0.91297,,132,,36.6
354,0.916186,,132,,36.3143
355,0.919401,,132,,36.0286
356,0.922617,,132,,35.7429
357,0.925833,,132,,35.4571
358,0.929049,,132,,35.1714
359,0.932264,,132,,34.8857
360,0.93548,,132,,34.6
361,0.938584,,131.857,,34.6
362,0.941689,,131.714,,34.6
363,0.944793,,131.571,,34.6
364,0.947897,,131.429,,34.6
365,0.951001,,131.286,,34.6
366,0.954106,,131.143,,34.6
367,0.95721,,131,,34.6
368,0.960194,,130.857,,34.5714
369,0.963179,,130.714,,34.5429
370,0.966163,,130.571,,34.5143
371,0.969147,,130.429,,34.4857
372,0.972131,,130.286,,34.4571
373,0.975116,,130.143,,34.4286
374,0.9781,,130,,34.4
375,0.980562,,130,,34.4444
376,0.983024,,130,,34.4889
377,0.985487,,130,,34.5333
378,0.987949,,130,,34.5778
379,0.990411,,130,,34.6222
380,0.992873,,130,,34.6667
381,0.995336,,130,,34.7111
382,0.997798,,130,,34.7556
383,1.00026,,130,,34.8
384,1.00313,,130.143,,34.8857
385,1.006,,130.286,,34.9714
386,1.00887,,130.429,,35.0571
387,1.01174,,130.571,,35.1429
388,1.01461,,130.714,,35.2286
389,1.01748,,130.857,,35.3143
390,1.02035,,131,,35.4
391,1.02311,,131.125,,35.375
392,1.02587,,131.25,,35.35
393,1.02862,,131.375,,35.325
394,1.03138,,131.5,,35.3
395,1.03414,,131.625,,35.275
396,1.0369,,131.75,,35.25
397,1.03965,,131.875,,35.225
398,1.04241,,132,,35.2
399,1.04518,,131.875,,34.85
400,1.04796,,131.75,,34.5
401,1.05073,,131.625,,34.15
402,1.0535,,131.5,,33.8
403,1.05628,,131.375,,33.45
404,1.05905,,131.25,,33.1
405,1.06183,,131.125,,32.75
406,1.0646,,131,,32.4
407,1.06747,,130.875,,32.575
408,1.07035,,130.75,,32.75
409,1.07322,,130.625,,32.925
410,1.07609,,130.5,,33.1
411,1.07896,,130.375,,33.275
412,1.08183,,130.25,,33.45
413,1.08471,,130.125,,33.625
414,1.08758,,130,,33.8
415,1.09059,,130,,33.7143
416,1.0936,,130,,33.6286
417,1.09661,,130,,33.5429
418,1.09963,,130,,33.4571
419,1.10264,,130,,33.3714
420,1.10565,,130,,33.2857
421,1.10866,,130,,33.2
422,1.11167,,130,,33.3143
423,1.11468,,130,,33.4286
424,1.11769,,130,,33.5429
425,1.1207,,130,,33.6571
426,1.12371,,130,,33.7714
427,1.12672,,130,,33.8857
428,1.12973,,130,,34
429,1.13289,,130.286,,34
430,1.13604,,130.571,,34
431,1.1392,,130.857,,34
432,1.14236,,131.143,,34
433,1.14552,,131.429,,34
434,1.14867,,131.714,,34
435,1.15183,,132,,34
436,1.15474,,132.125,,33.7
437,1.15765,,132.25,,33.4
438,1.16057,,132.375,,33.1
439,1.16348,,132.5,,32.8
440,1.16639,,132.625,,32.5
441,1.16931,,132.75,,32.2
442,1.17222,,132.875,,31.9
443,1.17513,,133,,31.6
444,1.17801,,133,,31.4571
445,1.18089,,133,,31.3143
446,1.18377,,133,,31.1714
447,1.18665,,133,,31.0286
448,1.18953,,133,,30.8857
449,1.19241,,133,,30.7429
450,1.19529,,133,,30.6
451,1.19809,,132.75,,30.475
452,1.20089,,132.5,,30.35
453,1.20369,,132.25,,30.225
454,1.20649,,132,,30.1
455,1.20928,,131.75,,29.975
456,1.21208,,131.5,,29.85
457,1.21488,,131.25,,29.725
458,1.21768,,131,,29.6
459,1.22066,,131.143,,28.7714
460,1.22363,,131.286,,27.9429
461,1.22661,,131.429,,27.1143
462,1.22958,,131.571,,26.2857
463,1.23256,,131.714,,25.4571
464,1.23553,,131.857,,24.6286
465,1.23851,,132,,23.8
466,1.24149,,132,,24.4571
467,1.24448,,132,,25.1143
468,1.24746,,132,,25.7714
469,1.25045,,132,,26.4286
470,1.25343,,132,,27.0857
471,1.25642,,132,,27.7429
472,1.2594,,132,,28.4
473,1.26271,,132.143,,29.6
474,1.26601,,132.286,,30.8
475,1.26932,,132.429,,32
476,1.27263,,132.571,,33.2
477,1.27594,,132.714,,34.4
478,1.27924,,132.857,,35.6
479,1.28255,,133,,36.8
480,1.28564,,133.143,,36.8857
481,1.28872,,133.286,,36.9714
482,1.29181,,133.429,,37.0571
483,1.29489,,133.571,,37.1429
484,1.29798,,133.714,,37.2286
485,1.30106,,133.857,,37.3143
486,1.30415,,134,,37.4
487,1.30666,,134,,37.4
488,1.30917,,134,,37.4
489,1.31168,,134,,37.4
490,1.31419,,134,,37.4
491,1.3167,,134,,37.4
492,1.31921,,134,,37.4
493,1.32172,,134,,37.4
494,1.32423,,134,,37.4
495,1.32671,,134.111,,37.1778
496,1.32919,,134.222,,36.9556
497,1.33167,,134.333,,36.7333
498,1.33415,,134.444,,36.5111
499,1.33664,,134.556,,36.2889
500,1.33912,,134.667,,36.0667
501,1.3416,,134.778,,35.8444
502,1.34408,,134.889,,35.6222
503,1.34656,,135,,35.4
504,1.34942,,135,,34.8
505,1.35227,,135,,34.2
506,1.35486,,135,,33.7
507,1.35746,,135,,33.2
508,1.36005,,135,,32.7
509,1.36264,,135,,32.2
510,1.3651,,135.111,,31.7778
511,1.36757,,135.222,,31.3556
512,1.37003,,135.333,,30.9333
513,1.3725,,135.444,,30.5111
514,1.37496,,135.556,,30.0889
515,1.37743,,135.667,,29.6667
516,1.37989,,135.778,,29.2444
517,1.38236,,135.889,,28.8222
518,1.38482,,136,,28.4
519,1.3877,,135.857,,27.9714
520,1.39058,,135.714,,27.5429
521,1.39346,,135.571,,27.1143
522,1.39633,,135.429,,26.6857
523,1.39921,,135.286,,26.2571
524,1.40209,,135.143,,25.8286
525,1.40497,,135,,25.4
526,1.40692,,135.429,,25.3714
527,1.40888,,135.857,,25.3429
528,1.41083,,136.286,,25.3143
529,1.41278,,136.714,,25.2857
530,1.41473,,137.143,,25.2571
531,1.41669,,137.571,,25.2286
532,1.41864,,138,,25.2
533,1.42034,,137.727,,25.2364
534,1.42204,,137.455,,25.2727
535,1.42373,,137.182,,25.3091
536,1.42543,,136.909,,25.3455
537,1.42713,,136.636,,25.3818
538,1.42883,,136.364,,25.4182
539,1.43053,,136.091,,25.4545
540,1.43223,,135.818,,25.4909
541,1.43392,,135.545,,25.5273
542,1.43562,,135.273,,25.5636
543,1.43732,,135,,25.6
544,1.43928,,134.625,,25.5
545,1.44125,,134.25,,25.4
546,1.44321,,133.875,,25.3
547,1.44518,,133.5,,25.2
548,1.44715,,133.125,,25.1
549,1.44911,,132.75,,25
550,1.45108,,132.375,,24.9
551,1.45304,,132,,24.8
552,1.45509,,131.7,,24.68
553,1.45714,,131.4,,24.56
554,1.45919,,131.1,,24.44
555,1.46124,,130.8,,24.32
556,1.4633,,130.5,,24.2
557,1.46535,,130.2,,24.08
558,1.4674,,129.9,,23.96
559,1.46945,,129.6,,23.84
560,1.4715,,129.3,,23.72
561,1.47355,,129,,23.6
562,1.47548,,128.5,,23.4333
563,1.47741,,128,,23.2667
564,1.47934,,127.5,,23.1
565,1.48128,,127,,22.9333
566,1.48321,,126.5,,22.7667
567,1.48514,,126,,22.6
568,1.48722,,126.1,,22.14
569,1.48929,,126.2,,21.68
570,1.49137,,126.3,,21.22
571,1.49344,,126.4,,20.76
572,1.49552,,126.5,,20.3
573,1.4976,,126.6,,19.84
574,1.49967,,126.7,,19.38
575,1.50175,,126.8,,18.92
576,1.50382,,126.9,,18.46
577,1.5059,,127,,18
578,1.50751,,127,,20.5
579,1.50911,,127,,23
580,1.51045,,127.333,,24.6
581,1.51178,,127.667,,26.2
582,1.51312,,128,,27.8
583,1.51451,,128.091,,28.2
584,1.51591,,128.182,,28.6
585,1.5173,,128.273,,29
586,1.51869,,128.364,,29.4
587,1.52008,,128.455,,29.8
588,1.52148,,128.545,,30.2
589,1.52287,,128.636,,30.6
590,1.52426,,128.727,,31
591,1.52565,,128.818,,31.4
592,1.52705,,128.909,,31.8
593,1.52844,,129,,32.2
594,1.53077,,128.4,,32.64
595,1.5331,,127.8,,33.08
596,1.53544,,127.2,,33.52
597,1.53777,,126.6,,33.96
598,1.5401,,126,,34.4
599,1.54284,,125,,35.2
600,1.54699,,125,,36.76
601,1.55114,,125,,38.32
602,1.55529,,125,,39.88
603,1.55944,,125,,41.44
604,1.56359,,125,,43
605,1.5679,,125.75,,44.9
606,1.57221,,126.5,,46.8
607,1.57651,,127.25,,48.7
608,1.58082,,128,,50.6
609,1.58482,,128.75,,52.35
610,1.58881,,129.5,,54.1
611,1.59281,,130.25,,55.85
612,1.5968,,131,,57.6
613,1.60064,,132,,59
614,1.60449,,133,,60.4
615,1.60833,,134,,61.8
616,1.61137,,134.6,,63.4
617,1.61441,,135.2,,65
618,1.61745,,135.8,,66.6
619,1.62049,,136.4,,68.2
620,1.62353,,137,,69.8
621,1.6272,,137.333,,70.8
622,1.63088,,137.667,,71.8
623,1.63455,,138,,72.8
624,1.63822,,138.333,,73.8
625,1.6419,,138.667,,74.8
626,1.64557,,139,,75.8
627,1.64904,,138.833,,76.8667
628,1.65252,,138.667,,77.9333
629,1.65599,,138.5,,79
630,1.65946,,138.333,,80.0667
631,1.66294,,138.167,,81.1333
632,1.66641,,138,,82.2
633,1.67022,,138.333,,82.0667
634,1.67403,,138.667,,81.9333
635,1.67783,,139,,81.8
636,1.68164,,139.333,,81.6667
637,1.68545,,139.667,,81.5333
638,1.68926,,140,,81.4
639,1.69276,,141,,79.9333
640,1.69625,,142,,78.4667
641,1.69975,,143,,77
642,1.70358,,143.75,,77.15
643,1.70742,,144.5,,77.3
644,1.71125,,145.25,,77.45
645,1.71508,,146,,77.6
646,1.71867,,147,,77.5333
647,1.72225,,148,,77.4667
648,1.72584,,149,,77.4
649,1.72968,,149.5,,78.1
650,1.73351,,150,,78.8
651,1.73734,,150.5,,79.5
652,1.74118,,151,,80.2
653,1.74501,,151.5,,80.9
654,1.74885,,152,,81.6
655,1.75232,,152.167,,81.8667
656,1.75579,,152.333,,82.1333
657,1.75926,,152.5,,82.4
658,1.76272,,152.667,,82.6667
659,1.76619,,152.833,,82.9333
660,1.76966,,153,,83.2
661,1.77299,,153.286,,83.7429
662,1.77632,,153.571,,84.2857
663,1.77965,,153.857,,84.8286
664,1.78299,,154.143,,85.3714
665,1.78632,,154.429,,85.9143
666,1.78965,,154.714,,86.4571
667,1.79298,,155,,87
668,1.79676,,155.6,,87.76
669,1.80054,,156.2,,88.52
670,1.80431,,156.8,,89.28
671,1.80809,,157.4,,90.04
672,1.81187,,158,,90.8
673,1.81584,,158.333,,91.3
674,1.81981,,158.667,,91.8
675,1.82378,,159,,92.3
676,1.82775,,159.333,,92.8
677,1.83172,,159.667,,93.3
678,1.83569,,160,,93.8
679,1.83933,,160,,93.8667
680,1.84297,,160,,93.9333
681,1.84661,,160,,94
682,1.85024,,160,,94.0667
683,1.85388,,160,,94.1333
684,1.85752,,160,,94.2
685,1.86106,,160,,94.2667
686,1.86461,,160,,94.3333
687,1.86815,,160,,94.4
688,1.87169,,160,,94.4667
689,1.87524,,160,,94.5333
690,1.87878,,160,,94.6
691,1.88215,,160.143,,95.7143
692,1.88552,,160.286,,96.8286
693,1.88889,,160.429,,97.9429
694,1.89226,,160.571,,99.0571
695,1.89563,,160.714,,100.171
696,1.899,,160.857,,101.286
697,1.90237,,161,,102.4
698,1.90659,,161,,102.92
699,1.9108,,161,,103.44
700,1.91502,,161,,103.96
701,1.91923,,161,,104.48
702,1.92345,,161,,105
703,1.92721,,161.167,,104.467
704,1.93097,,161.333,,103.933
705,1.93473,,161.5,,103.4
706,1.93848,,161.667,,102.867
707,1.94224,,161.833,,102.333
708,1.946,,162,,101.8
709,1.94974,,162.167,,101.5
710,1.95348,,162.333,,101.2
711,1.95722,,162.5,,100.9
712,1.96097,,162.667,,100.6
713,1.96471,,162.833,,100.3
714,1.96845,,163,,100
715,1.97255,,163.2,,99.72
716,1.97665,,163.4,,99.44
717,1.98075,,163.6,,99.16
718,1.98485,,163.8,,98.88
719,1.98895,,164,,98.6
720,1.99284,,164,,98.6667
721,1.99672,,164,,98.7333
722,2.00061,,164,,98.8
723,2.0045,,164,,98.8667
724,2.00838,,164,,98.9333
725,2.01227,,164,,99
726,2.01553,,164,,99.9143
727,2.01879,,164,,100.829
728,2.02205,,164,,101.743
729,2.0253,,164,,102.657
730,2.02856,,164,,103.571
731,2.03182,,164,,104.486
732,2.03508,,164,,105.4
733,2.03844,,164,,104.833
734,2.0418,,164,,104.267
735,2.04515,,164,,103.7
736,2.04851,,164,,103.133
737,2.05187,,164,,102.567
738,2.05523,,164,,102
739,2.05892,,164.167,,101.533
740,2.06262,,164.333,,101.067
741,2.06631,,164.5,,100.6
742,2.07,,164.667,,100.133
743,2.0737,,164.833,,99.6667
744,2.07739,,165,,99.2
745,2.08198,,165,,96.88
746,2.08656,,165,,94.56
747,2.09115,,165,,92.24
748,2.09573,,165,,89.92
749,2.10032,,165,,87.6
750,2.10447,,164.8,,85.36
751,2.10863,,164.6,,83.12
752,2.11278,,164.4,,80.88
753,2.11694,,164.2,,78.64
754,2.12109,,164,,76.4
755,2.12453,,164.167,,76.1667
756,2.12798,,164.333,,75.9333
757,2.13142,,164.5,,75.7
758,2.13486,,164.667,,75.4667
759,2.13831,,164.833,,75.2333
760,2.14175,,165,,75
761,2.14477,,165.143,,75.0571
762,2.14778,,165.286,,75.1143
763,2.1508,,165.429,,75.1714
764,2.15382,,165.571,,75.2286
765,2.15684,,165.714,,75.2857
766,2.15985,,165.857,,75.3429
767,2.16287,,166,,75.4
768,2.16636,,166,,75.6667
769,2.16986,,166,,75.9333
770,2.17335,,166,,76.2
771,2.17684,,166,,76.4667
772,2.18034,,166,,76.7333
773,2.18383,,166,,77
774,2.1872,,166,,77.5333
775,2.19057,,166,,78.0667
776,2.19394,,166,,78.6
777,2.19732,,166,,79.1333
778,2.20069,,166,,79.6667
779,2.20406,,166,,80.2
780,2.2077,,166.167,,80.1333
781,2.21133,,166.333,,80.0667
782,2.21496,,166.5,,80
783,2.2186,,166.667,,79.9333
784,2.22223,,166.833,,79.8667
785,2.22587,,167,,79.8
786,2.22951,,166.833,,79.3
787,2.23315,,166.667,,78.8
788,2.23678,,166.5,,78.3
789,2.24042,,166.333,,77.8
790,2.24406,,166.167,,77.3
791,2.2477,,166,,76.8
792,2.25128,,165.833,,76.3667
793,2.25485,,165.667,,75.9333
794,2.25843,,165.5,,75.5
795,2.26201,,165.333,,75.0667
796,2.26558,,165.167,,74.6333
797,2.26916,,165,,74.2
798,2.27269,,165,,74
799,2.27621,,165,,73.8
800,2.27974,,165,,73.6
801,2.28327,,165,,73.4
802,2.28679,,165,,73.2
803,2.29032,,165,,73
804,2.29376,,165.167,,73
805,2.2972,,165.333,,73
806,2.30064,,165.5,,73
807,2.30408,,165.667,,73
808,2.30752,,165.833,,73
809,2.31096,,166,,73
810,2.31424,,166,,73.4286
811,2.31752,,166,,73.8571
812,2.3208,,166,,74.2857
813,2.32407,,166,,74.7143
814,2.32735,,166,,75.1429
815,2.33063,,166,,75.5714
816,2.33391,,166,,76
817,2.33705,,166,,76.2571
818,2.34019,,166,,76.5143
819,2.34333,,166,,76.7714
820,2.34648,,166,,77.0286
821,2.34962,,166,,77.2857
822,2.35276,,166,,77.5429
823,2.3559,,166,,77.8
824,2.35978,,166.167,,77.9
825,2.36367,,166.333,,78
826,2.36755,,166.5,,78.1
827,2.37143,,166.667,,78.2
828,2.37532,,166.833,,78.3
829,2.3792,,167,,78.4
830,2.38281,,167,,79.1333
831,2.38642,,167,,79.8667
832,2.39003,,167,,80.6
833,2.39365,,167,,81.3333
834,2.39726,,167,,82.0667
835,2.40087,,167,,82.8
836,2.40411,,166.857,,83.1714
837,2.40735,,166.714,,83.5429
838,2.41059,,166.571,,83.9143
839,2.41382,,166.429,,84.2857
840,2.41706,,166.286,,84.6571
841,2.4203,,166.143,,85.0286
842,2.42354,,166,,85.4
843,2.42693,,166,,86.1667
844,2.43033,,166,,86.9333
845,2.43372,,166,,87.7
846,2.43711,,166,,88.4667
847,2.44051,,166,,89.2333
848,2.4439,,166,,90
849,2.4477,,166.167,,90.6667
850,2.4515,,166.333,,91.3333
851,2.45531,,166.5,,92
852,2.45911,,166.667,,92.6667
853,2.46291,,166.833,,93.3333
854,2.46671,,167,,94
855,2.47075,,167.2,,93.96
856,2.47479,,167.4,,93.92
857,2.47883,,167.6,,93.88
858,2.48287,,167.8,,93.84
859,2.48691,,168,,93.8
860,2.49079,,168,,93.3333
861,2.49468,,168,,92.8667
862,2.49856,,168,,92.4
863,2.50245,,168,,91.9333
864,2.50633,,168,,91.4667
865,2.51022,,168,,91
866,2.51377,,168,,91.8333
867,2.51732,,168,,92.6667
868,2.52087,,168,,93.5
869,2.52442,,168,,94.3333
870,2.52797,,168,,95.1667
871,2.53152,,168,,96
872,2.53482,,168,,98.45
873,2.53811,,168,,100.9
874,2.54141,,168,,103.35
875,2.5447,,168,,105.8
876,2.54763,,168.143,,107.686
877,2.55056,,168.286,,109.571
878,2.55349,,168.429,,111.457
879,2.55641,,168.571,,113.343
880,2.55934,,168.714,,115.229
881,2.56227,,168.857,,117.114
882,2.5652,,169,,119
883,2.56887,,169,,118.7
884,2.57255,,169,,118.4
885,2.57622,,169,,118.1
886,2.57989,,169,,117.8
887,2.58357,,169,,117.5
888,2.58724,,169,,117.2
889,2.5908,,169,,116.233
890,2.59437,,169,,115.267
891,2.59793,,169,,114.3
892,2.60149,,169,,113.333
893,2.60506,,169,,112.367
894,2.60862,,169,,111.4
895,2.61209,,169,,110.733
896,2.61556,,169,,110.067
897,2.61903,,169,,109.4
898,2.6225,,169,,108.733
899,2.62597,,169,,108.067
900,2.62944,,169,,107.4
901,2.63266,,169,,108.2
902,2.63589,,169,,109
903,2.63911,,169,,109.8
904,2.64234,,169,,110.6
905,2.64556,,169,,111.4
906,2.64879,,169,,112.2
907,2.65201,,169,,113
908,2.65498,,169,,113.886
909,2.65795,,169,,114.771
910,2.66092,,169,,115.657
911,2.6639,,169,,116.543
912,2.66687,,169,,117.429
913,2.66984,,169,,118.314
914,2.67281,,169,,119.2
915,2.67639,,168.833,,118.7
916,2.67996,,168.667,,118.2
917,2.68354,,168.5,,117.7
918,2.68711,,168.333,,117.2
919,2.69068,,168.167,,116.7
920,2.69426,,168,,116.2
921,2.69745,,167.857,,116.2
922,2.70064,,167.714,,116.2
923,2.70383,,167.571,,116.2
924,2.70703,,167.429,,116.2
925,2.71022,,167.286,,116.2
926,2.71341,,167.143,,116.2
927,2.7166,,167,,116.2
928,2.72014,,167,,115.8
929,2.72369,,167,,115.4
930,2.72723,,167,,115
931,2.73077,,167,,114.6
932,2.73432,,167,,114.2
933,2.73786,,167,,113.8
934,2.74073,,167.143,,113.714
935,2.7436,,167.286,,113.629
936,2.74647,,167.429,,113.543
937,2.74934,,167.571,,113.457
938,2.75221,,167.714,,113.371
939,2.75508,,167.857,,113.286
940,2.75795,,168,,113.2
941,2.76163,,168.167,,112.8
942,2.76531,,168.333,,112.4
943,2.76899,,168.5,,112
944,2.77267,,168.667,,111.6
945,2.77635,,168.833,,111.2
946,2.78003,,169,,110.8
947,2.78399,,169,,109.933
948,2.78796,,169,,109.067
949,2.79192,,169,,108.2
950,2.79588,,169,,107.333
951,2.79985,,169,,106.467
952,2.80381,,169,,105.6
953,2.80716,,169,,106.286
954,2.8105,,169,,106.971
955,2.81385,,169,,107.657
956,2.8172,,169,,108.343
957,2.82055,,169,,109.029
958,2.82389,,169,,109.714
959,2.82724,,169,,110.4
960,2.83081,,169,,109.8
961,2.83438,,169,,109.2
962,2.83795,,169,,108.6
963,2.84152,,169,,108
964,2.84509,,169,,107.4
965,2.84866,,169,,106.8
966,2.85181,,169,,106.8
967,2.85495,,169,,106.8
968,2.8581,,169,,106.8
969,2.86125,,169,,106.8
970,2.8644,,169,,106.8
971,2.86754,,169,,106.8
972,2.87069,,169,,106.8
973,2.87501,,169,,105.28
974,2.87933,,169,,103.76
975,2.88364,,169,,102.24
976,2.88796,,169,,100.72
977,2.89228,,169,,99.2
978,2.89677,,169,,98.36
979,2.90126,,169,,97.52
980,2.90574,,169,,96.68
981,2.91023,,169,,95.84
982,2.91472,,169,,95
983,2.91872,,169,,93.96
984,2.92273,,169,,92.92
985,2.92673,,169,,91.88
986,2.93074,,169,,90.84
987,2.93474,,169,,89.8
988,2.93844,,169,,89.4667
989,2.94214,,169,,89.1333
990,2.94584,,169,,88.8
991,2.94955,,169,,88.4667
992,2.95325,,169,,88.1333
993,2.95695,,169,,87.8
994,2.96071,,169.167,,87.1333
995,2.96446,,169.333,,86.4667
996,2.96822,,169.5,,85.8
997,2.97198,,169.667,,85.1333
998,2.97573,,169.833,,84.4667
999,2.97949,,170,,83.8
1000,2.98331,,169.833,,83.3
1001,2.98712,,169.667,,82.8
1002,2.99094,,169.5,,82.3
1003,2.99476,,169.333,,81.8
1004,2.99857,,169.167,,81.3
1005,3.00239,,169,,80.8
1006,3.00626,,169.167,,80.8
1007,3.01013,,169.333,,80.8
1008,3.01401,,169.5,,80.8
1009,3.01788,,169.667,,80.8
1010,3.02175,,169.833,,80.8
1011,3.02562,,170,,80.8
1012,3.02945,,170,,80.8
1013,3.03328,,170,,80.8
1014,3.03711,,170,,80.8
1015,3.04094,,170,,80.8
1016,3.04477,,170,,80.8
1017,3.0486,,170,,80.8
1018,3.0522,,169.833,,81.1
1019,3.0558,,169.667,,81.4
1020,3.0594,,169.5,,81.7
1021,3.063,,169.333,,82
1022,3.0666,,169.167,,82.3
1023,3.0702,,169,,82.6
1024,3.07341,,169.286,,83.1143
1025,3.07662,,169.571,,83.6286
1026,3.07983,,169.857,,84.1429
1027,3.08304,,170.143,,84.6571
1028,3.08625,,170.429,,85.1714
1029,3.08946,,170.714,,85.6857
1030,3.09267,,171,,86.2
1031,3.09576,,171,,87.2286
1032,3.09884,,171,,88.2571
1033,3.10193,,171,,89.2857
1034,3.10502,,171,,90.3143
1035,3.10811,,171,,91.3429
1036,3.11119,,171,,92.3714
1037,3.11428,,171,,93.4
1038,3.11734,,171,,94.1714
1039,3.1204,,171,,94.9429
1040,3.12346,,171,,95.7143
1041,3.12652,,171,,96.4857
1042,3.12958,,171,,97.2571
1043,3.13264,,171,,98.0286
1044,3.1357,,171,,98.8
1045,3.13907,,171.167,,99.2667
1046,3.14243,,171.333,,99.7333
1047,3.1458,,171.5,,100.2
1048,3.14917,,171.667,,100.667
1049,3.15253,,171.833,,101.133
1050,3.1559,,172,,101.6
1051,3.15922,,172,,102.057
1052,3.16255,,172,,102.514
1053,3.16587,,172,,102.971
1054,3.16919,,172,,103.429
1055,3.17251,,172,,103.886
1056,3.17584,,172,,104.343
1057,3.17916,,172,,104.8
1058,3.18268,,172,,105.433
1059,3.1862,,172,,106.067
1060,3.18972,,172,,106.7
1061,3.19324,,172,,107.333
1062,3.19676,,172,,107.967
1063,3.20028,,172,,108.6
1064,3.2044,,172,,109.2
1065,3.20852,,172,,109.8
1066,3.21265,,172,,110.4
1067,3.21677,,172,,111
1068,3.22089,,172,,111.6
1069,3.22454,,171.667,,112.233
1070,3.2282,,171.333,,112.867
1071,3.23185,,171,,113.5
1072,3.23551,,170.667,,114.133
1073,3.23916,,170.333,,114.767
1074,3.24282,,170,,115.4
1075,3.24683,,170,,114.24
1076,3.25085,,170,,113.08
1077,3.25486,,170,,111.92
1078,3.25888,,170,,110.76
1079,3.26289,,170,,109.6
1080,3.26556,,170,,108.8
1081,3.26786,,169.25,,108.05
1082,3.27015,,168.5,,107.3
1083,3.27245,,167.75,,106.55
1084,3.27475,,167,,105.8
1085,3.27645,,166.667,,105.311
1086,3.27815,,166.333,,104.822
1087,3.27986,,166,,104.333
1088,3.28156,,165.667,,103.844
1089,3.28326,,165.333,,103.356
1090,3.28496,,165,,102.867
1091,3.28667,,164.667,,102.378
1092,3.28837,,164.333,,101.889
1093,3.29007,,164,,101.4
1094,3.2918,,163.4,,101.48
1095,3.29352,,162.8,,101.56
1096,3.29525,,162.2,,101.64
1097,3.29697,,161.6,,101.72
1098,3.2987,,161,,101.8
1099,3.30033,,160.25,,101.9
1100,3.30197,,159.5,,102
1101,3.3036,,158.75,,102.1
1102,3.30523,,158,,102.2
1103,3.30675,,157.25,,102.3
1104,3.30827,,156.5,,102.4
1105,3.30979,,155.75,,102.5
1106,3.31131,,155,,102.6
1107,3.31301,,153.333,,103.333
1108,3.31471,,151.667,,104.067
1109,3.31641,,150,,104.8
1110,3.3182,,149,,105.067
1111,3.32,,148,,105.333
1112,3.32179,,147,,105.6
1113,3.32371,,146,,105.467
1114,3.32564,,145,,105.333
1115,3.32756,,144,,105.2
1116,3.32957,,142.667,,105.067
1117,3.33157,,141.333,,104.933
1118,3.33358,,140,,104.8
1119,3.33522,,139.333,,103.867
1120,3.33685,,138.667,,102.933
1121,3.33849,,138,,102
1122,3.34017,,137,,100.867
1123,3.34184,,136,,99.7333
1124,3.34352,,135,,98.6
1125,3.34542,,134,,97.8
1126,3.34731,,133,,97
1127,3.34914,,132.667,,96.6667
1128,3.35097,,132.333,,96.3333
1129,3.35281,,132,,96
1130,3.35464,,131.667,,95.6667
1131,3.35647,,131.333,,95.3333
1132,3.3583,,131,,95
1133,3.36014,,130.667,,94.6667
1134,3.36197,,130.333,,94.3333
1135,3.3638,,130,,94
1136,3.3649,,129.6,,93.96
1137,3.366,,129.2,,93.92
1138,3.36711,,128.8,,93.88
1139,3.36821,,128.4,,93.84
1140,3.36931,,128,,93.8
1141,3.37033,,127.667,,93.4667
1142,3.37135,,127.333,,93.1333
1143,3.37237,,127,,92.8
1144,3.37348,,126.5,,92.2333
1145,3.37458,,126,,91.6667
1146,3.37569,,125.5,,91.1
1147,3.3768,,125,,90.5333
1148,3.3779,,124.5,,89.9667
1149,3.37901,,124,,89.4
1150,3.38021,,123.857,,88.9714
1151,3.38141,,123.714,,88.5429
1152,3.38261,,123.571,,88.1143
1153,3.38382,,123.429,,87.6857
1154,3.38502,,123.286,,87.2571
1155,3.38622,,123.143,,86.8286
1156,3.38742,,123,,86.4
1157,3.3891,,122.25,,86.65
1158,3.39078,,121.5,,86.9
1159,3.39245,,120.75,,87.15
1160,3.39413,,120,,87.4
1161,3.39549,,119.625,,87.3
1162,3.39686,,119.25,,87.2
1163,3.39822,,118.875,,87.1
1164,3.39959,,118.5,,87
1165,3.40095,,118.125,,86.9
1166,3.40231,,117.75,,86.8
1167,3.40368,,117.375,,86.7
1168,3.40504,,117,,86.6
1169,3.40649,,116.625,,87
1170,3.40794,,116.25,,87.4
1171,3.40939,,115.875,,87.8
1172,3.41085,,115.5,,88.2
1173,3.4123,,115.125,,88.6
1174,3.41375,,114.75,,89
1175,3.4152,,114.375,,89.4
1176,3.41665,,114,,89.8
1177,3.41874,,113.25,,90.3
1178,3.42083,,112.5,,90.8
1179,3.42293,,111.75,,91.3
1180,3.42502,,111,,91.8
1181,3.42613,,110,,91.7333
1182,3.42725,,109,,91.6667
1183,3.42836,,108,,91.6
1184,3.43001,,108.273,,91.5818
1185,3.43167,,108.545,,91.5636
1186,3.43332,,108.818,,91.5455
1187,3.43498,,109.091,,91.5273
1188,3.43663,,109.364,,91.5091
1189,3.43829,,109.636,,91.4909
1190,3.43994,,109.909,,91.4727
1191,3.4416,,110.182,,91.4545
1192,3.44325,,110.455,,91.4364
1193,3.44491,,110.727,,91.4182
1194,3.44656,,111,,91.4
1195,3.44803,,110.5,,91
1196,3.4495,,110,,90.6
1197,3.45097,,109.5,,90.2
1198,3.45244,,109,,89.8
1199,3.45391,,108.5,,89.4
1200,3.45538,,108,,89
1201,3.45664,,107.333,,88.8
1202,3.45789,,106.667,,88.6
1203,3.45915,,106,,88.4
1204,3.4617,,107.5,,88.8
1205,3.46425,,109,,89.2
1206,3.4685,,110.5,,89.8
1207,3.47275,,112,,90.4
1208,3.47681,,113.5,,91.3
1209,3.48086,,115,,92.2
1210,3.4849,,116.333,,92.7333
1211,3.48893,,117.667,,93.2667
1212,3.49297,,119,,93.8
1213,3.49692,,120,,93.8
1214,3.50088,,121,,93.8
1215,3.50483,,122,,93.8
1216,3.50864,,123,,93.6667
1217,3.51245,,124,,93.5333
1218,3.51626,,125,,93.4
1219,3.52411,,128,,91.8
1220,3.52696,,128.75,,92.3
1221,3.52981,,129.5,,92.8
1222,3.53266,,130.25,,93.3
1223,3.53551,,131,,93.8
1224,3.5395,,131.75,,94.1
1225,3.54348,,132.5,,94.4
1226,3.54746,,133.25,,94.7
1227,3.55145,,134,,95
1228,3.55537,,134.75,,95.2
1229,3.55929,,135.5,,95.4
1230,3.5632,,136.25,,95.6
1231,3.56712,,137,,95.8
1232,3.57085,,137.333,,95.6667
1233,3.57457,,137.667,,95.5333
1234,3.5783,,138,,95.4
1235,3.58203,,138.333,,95.2667
1236,3.58575,,138.667,,95.1333
1237,3.58948,,139,,95
1238,3.59353,,139.6,,94.76
1239,3.59758,,140.2,,94.52
1240,3.60164,,140.8,,94.28
1241,3.60569,,141.4,,94.04
1242,3.60974,,142,,93.8
1243,3.61368,,142.75,,93.4
1244,3.61761,,143.5,,93
1245,3.62154,,144.25,,92.6
1246,3.62548,,145,,92.2
1247,3.62906,,145.75,,92.1
1248,3.63264,,146.5,,92
1249,3.63622,,147.25,,91.9
1250,3.6398,,148,,91.8
1251,3.64341,,149,,91.4667
1252,3.64701,,150,,91.1333
1253,3.65062,,151,,90.8
1254,3.65474,,151.75,,90.75
1255,3.65886,,152.5,,90.7
1256,3.66298,,153.25,,90.65
1257,3.6671,,154,,90.6
1258,3.67094,,154.75,,90.5
1259,3.67477,,155.5,,90.4
1260,3.67861,,156.25,,90.3
1261,3.68245,,157,,90.2
1262,3.6862,,157.167,,90.2667
1263,3.68994,,157.333,,90.3333
1264,3.69368,,157.5,,90.4
1265,3.69743,,157.667,,90.4667
1266,3.70118,,157.833,,90.5333
1267,3.70492,,158,,90.6
1268,3.70841,,158.333,,90.7667
1269,3.7119,,158.667,,90.9333
1270,3.71538,,159,,91.1
1271,3.71887,,159.333,,91.2667
1272,3.72236,,159.667,,91.4333
1273,3.72585,,160,,91.6
1274,3.72983,,160.167,,91.9333
1275,3.73381,,160.333,,92.2667
1276,3.73779,,160.5,,92.6
1277,3.74176,,160.667,,92.9333
1278,3.74574,,160.833,,93.2667
1279,3.74972,,161,,93.6
1280,3.75327,,161,,93.6
1281,3.75682,,161,,93.6
1282,3.76038,,161,,93.6
1283,3.76393,,161,,93.6
1284,3.76748,,161,,93.6
1285,3.77103,,161,,93.6
1286,3.7747,,161.167,,93.8333
1287,3.77837,,161.333,,94.0667
1288,3.78205,,161.5,,94.3
1289,3.78572,,161.667,,94.5333
1290,3.78939,,161.833,,94.7667
1291,3.79306,,162,,95
1292,3.79679,,162,,95.5667
1293,3.80051,,162,,96.1333
1294,3.80424,,162,,96.7
1295,3.80797,,162,,97.2667
1296,3.81169,,162,,97.8333
1297,3.81542,,162,,98.4
1298,3.81893,,162.167,,99.0333
1299,3.82244,,162.333,,99.6667
1300,3.82595,,162.5,,100.3
1301,3.82947,,162.667,,100.933
1302,3.83298,,162.833,,101.567
1303,3.83649,,163,,102.2
1304,3.83998,,163.333,,103.067
1305,3.84347,,163.667,,103.933
1306,3.84696,,164,,104.8
1307,3.85045,,164.333,,105.667
1308,3.85394,,164.667,,106.533
1309,3.85743,,165,,107.4
1310,3.86133,,165.167,,107.267
1311,3.86524,,165.333,,107.133
1312,3.86914,,165.5,,107
1313,3.87304,,165.667,,106.867
1314,3.87695,,165.833,,106.733
1315,3.88085,,166,,106.6
1316,3.8838,,166.286,,108
1317,3.88676,,166.571,,109.4
1318,3.88971,,166.857,,110.8
1319,3.89266,,167.143,,112.2
1320,3.89561,,167.429,,113.6
1321,3.89857,,167.714,,115
1322,3.90152,,168,,116.4
1323,3.90469,,168,,117.257
1324,3.90785,,168,,118.114
1325,3.91102,,168,,118.971
1326,3.91418,,168,,119.829
1327,3.91735,,168,,120.686
1328,3.92051,,168,,121.543
1329,3.92368,,168,,122.4
1330,3.92781,,168.2,,121.96
1331,3.93194,,168.4,,121.52
1332,3.93608,,168.6,,121.08
1333,3.94021,,168.8,,120.64
1334,3.94434,,169,,120.2
1335,3.94846,,169,,119.44
1336,3.95258,,169,,118.68
1337,3.95669,,169,,117.92
1338,3.96081,,169,,117.16
1339,3.96493,,169,,116.4
1340,3.96857,,169,,115.9
1341,3.9722,,169,,115.4
1342,3.97584,,169,,114.9
1343,3.97948,,169,,114.4
1344,3.98311,,169,,113.9
1345,3.98675,,169,,113.4
1346,3.98982,,169.143,,113.4
1347,3.99289,,169.286,,113.4
1348,3.99596,,169.429,,113.4
1349,3.99902,,169.571,,113.4
1350,4.00209,,169.714,,113.4
1351,4.00516,,169.857,,113.4
1352,4.00823,,170,,113.4
1353,4.01139,,170,,114.086
1354,4.01454,,170,,114.771
1355,4.0177,,170,,115.457
1356,4.02085,,170,,116.143
1357,4.02401,,170,,116.829
1358,4.02716,,170,,117.514
1359,4.03032,,170,,118.2
1360,4.03347,,170,,119.4
1361,4.03662,,170,,120.6
1362,4.03977,,170,,121.8
1363,4.04291,,170,,123
1364,4.04606,,170,,124.2
1365,4.04921,,170,,125.4
1366,4.05236,,170,,126.6
1367,4.05589,,170,,126.5
1368,4.05943,,170,,126.4
1369,4.06296,,170,,126.3
1370,4.06649,,170,,126.2
1371,4.07003,,170,,126.1
1372,4.07356,,170,,126
1373,4.07723,,170,,125.767
1374,4.0809,,170,,125.533
1375,4.08456,,170,,125.3
1376,4.08823,,170,,125.067
1377,4.0919,,170,,124.833
1378,4.09557,,170,,124.6
1379,4.09925,,170.167,,125.233
1380,4.10294,,170.333,,125.867
1381,4.10662,,170.5,,126.5
1382,4.11031,,170.667,,127.133
1383,4.114,,170.833,,127.767
1384,4.11768,,171,,128.4
1385,4.12049,,170.875,,128
1386,4.12331,,170.75,,127.6
1387,4.12612,,170.625,,127.2
1388,4.12893,,170.5,,126.8
1389,4.13174,,170.375,,126.4
1390,4.13455,,170.25,,126
1391,4.13737,,170.125,,125.6
1392,4.14018,,170,,125.2
1393,4.14437,,169.8,,124.24
1394,4.14856,,169.6,,123.28
1395,4.15275,,169.4,,122.32
1396,4.15694,,169.2,,121.36
1397,4.16113,,169,,120.4
1398,4.16491,,169.333,,120.567
1399,4.16868,,169.667,,120.733
1400,4.17246,,170,,120.9
1401,4.17624,,170.333,,121.067
1402,4.18001,,170.667,,121.233
1403,4.18379,,171,,121.4
1404,4.18763,,171.167,,120.367
1405,4.19146,,171.333,,119.333
1406,4.1953,,171.5,,118.3
1407,4.19914,,171.667,,117.267
1408,4.20297,,171.833,,116.233
1409,4.20681,,172,,115.2
1410,4.21082,,172,,114.84
1411,4.21483,,172,,114.48
1412,4.21883,,172,,114.12
1413,4.22284,,172,,113.76
1414,4.22685,,172,,113.4
1415,4.23065,,172,,112.833
1416,4.23445,,172,,112.267
1417,4.23824,,172,,111.7
1418,4.24204,,172,,111.133
1419,4.24584,,172,,110.567
1420,4.24964,,172,,110
1421,4.2535,,172,,109.867
1422,4.25736,,172,,109.733
1423,4.26122,,172,,109.6
1424,4.26508,,172,,109.467
1425,4.26894,,172,,109.333
1426,4.2728,,172,,109.2
1427,4.27922,,172,,108.8
1428,4.2824,,172.143,,108.743
1429,4.28557,,172.286,,108.686
1430,4.28875,,172.429,,108.629
1431,4.29192,,172.571,,108.571
1432,4.2951,,172.714,,108.514
1433,4.29827,,172.857,,108.457
1434,4.30145,,173,,108.4
1435,4.30496,,173,,109.233
1436,4.30847,,173,,110.067
1437,4.31198,,173,,110.9
1438,4.3155,,173,,111.733
1439,4.31901,,173,,112.567
1440,4.32252,,173,,113.4
1441,4.32596,,172.833,,113.433
1442,4.32941,,172.667,,113.467
1443,4.33285,,172.5,,113.5
1444,4.33629,,172.333,,113.533
1445,4.33974,,172.167,,113.567
1446,4.34318,,172,,113.6
1447,4.34629,,172,,113.6
1448,4.34941,,172,,113.657
1449,4.35253,,172,,113.714
1450,4.35565,,172,,113.771
1451,4.35876,,172,,113.829
1452,4.36188,,172,,113.886
1453,4.365,,172,,113.943
1454,4.36812,,172,,114
1455,4.37155,,172.167,,113.967
1456,4.37498,,172.333,,113.933
1457,4.37841,,172.5,,113.9
1458,4.38184,,172.667,,113.867
1459,4.38527,,172.833,,113.833
1460,4.3887,,173,,113.8
1461,4.39211,,173.167,,113.6
1462,4.39552,,173.333,,113.4
1463,4.39893,,173.5,,113.2
1464,4.40234,,173.667,,113
1465,4.40575,,173.833,,112.8
1466,4.40916,,174,,112.6
1467,4.41232,,174.143,,112.6
1468,4.41548,,174.286,,112.6
1469,4.41864,,174.429,,112.6
1470,4.42179,,174.571,,112.6
1471,4.42495,,174.714,,112.6
1472,4.42811,,174.857,,112.6
1473,4.43127,,175,,112.6
1474,4.43457,,174.857,,113.257
1475,4.43787,,174.714,,113.914
1476,4.44117,,174.571,,114.571
1477,4.44446,,174.429,,115.229
1478,4.44776,,174.286,,115.886
1479,4.45106,,174.143,,116.543
1480,4.45436,,174,,117.2
1481,4.45735,,174,,117.2
1482,4.46044,,174,,117.343
1483,4.46354,,174,,117.486
1484,4.46663,,174,,117.629
1485,4.46972,,174,,117.771
1486,4.47281,,174,,117.914
1487,4.47591,,174,,118.057
1488,4.479,,174,,118.2
1489,4.48187,,173.75,,118.4
1490,4.48473,,173.5,,118.6
1491,4.4876,,173.25,,118.8
1492,4.49046,,173,,119
1493,4.49333,,172.75,,119.2
1494,4.4962,,172.5,,119.4
1495,4.49906,,172.25,,119.6
1496,4.50193,,172,,119.8
1497,4.50531,,172,,119.867
1498,4.50869,,172,,119.933
1499,4.51206,,172,,120
1500,4.51544,,172,,120.067
1501,4.51882,,172,,120.133
1502,4.5222,,172,,120.2
1503,4.52411,,171.909,,120.218
1504,4.52601,,171.818,,120.236
1505,4.52792,,171.727,,120.255
1506,4.52982,,171.636,,120.273
1507,4.53173,,171.545,,120.291
1508,4.53363,,171.455,,120.309
1509,4.53554,,171.364,,120.327
1510,4.53744,,171.273,,120.345
1511,4.53935,,171.182,,120.364
1512,4.54125,,171.091,,120.382
1513,4.54316,,171,,120.4
1514,4.54559,,171,,120.018
1515,4.54801,,171,,119.636
1516,4.55044,,171,,119.255
1517,4.55287,,171,,118.873
1518,4.55529,,171,,118.491
1519,4.55772,,171,,118.109
1520,4.56014,,171,,117.727
1521,4.56257,,171,,117.345
1522,4.565,,171,,116.964
1523,4.56742,,171,,116.582
1524,4.56985,,171,,116.2
1525,4.58717,,172,,120
1526,4.59224,,171.75,,120.75
1527,4.59732,,171.5,,121.5
1528,4.60239,,171.25,,122.25
1529,4.60746,,171,,123
1530,4.61285,,171.25,,121.95
1531,4.61825,,171.5,,120.9
1532,4.62364,,171.75,,119.85
1533,4.62904,,172,,118.8
1534,4.63328,,172,,118.5
1535,4.63753,,172,,118.2
1536,4.64177,,172,,117.9
1537,4.64602,,172,,117.6
1538,4.64934,,171.857,,117.114
1539,4.65267,,171.714,,116.629
1540,4.65599,,171.571,,116.143
1541,4.65932,,171.429,,115.657
1542,4.66264,,171.286,,115.171
1543,4.66597,,171.143,,114.686
1544,4.66929,,171,,114.2
1545,4.6725,,171,,114.686
1546,4.67571,,171,,115.171
1547,4.67892,,171,,115.657
1548,4.68212,,171,,116.143
1549,4.68533,,171,,116.629
1550,4.68854,,171,,117.114
1551,4.69175,,171,,117.6
1552,4.69819,,171,,119.2
1553,4.70134,,171.143,,120
1554,4.70449,,171.286,,120.8
1555,4.70764,,171.429,,121.6
1556,4.71078,,171.571,,122.4
1557,4.71393,,171.714,,123.2
1558,4.71708,,171.857,,124
1559,4.72023,,172,,124.8
1560,4.72392,,172,,125.6
1561,4.72762,,172,,126.4
1562,4.73131,,172,,127.2
1563,4.735,,172,,128
1564,4.7387,,172,,128.8
1565,4.74239,,172,,129.6
1566,4.74621,,172,,129.967
1567,4.75002,,172,,130.333
1568,4.75384,,172,,130.7
1569,4.75766,,172,,131.067
1570,4.76147,,172,,131.433
1571,4.76529,,172,,131.8
1572,4.76902,,172.167,,132.033
1573,4.77275,,172.333,,132.267
1574,4.77648,,172.5,,132.5
1575,4.78021,,172.667,,132.733
1576,4.78394,,172.833,,132.967
1577,4.78767,,173,,133.2
1578,4.79173,,173,,133.267
1579,4.79579,,173,,133.333
1580,4.79984,,173,,133.4
1581,4.8039,,173,,133.467
1582,4.80796,,173,,133.533
1583,4.81202,,173,,133.6
1584,4.81634,,172.8,,132.84
1585,4.82067,,172.6,,132.08
1586,4.82499,,172.4,,131.32
1587,4.82932,,172.2,,130.56
1588,4.83364,,172,,129.8
1589,4.83805,,171.8,,128.96
1590,4.84247,,171.6,,128.12
1591,4.84688,,171.4,,127.28
1592,4.8513,,171.2,,126.44
1593,4.85571,,171,,125.6
1594,4.86,,171,,125.2
1595,4.8643,,171,,124.8
1596,4.86859,,171,,124.4
1597,4.87289,,171,,124
1598,4.87718,,171,,123.6
1599,4.88098,,170.833,,123.6
1600,4.88478,,170.667,,123.6
1601,4.88858,,170.5,,123.6
1602,4.89238,,170.333,,123.6
1603,4.89618,,170.167,,123.6
1604,4.89998,,170,,123.6
1605,4.90353,,170,,123.867
1606,4.90708,,170,,124.133
1607,4.91062,,170,,124.4
1608,4.91417,,170,,124.667
1609,4.91772,,170,,124.933
1610,4.92127,,170,,125.2
1611,4.92484,,170,,126.067
1612,4.92841,,170,,126.933
1613,4.93198,,170,,127.8
1614,4.93555,,170,,128.667
1615,4.93912,,170,,129.533
1616,4.94269,,170,,130.4
1617,4.94639,,170,,130.567
1618,4.95009,,170,,130.733
1619,4.95379,,170,,130.9
1620,4.9575,,170,,131.067
1621,4.9612,,170,,131.233
1622,4.9649,,170,,131.4
1623,4.96831,,170.167,,131.467
1624,4.97172,,170.333,,131.533
1625,4.97513,,170.5,,131.6
1626,4.97855,,170.667,,131.667
1627,4.98196,,170.833,,131.733
1628,4.98537,,171,,131.8
1629,4.98883,,171,,131.8
1630,4.99229,,171,,131.8
1631,4.99575,,171,,131.8
1632,4.99922,,171,,131.8
1633,5.00268,,171,,131.8
1634,5.00614,,171,,131.8
1635,5.00961,,171.167,,131.667
1636,5.01309,,171.333,,131.533
1637,5.01656,,171.5,,131.4
1638,5.02003,,171.667,,131.267
1639,5.02351,,171.833,,131.133
1640,5.02698,,172,,131
1641,5.0305,,172,,130.867
1642,5.03402,,172,,130.733
1643,5.03754,,172,,130.6
1644,5.04106,,172,,130.467
1645,5.04458,,172,,130.333
1646,5.0481,,172,,130.2
1647,5.05156,,172.167,,129.8
1648,5.05502,,172.333,,129.4
1649,5.05847,,172.5,,129
1650,5.06193,,172.667,,128.6
1651,5.06539,,172.833,,128.2
1652,5.06885,,173,,127.8
1653,5.07235,,173.167,,128.167
1654,5.07584,,173.333,,128.533
1655,5.07934,,173.5,,128.9
1656,5.08284,,173.667,,129.267
1657,5.08633,,173.833,,129.633
1658,5.08983,,174,,130
1659,5.09317,,174,,130.233
1660,5.09652,,174,,130.467
1661,5.09986,,174,,130.7
1662,5.1032,,174,,130.933
1663,5.10655,,174,,131.167
1664,5.10989,,174,,131.4
1665,5.11314,,174,,131.743
1666,5.11639,,174,,132.086
1667,5.11964,,174,,132.429
1668,5.12289,,174,,132.771
1669,5.12614,,174,,133.114
1670,5.12939,,174,,133.457
1671,5.13264,,174,,133.8
1672,5.13599,,174.167,,134.233
1673,5.13935,,174.333,,134.667
1674,5.1427,,174.5,,135.1
1675,5.14606,,174.667,,135.533
1676,5.14941,,174.833,,135.967
1677,5.15277,,175,,136.4
1678,5.15644,,175,,135.667
1679,5.16011,,175,,134.933
1680,5.16378,,175,,134.2
1681,5.16497,,175,,133.667
1682,5.16616,,175,,133.133
1683,5.16735,,175,,132.6
1684,5.16903,,174.7,,132.44
1685,5.17071,,174.4,,132.28
1686,5.1724,,174.1,,132.12
1687,5.17408,,173.8,,131.96
1688,5.17576,,173.5,,131.8
1689,5.17744,,173.2,,131.64
1690,5.17912,,172.9,,131.48
1691,5.18081,,172.6,,131.32
1692,5.18249,,172.3,,131.16
1693,5.18417,,172,,131
1694,5.18582,,171.571,,130.343
1695,5.18747,,171.143,,129.686
1696,5.18912,,170.714,,129.029
1697,5.19078,,170.286,,128.371
1698,5.19243,,169.857,,127.714
1699,5.19408,,169.429,,127.057
1700,5.19573,,169,,126.4
1701,5.19725,,168.25,,125.7
1702,5.19878,,167.5,,125
1703,5.2003,,166.75,,124.3
1704,5.20183,,166,,123.6
1705,5.20311,,165.25,,123.05
1706,5.20439,,164.5,,122.5
1707,5.20567,,163.75,,121.95
1708,5.20695,,163,,121.4
1709,5.20835,,162,,121.467
1710,5.20975,,161,,121.533
1711,5.21115,,160,,121.6
1712,5.21286,,159,,121.35
1713,5.21458,,158,,121.1
1714,5.21629,,157,,120.85
1715,5.21801,,156,,120.6
1716,5.21985,,155.25,,120.2
1717,5.2217,,154.5,,119.8
1718,5.22354,,153.75,,119.4
1719,5.22539,,153,,119
1720,5.22714,,151.5,,118.5
1721,5.22889,,150,,118
1722,5.23056,,149.25,,117.75
1723,5.23222,,148.5,,117.5
1724,5.23389,,147.75,,117.25
1725,5.23556,,147,,117
1726,5.23729,,146.25,,116.55
1727,5.23903,,145.5,,116.1
1728,5.24076,,144.75,,115.65
1729,5.2425,,144,,115.2
1730,5.24427,,142.5,,114.9
1731,5.24604,,141,,114.6
1732,5.24782,,140.25,,114.45
1733,5.24959,,139.5,,114.3
1734,5.25137,,138.75,,114.15
1735,5.25315,,138,,114
1736,5.2547,,137.25,,113.65
1737,5.25624,,136.5,,113.3
1738,5.25779,,135.75,,112.95
1739,5.25934,,135,,112.6
1740,5.2608,,134.25,,112.6
1741,5.26226,,133.5,,112.6
1742,5.26373,,132.75,,112.6
1743,5.26519,,132,,112.6
1744,5.26673,,131.625,,112.525
1745,5.26827,,131.25,,112.45
1746,5.26981,,130.875,,112.375
1747,5.27135,,130.5,,112.3
1748,5.27288,,130.125,,112.225
1749,5.27442,,129.75,,112.15
1750,5.27596,,129.375,,112.075
1751,5.2775,,129,,112
1752,5.27908,,128.571,,111.743
1753,5.28067,,128.143,,111.486
1754,5.28225,,127.714,,111.229
1755,5.28384,,127.286,,110.971
1756,5.28542,,126.857,,110.714
1757,5.28701,,126.429,,110.457
1758,5.28859,,126,,110.2
1759,5.29023,,125.727,,109.927
1760,5.29187,,125.455,,109.655
1761,5.29351,,125.182,,109.382
1762,5.29515,,124.909,,109.109
1763,5.29679,,124.636,,108.836
1764,5.29843,,124.364,,108.564
1765,5.30007,,124.091,,108.291
1766,5.30171,,123.818,,108.018
1767,5.30335,,123.545,,107.745
1768,5.30499,,123.273,,107.473
1769,5.30663,,123,,107.2
1770,5.30832,,122.4,,107.28
1771,5.31001,,121.8,,107.36
1772,5.31169,,121.2,,107.44
1773,5.31338,,120.6,,107.52
1774,5.31507,,120,,107.6
1775,5.31673,,119.75,,107.6
1776,5.31838,,119.5,,107.6
1777,5.32004,,119.25,,107.6
1778,5.3217,,119,,107.6
1779,5.32336,,118.75,,107.6
1780,5.32501,,118.5,,107.6
1781,5.32667,,118.25,,107.6
1782,5.32833,,118,,107.6
1783,5.32999,,117.75,,107.6
1784,5.33164,,117.5,,107.6
1785,5.3333,,117.25,,107.6
1786,5.33496,,117,,107.6
1787,5.33643,,116.571,,107.4
1788,5.33791,,116.143,,107.2
1789,5.33938,,115.714,,107
1790,5.34085,,115.286,,106.8
1791,5.34232,,114.857,,106.6
1792,5.3438,,114.429,,106.4
1793,5.34527,,114,,106.2
1794,5.34694,,113.857,,106.343
1795,5.3486,,113.714,,106.486
1796,5.35027,,113.571,,106.629
1797,5.35194,,113.429,,106.771
1798,5.35361,,113.286,,106.914
1799,5.35527,,113.143,,107.057
1800,5.35694,,113,,107.2
1801,5.3597,,113.6,,107.44
1802,5.36246,,114.2,,107.68
1803,5.36523,,114.8,,107.92
1804,5.36799,,115.4,,108.16
1805,5.37075,,116,,108.4
1806,5.37508,,116.75,,108.4
1807,5.3794,,117.5,,108.4
1808,5.38373,,118.25,,108.4
1809,5.38806,,119,,108.4
1810,5.39219,,120,,108.267
1811,5.39631,,121,,108.133
1812,5.40044,,122,,108
1813,5.40453,,123.5,,108
1814,5.40863,,125,,108
1815,5.41269,,126,,108.133
1816,5.41675,,127,,108.267
1817,5.42081,,128,,108.4
1818,5.42499,,128.75,,108.65
1819,5.42916,,129.5,,108.9
1820,5.43334,,130.25,,109.15
1821,5.43752,,131,,109.4
1822,5.4417,,131.75,,109.85
1823,5.44587,,132.5,,110.3
1824,5.45005,,133.25,,110.75
1825,5.45423,,134,,111.2
1826,5.45799,,135,,111.533
1827,5.46176,,136,,111.867
1828,5.46552,,137,,112.2
1829,5.46922,,137.6,,112.04
1830,5.47293,,138.2,,111.88
1831,5.47663,,138.8,,111.72
1832,5.48034,,139.4,,111.56
1833,5.48404,,140,,111.4
1834,5.48806,,140.75,,111.4
1835,5.49207,,141.5,,111.4
1836,5.49609,,142.25,,111.4
1837,5.50011,,143,,111.4
1838,5.5039,,144,,111.067
1839,5.50769,,145,,110.733
1840,5.51148,,146,,110.4
1841,5.51521,,146.75,,110.3
1842,5.51894,,147.5,,110.2
1843,5.52267,,148.25,,110.1
1844,5.5264,,149,,110
1845,5.5299,,149.75,,110.45
1846,5.53341,,150.5,,110.9
1847,5.53691,,151.25,,111.35
1848,5.54042,,152,,111.8
1849,5.54394,,152.6,,112.12
1850,5.54745,,153.2,,112.44
1851,5.55097,,153.8,,112.76
1852,5.55448,,154.4,,113.08
1853,5.558,,155,,113.4
1854,5.56173,,155.333,,113.633
1855,5.56545,,155.667,,113.867
1856,5.56918,,156,,114.1
1857,5.57291,,156.333,,114.333
1858,5.57663,,156.667,,114.567
1859,5.58036,,157,,114.8
1860,5.58429,,157.333,,115.067
1861,5.58822,,157.667,,115.333
1862,5.59215,,158,,115.6
1863,5.59608,,158.333,,115.867
1864,5.60001,,158.667,,116.133
1865,5.60394,,159,,116.4
1866,5.60809,,159.2,,116.2
1867,5.61225,,159.4,,116
1868,5.6164,,159.6,,115.8
1869,5.62056,,159.8,,115.6
1870,5.62471,,160,,115.4
1871,5.62879,,160,,115.32
1872,5.63286,,160,,115.24
1873,5.63694,,160,,115.16
1874,5.64101,,160,,115.08
1875,5.64509,,160,,115
1876,5.64865,,160.167,,114.9
1877,5.6522,,160.333,,114.8
1878,5.65575,,160.5,,114.7
1879,5.65931,,160.667,,114.6
1880,5.66287,,160.833,,114.5
1881,5.66642,,161,,114.4
1882,5.66994,,161,,114.433
1883,5.67346,,161,,114.467
1884,5.67699,,161,,114.5
1885,5.68051,,161,,114.533
1886,5.68403,,161,,114.567
1887,5.68755,,161,,114.6
1888,5.69143,,161,,114.533
1889,5.69531,,161,,114.467
1890,5.69919,,161,,114.4
1891,5.70308,,161,,114.333
1892,5.70696,,161,,114.267
1893,5.71084,,161,,114.2
1894,5.7146,,161.167,,113.9
1895,5.71836,,161.333,,113.6
1896,5.72212,,161.5,,113.3
1897,5.72588,,161.667,,113
1898,5.72964,,161.833,,112.7
1899,5.7334,,162,,112.4
1900,5.73714,,162.167,,112.633
1901,5.74089,,162.333,,112.867
1902,5.74463,,162.5,,113.1
1903,5.74837,,162.667,,113.333
1904,5.75212,,162.833,,113.567
1905,5.75586,,163,,113.8
1906,5.75973,,163,,114.333
1907,5.7636,,163,,114.867
1908,5.76746,,163,,115.4
1909,5.77133,,163,,115.933
1910,5.7752,,163,,116.467
1911,5.77907,,163,,117
1912,5.78378,,163,,117.16
1913,5.78849,,163,,117.32
1914,5.79321,,163,,117.48
1915,5.79792,,163,,117.64
1916,5.80263,,163,,117.8
1917,5.8066,,163.167,,118.2
1918,5.81058,,163.333,,118.6
1919,5.81455,,163.5,,119
1920,5.81852,,163.667,,119.4
1921,5.8225,,163.833,,119.8
1922,5.82647,,164,,120.2
1923,5.83031,,164,,119.967
1924,5.83415,,164,,119.733
1925,5.83798,,164,,119.5
1926,5.84182,,164,,119.267
1927,5.84566,,164,,119.033
1928,5.8495,,164,,118.8
1929,5.85298,,164.167,,118.2
1930,5.85647,,164.333,,117.6
1931,5.85995,,164.5,,117
1932,5.86343,,164.667,,116.4
1933,5.86692,,164.833,,115.8
1934,5.8704,,165,,115.2
1935,5.87438,,165.167,,114.967
1936,5.87836,,165.333,,114.733
1937,5.88234,,165.5,,114.5
1938,5.88633,,165.667,,114.267
1939,5.89031,,165.833,,114.033
1940,5.89429,,166,,113.8
1941,5.90021,,166,,113.8
1942,5.90613,,166,,113.8
1943,5.91322,,166,,113.7
1944,5.92031,,166,,113.6
1945,5.92741,,166,,113.5
1946,5.9345,,166,,113.4
1947,5.94018,,166,,112.9
1948,5.94585,,166,,112.4
1949,5.95153,,166,,111.9
1950,5.95721,,166,,111.4
1951,5.96221,,166,,110.65
1952,5.96722,,166,,109.9
1953,5.97222,,166,,109.15
1954,5.97723,,166,,108.4
1955,5.98137,,166,,107.32
1956,5.98551,,166,,106.24
1957,5.98964,,166,,105.16
1958,5.99378,,166,,104.08
1959,5.99792,,166,,103
1960,6.00198,,166,,102.96
1961,6.00604,,166,,102.92
1962,6.01009,,166,,102.88
1963,6.01415,,166,,102.84
1964,6.01821,,166,,102.8
1965,6.02197,,166.167,,102.8
1966,6.02573,,166.333,,102.8
1967,6.02949,,166.5,,102.8
1968,6.03325,,166.667,,102.8
1969,6.03701,,166.833,,102.8
1970,6.04077,,167,,102.8
1971,6.04464,,167,,102.933
1972,6.04852,,167,,103.067
1973,6.05239,,167,,103.2
1974,6.05627,,167,,103.333
1975,6.06014,,167,,103.467
1976,6.06402,,167,,103.6
1977,6.06794,,167,,104.7
1978,6.07186,,167,,105.8
1979,6.07578,,167,,106.9
1980,6.07971,,167,,108
1981,6.08363,,167,,109.1
1982,6.08755,,167,,110.2
1983,6.09224,,167,,110.72
1984,6.09692,,167,,111.24
1985,6.10161,,167,,111.76
1986,6.10629,,167,,112.28
1987,6.11098,,167,,112.8
1988,6.11413,,167.143,,112.971
1989,6.11728,,167.286,,113.143
1990,6.12043,,167.429,,113.314
1991,6.12358,,167.571,,113.486
1992,6.12673,,167.714,,113.657
1993,6.12988,,167.857,,113.829
1994,6.13303,,168,,114
1995,6.13615,,168,,114.2
1996,6.13968,,168.167,,113.5
1997,6.14321,,168.333,,112.8
1998,6.14673,,168.5,,112.1
1999,6.15026,,168.667,,111.4
2000,6.15379,,168.833,,110.7
2001,6.15732,,169,,110
2002,6.16151,,169,,109.04
2003,6.16571,,169,,108.08
2004,6.1699,,169,,107.12
2005,6.1741,,169,,106.16
2006,6.17829,,169,,105.2
2007,6.18238,,169.2,,105.92
2008,6.18647,,169.4,,106.64
2009,6.19057,,169.6,,107.36
2010,6.19466,,169.8,,108.08
2011,6.19875,,170,,108.8
2012,6.20191,,170.143,,109.514
2013,6.20507,,170.286,,110.229
2014,6.20823,,170.429,,110.943
2015,6.21138,,170.571,,111.657
2016,6.21454,,170.714,,112.371
2017,6.2177,,170.857,,113.086
2018,6.22086,,171,,113.8
2019,6.22424,,171,,115.133
2020,6.22762,,171,,116.467
2021,6.231,,171,,117.8
2022,6.23438,,171,,119.133
2023,6.23776,,171,,120.467
2024,6.24114,,171,,121.8
2025,6.24515,,171,,122.36
2026,6.24916,,171,,122.92
2027,6.25318,,171,,123.48
2028,6.25719,,171,,124.04
2029,6.2612,,171,,124.6
2030,6.26531,,171,,124.44
2031,6.26942,,171,,124.28
2032,6.27354,,171,,124.12
2033,6.27765,,171,,123.96
2034,6.28176,,171,,123.8
2035,6.28541,,171,,124.2
2036,6.28907,,171,,124.6
2037,6.29272,,171,,125
2038,6.29638,,171,,125.4
2039,6.30003,,171,,125.8
2040,6.30369,,171,,126.2
2041,6.30722,,171.167,,127.033
2042,6.31075,,171.333,,127.867
2043,6.31427,,171.5,,128.7
2044,6.3178,,171.667,,129.533
2045,6.32133,,171.833,,130.367
2046,6.32486,,172,,131.2
2047,6.32858,,172,,131.867
2048,6.33231,,172,,132.533
2049,6.33603,,172,,133.2
2050,6.33975,,172,,133.867
2051,6.34348,,172,,134.533
2052,6.3472,,172,,135.2
2053,6.35084,,172.333,,134.933
2054,6.35448,,172.667,,134.667
2055,6.35812,,173,,134.4
2056,6.3616,,173.167,,135.233
2057,6.36508,,173.333,,136.067
2058,6.36855,,173.5,,136.9
2059,6.37203,,173.667,,137.733
2060,6.37551,,173.833,,138.567
2061,6.37899,,174,,139.4
2062,6.38294,,174,,139.867
2063,6.3869,,174,,140.333
2064,6.39085,,174,,140.8
2065,6.3948,,174,,141.267
2066,6.39876,,174,,141.733
2067,6.40271,,174,,142.2
2068,6.40673,,174,,141.12
2069,6.41074,,174,,140.04
2070,6.41476,,174,,138.96
2071,6.41877,,174,,137.88
2072,6.42279,,174,,136.8
2073,6.42634,,174,,135.7
2074,6.42989,,174,,134.6
2075,6.43344,,174,,133.5
2076,6.43699,,174,,132.4
2077,6.44054,,174,,131.3
2078,6.44409,,174,,130.2
2079,6.44737,,173.857,,129.4
2080,6.45066,,173.714,,128.6
2081,6.45394,,173.571,,127.8
2082,6.45722,,173.429,,127
2083,6.4605,,173.286,,126.2
2084,6.46379,,173.143,,125.4
2085,6.46707,,173,,124.6
2086,6.47079,,172.833,,123.6
2087,6.47451,,172.667,,122.6
2088,6.47823,,172.5,,121.6
2089,6.48196,,172.333,,120.6
2090,6.48568,,172.167,,119.6
2091,6.4894,,172,,118.6
2092,6.49221,,171.625,,119.1
2093,6.49503,,171.25,,119.6
2094,6.49784,,170.875,,120.1
2095,6.50066,,170.5,,120.6
2096,6.50347,,170.125,,121.1
2097,6.50628,,169.75,,121.6
2098,6.5091,,169.375,,122.1
2099,6.51191,,169,,122.6
2100,6.51511,,168.714,,123.143
2101,6.51831,,168.429,,123.686
2102,6.52151,,168.143,,124.229
2103,6.52472,,167.857,,124.771
2104,6.52792,,167.571,,125.314
2105,6.53112,,167.286,,125.857
2106,6.53432,,167,,126.4
2107,6.53854,,167,,124.96
2108,6.54276,,167,,123.52
2109,6.54697,,167,,122.08
2110,6.55119,,167,,120.64
2111,6.55541,,167,,119.2
2112,6.55865,,167,,118.714
2113,6.56188,,167,,118.229
2114,6.56512,,167,,117.743
2115,6.56836,,167,,117.257
2116,6.5716,,167,,116.771
2117,6.57483,,167,,116.286
2118,6.57807,,167,,115.8
2119,6.58246,,167,,115.76
2120,6.58685,,167,,115.72
2121,6.59125,,167,,115.68
2122,6.59564,,167,,115.64
2123,6.60003,,167,,115.6
2124,6.60436,,166.8,,115.28
2125,6.6087,,166.6,,114.96
2126,6.61303,,166.4,,114.64
2127,6.61737,,166.2,,114.32
2128,6.6217,,166,,114
2129,6.62623,,165.8,,113.8
2130,6.63076,,165.6,,113.6
2131,6.6353,,165.4,,113.4
2132,6.63983,,165.2,,113.2
2133,6.64436,,165,,113
2134,6.64918,,165,,112.36
2135,6.654,,165,,111.72
2136,6.65882,,165,,111.08
2137,6.66364,,165,,110.44
2138,6.66846,,165,,109.8
2139,6.67347,,165,,109.85
2140,6.67849,,165,,109.9
2141,6.6835,,165,,109.95
2142,6.68852,,165,,110
2143,6.69286,,165,,109.6
2144,6.69721,,165,,109.2
2145,6.70155,,165,,108.8
2146,6.7059,,165,,108.4
2147,6.71024,,165,,108
2148,6.71499,,165,,108.92
2149,6.71974,,165,,109.84
2150,6.72449,,165,,110.76
2151,6.72924,,165,,111.68
2152,6.73399,,165,,112.6
2153,6.73905,,164.75,,113.95
2154,6.7441,,164.5,,115.3
2155,6.74916,,164.25,,116.65
2156,6.75422,,164,,118
2157,6.75887,,164.2,,119.28
2158,6.76352,,164.4,,120.56
2159,6.76817,,164.6,,121.84
2160,6.77282,,164.8,,123.12
2161,6.77747,,165,,124.4
2162,6.78185,,165,,126.4
2163,6.78623,,165,,128.4
2164,6.79062,,165,,130.4
2165,6.795,,165,,132.4
2166,6.79938,,165,,134.4
2167,6.80359,,165.2,,134.84
2168,6.80781,,165.4,,135.28
2169,6.81202,,165.6,,135.72
2170,6.81624,,165.8,,136.16
2171,6.82045,,166,,136.6
2172,6.82483,,166.2,,136.48
2173,6.8292,,166.4,,136.36
2174,6.83358,,166.6,,136.24
2175,6.83795,,166.8,,136.12
2176,6.84233,,167,,136
2177,6.84677,,167.2,,135.6
2178,6.85121,,167.4,,135.2
2179,6.85565,,167.6,,134.8
2180,6.86009,,167.8,,134.4
2181,6.86453,,168,,134
2182,6.8684,,168.167,,133.367
2183,6.87227,,168.333,,132.733
2184,6.87614,,168.5,,132.1
2185,6.88002,,168.667,,131.467
2186,6.88389,,168.833,,130.833
2187,6.88776,,169,,130.2
2188,6.89173,,169.167,,127.967
2189,6.8957,,169.333,,125.733
2190,6.89967,,169.5,,123.5
2191,6.90364,,169.667,,121.267
2192,6.90761,,169.833,,119.033
2193,6.91158,,170,,116.8
2194,6.91569,,170,,115.8
2195,6.9198,,170,,114.8
2196,6.92392,,170,,113.8
2197,6.92803,,170,,112.8
2198,6.93214,,170,,111.8
2199,6.93627,,170.2,,110.88
2200,6.9404,,170.4,,109.96
2201,6.94453,,170.6,,109.04
2202,6.94866,,170.8,,108.12
2203,6.95279,,171,,107.2
2204,6.95657,,170.833,,106.4
2205,6.96035,,170.667,,105.6
2206,6.96412,,170.5,,104.8
2207,6.9679,,170.333,,104
2208,6.97168,,170.167,,103.2
2209,6.97546,,170,,102.4
2210,6.97961,,170.2,,101.6
2211,6.98376,,170.4,,100.8
2212,6.9879,,170.6,,100
2213,6.99205,,170.8,,99.2
2214,6.9962,,171,,98.4
2215,7.00021,,171,,98.08
2216,7.00422,,171,,97.76
2217,7.00822,,171,,97.44
2218,7.01223,,171,,97.12
2219,7.01624,,171,,96.8
2220,7.02046,,171,,97.04
2221,7.02467,,171,,97.28
2222,7.02889,,171,,97.52
2223,7.0331,,171,,97.76
2224,7.03732,,171,,98
2225,7.04103,,171.167,,98.0667
2226,7.04474,,171.333,,98.1333
2227,7.04845,,171.5,,98.2
2228,7.05217,,171.667,,98.2667
2229,7.05588,,171.833,,98.3333
2230,7.05959,,172,,98.4
2231,7.06344,,172.167,,98.7333
2232,7.06729,,172.333,,99.0667
2233,7.07114,,172.5,,99.4
2234,7.07499,,172.667,,99.7333
2235,7.07884,,172.833,,100.067
2236,7.08269,,173,,100.4
2237,7.08679,,173.2,,101.08
2238,7.09088,,173.4,,101.76
2239,7.09498,,173.6,,102.44
2240,7.09907,,173.8,,103.12
2241,7.10317,,174,,103.8
2242,7.10712,,174,,104.233
2243,7.11107,,174,,104.667
2244,7.11501,,174,,105.1
2245,7.11896,,174,,105.533
2246,7.12291,,174,,105.967
2247,7.12686,,174,,106.4
2248,7.13072,,174.167,,106.933
2249,7.13458,,174.333,,107.467
2250,7.13844,,174.5,,108
2251,7.14231,,174.667,,108.533
2252,7.14617,,174.833,,109.067
2253,7.15003,,175,,109.6
2254,7.1535,,175,,109.967
2255,7.15697,,175,,110.333
2256,7.16043,,175,,110.7
2257,7.1639,,175,,111.067
2258,7.16737,,175,,111.433
2259,7.17084,,175,,111.8
2260,7.17456,,175,,112.333
2261,7.17829,,175,,112.867
2262,7.18201,,175,,113.4
2263,7.18574,,175,,113.933
2264,7.18946,,175,,114.467
2265,7.19319,,175,,115
2266,7.19756,,175.2,,114.84
2267,7.20192,,175.4,,114.68
2268,7.20629,,175.6,,114.52
2269,7.21065,,175.8,,114.36
2270,7.21502,,176,,114.2
2271,7.21894,,176,,113.8
2272,7.22286,,176,,113.4
2273,7.22678,,176,,113
2274,7.2307,,176,,112.6
2275,7.23462,,176,,112.2
2276,7.23854,,176,,111.8
2277,7.2425,,176,,111.4
2278,7.24646,,176,,111
2279,7.25042,,176,,110.6
2280,7.25438,,176,,110.2
2281,7.25851,,176.2,,109.96
2282,7.26264,,176.4,,109.72
2283,7.26678,,176.6,,109.48
2284,7.27091,,176.8,,109.24
2285,7.27504,,177,,109
2286,7.27715,,176.8,,108.76
2287,7.27925,,176.6,,108.52
2288,7.28136,,176.4,,108.28
2289,7.28347,,176.2,,108.04
2290,7.28557,,176,,107.8
2291,7.28768,,175.8,,107.56
2292,7.28979,,175.6,,107.32
2293,7.2919,,175.4,,107.08
2294,7.294,,175.2,,106.84
2295,7.29611,,175,,106.6
2296,7.29792,,174.571,,106.371
2297,7.29973,,174.143,,106.143
2298,7.30154,,173.714,,105.914
2299,7.30334,,173.286,,105.686
2300,7.30515,,172.857,,105.457
2301,7.30696,,172.429,,105.229
2302,7.30877,,172,,105
2303,7.31019,,171.6,,104.16
2304,7.31161,,171.2,,103.32
2305,7.31302,,170.8,,102.48
2306,7.31444,,170.4,,101.64
2307,7.31586,,170,,100.8
2308,7.31701,,169.4,,100.32
2309,7.31817,,168.8,,99.84
2310,7.31932,,168.2,,99.36
2311,7.32048,,167.6,,98.88
2312,7.32163,,167,,98.4
2313,7.32291,,166,,97.9333
2314,7.3242,,165,,97.4667
2315,7.32548,,164,,97
2316,7.32661,,163,,96.7333
2317,7.32775,,162,,96.4667
2318,7.32888,,161,,96.2
2319,7.32978,,160,,96
2320,7.33069,,159,,95.8
2321,7.33231,,158,,95
2322,7.33394,,157,,94.2
2323,7.33556,,156,,93.4
2324,7.33707,,155,,93.2667
2325,7.33858,,154,,93.1333
2326,7.34009,,153,,93
2327,7.34138,,152.25,,92.45
2328,7.34268,,151.5,,91.9
2329,7.34397,,150.75,,91.35
2330,7.34527,,150,,90.8
2331,7.3484,,150,,89.8
2332,7.34918,,149,,89.4
2333,7.34996,,148,,89
2334,7.3515,,147.4,,88.88
2335,7.35304,,146.8,,88.76
2336,7.35459,,146.2,,88.64
2337,7.35613,,145.6,,88.52
2338,7.35767,,145,,88.4
2339,7.35957,,144.4,,89
2340,7.36148,,143.8,,89.6
2341,7.36338,,143.2,,90.2
2342,7.36529,,142.6,,90.8
2343,7.36719,,142,,91.4
2344,7.36879,,141.571,,91.4571
2345,7.3704,,141.143,,91.5143
2346,7.372,,140.714,,91.5714
2347,7.37361,,140.286,,91.6286
2348,7.37521,,139.857,,91.6857
2349,7.37682,,139.429,,91.7429
2350,7.37842,,139,,91.8
2351,7.38005,,138.4,,92.24
2352,7.38168,,137.8,,92.68
2353,7.3833,,137.2,,93.12
2354,7.38493,,136.6,,93.56
2355,7.38656,,136,,94
2356,7.38827,,135.25,,94.5
2357,7.38999,,134.5,,95
2358,7.3917,,133.75,,95.5
2359,7.39342,,133,,96
2360,7.39497,,132.923,,96.1692
2361,7.39652,,132.846,,96.3385
2362,7.39807,,132.769,,96.5077
2363,7.39962,,132.692,,96.6769
2364,7.40117,,132.615,,96.8462
2365,7.40272,,132.538,,97.0154
2366,7.40427,,132.462,,97.1846
2367,7.40582,,132.385,,97.3538
2368,7.40737,,132.308,,97.5231
2369,7.40892,,132.231,,97.6923
2370,7.41047,,132.154,,97.8615
2371,7.41202,,132.077,,98.0308
2372,7.41357,,132,,98.2
2373,7.41491,,132,,97.8667
2374,7.41624,,132,,97.5333
2375,7.41758,,132,,97.2
2376,7.41891,,132,,96.8667
2377,7.42025,,132,,96.5333
2378,7.42158,,132,,96.2
2379,7.42292,,132,,95.8667
2380,7.42425,,132,,95.5333
2381,7.42559,,132,,95.2
2382,7.42705,,131.25,,94.75
2383,7.42851,,130.5,,94.3
2384,7.42998,,129.75,,93.85
2385,7.43144,,129,,93.4
2386,7.43296,,128.25,,93.1
2387,7.43449,,127.5,,92.8
2388,7.43601,,126.75,,92.5
2389,7.43754,,126,,92.2
2390,7.43933,,125.571,,91.7429
2391,7.44111,,125.143,,91.2857
2392,7.4429,,124.714,,90.8286
2393,7.44468,,124.286,,90.3714
2394,7.44647,,123.857,,89.9143
2395,7.44825,,123.429,,89.4571
2396,7.45004,,123,,89
2397,7.45176,,122.5,,88.9
2398,7.45348,,122,,88.8
2399,7.4552,,121.5,,88.7
2400,7.45692,,121,,88.6
2401,7.45869,,120.75,,88.875
2402,7.46047,,120.5,,89.15
2403,7.46224,,120.25,,89.425
2404,7.46401,,120,,89.7
2405,7.46579,,119.75,,89.975
2406,7.46756,,119.5,,90.25
2407,7.46934,,119.25,,90.525
2408,7.47111,,119,,90.8
2409,7.47141,,118.625,,91.075
2410,7.47172,,118.25,,91.35
2411,7.47202,,117.875,,91.625
2412,7.47232,,117.5,,91.9
2413,7.47263,,117.125,,92.175
2414,7.47293,,116.75,,92.45
2415,7.47324,,116.375,,92.725
2416,7.47354,,116,,93
2417,7.47362,,116.136,,93
2418,7.47371,,116.273,,93
2419,7.47379,,116.409,,93
2420,7.47388,,116.545,,93
2421,7.47396,,116.682,,93
2422,7.47405,,116.818,,93
2423,7.47413,,116.955,,93
2424,7.47422,,117.091,,93
2425,7.4743,,117.227,,93
2426,7.47439,,117.364,,93
2427,7.47447,,117.5,,93
2428,7.47455,,117.636,,93
2429,7.47464,,117.773,,93
2430,7.47472,,117.909,,93
2431,7.47481,,118.045,,93
2432,7.47489,,118.182,,93
2433,7.47498,,118.318,,93
2434,7.47506,,118.455,,93
2435,7.47515,,118.591,,93
2436,7.47523,,118.727,,93
2437,7.47532,,118.864,,93
2438,7.4754,,119,,93
2439,7.47672,,119.059,,92.8471
2440,7.47805,,119.118,,92.6941
2441,7.47937,,119.176,,92.5412
2442,7.4807,,119.235,,92.3882
2443,7.48202,,119.294,,92.2353
2444,7.48335,,119.353,,92.0824
2445,7.48467,,119.412,,91.9294
2446,7.486,,119.471,,91.7765
2447,7.48732,,119.529,,91.6235
2448,7.48865,,119.588,,91.4706
2449,7.48997,,119.647,,91.3176
2450,7.4913,,119.706,,91.1647
2451,7.49262,,119.765,,91.0118
2452,7.49395,,119.824,,90.8588
2453,7.49527,,119.882,,90.7059
2454,7.4966,,119.941,,90.5529
2455,7.49792,,120,,90.4
2456,7.50133,,119.667,,89.9
2457,7.50475,,119.333,,89.4
2458,7.50816,,119,,88.9
2459,7.51158,,118.667,,88.4
2460,7.51499,,118.333,,87.9
2461,7.51841,,118,,87.4
2462,7.52166,,118.5,,86.9667
2463,7.52492,,119,,86.5333
2464,7.52817,,119.5,,86.1
2465,7.53143,,120,,85.6667
2466,7.53468,,120.5,,85.2333
2467,7.53794,,121,,84.8
2468,7.54127,,121.333,,84.9
2469,7.54461,,121.667,,85
2470,7.54795,,122,,85.1
2471,7.55128,,122.333,,85.2
2472,7.55462,,122.667,,85.3
2473,7.55795,,123,,85.4
2474,7.56129,,123.333,,85.4
2475,7.56462,,123.667,,85.4
2476,7.56796,,124,,85.4
2477,7.5713,,124.333,,85.4
2478,7.57463,,124.667,,85.4
2479,7.57797,,125,,85.4
2480,7.5814,,125.333,,85.1667
2481,7.58484,,125.667,,84.9333
2482,7.58827,,126,,84.7
2483,7.5917,,126.333,,84.4667
2484,7.59514,,126.667,,84.2333
2485,7.59857,,127,,84
2486,7.60167,,127.5,,83.3667
2487,7.60477,,128,,82.7333
2488,7.60786,,128.5,,82.1
2489,7.61096,,129,,81.4667
2490,7.61406,,129.5,,80.8333
2491,7.61716,,130,,80.2
2492,7.62041,,130.286,,80.0571
2493,7.62366,,130.571,,79.9143
2494,7.62691,,130.857,,79.7714
2495,7.63017,,131.143,,79.6286
2496,7.63342,,131.429,,79.4857
2497,7.63667,,131.714,,79.3429
2498,7.63992,,132,,79.2
2499,7.64333,,132.167,,79.2
2500,7.64675,,132.333,,79.2
2501,7.65016,,132.5,,79.2
2502,7.65358,,132.667,,79.2
2503,7.65699,,132.833,,79.2
2504,7.66041,,133,,79.2
2505,7.66382,,133.167,,79.5
2506,7.66724,,133.333,,79.8
2507,7.67066,,133.5,,80.1
2508,7.67407,,133.667,,80.4
2509,7.67748,,133.833,,80.7
2510,7.6809,,134,,81
2511,7.68452,,133.833,,81.3667
2512,7.68815,,133.667,,81.7333
2513,7.69177,,133.5,,82.1
2514,7.6954,,133.333,,82.4667
2515,7.69902,,133.167,,82.8333
2516,7.70265,,133,,83.2
2517,7.70587,,133.143,,83.7143
2518,7.70909,,133.286,,84.2286
2519,7.71231,,133.429,,84.7429
2520,7.71553,,133.571,,85.2571
2521,7.71875,,133.714,,85.7714
2522,7.72197,,133.857,,86.2857
2523,7.72519,,134,,86.8
2524,7.72831,,134.143,,87.3429
2525,7.73143,,134.286,,87.8857
2526,7.73455,,134.429,,88.4286
2527,7.73768,,134.571,,88.9714
2528,7.7408,,134.714,,89.5143
2529,7.74392,,134.857,,90.0571
2530,7.74704,,135,,90.6
2531,7.74943,,135.222,,91.9778
2532,7.75183,,135.444,,93.3556
2533,7.75422,,135.667,,94.7333
2534,7.75662,,135.889,,96.1111
2535,7.75901,,136.111,,97.4889
2536,7.76141,,136.333,,98.8667
2537,7.7638,,136.556,,100.244
2538,7.7662,,136.778,,101.622
2539,7.76859,,137,,103
2540,7.77122,,137.125,,104.275
2541,7.77386,,137.25,,105.55
2542,7.77649,,137.375,,106.825
2543,7.77912,,137.5,,108.1
2544,7.78176,,137.625,,109.375
2545,7.78439,,137.75,,110.65
2546,7.78703,,137.875,,111.925
2547,7.78966,,138,,113.2
2548,7.79298,,137.857,,113.371
2549,7.79629,,137.714,,113.543
2550,7.79961,,137.571,,113.714
2551,7.80293,,137.429,,113.886
2552,7.80625,,137.286,,114.057
2553,7.80956,,137.143,,114.229
2554,7.81288,,137,,114.4
2555,7.81634,,137,,114.767
2556,7.8198,,137,,115.133
2557,7.82325,,137,,115.5
2558,7.82671,,137,,115.867
2559,7.83017,,137,,116.233
2560,7.83363,,137,,116.6
2561,7.83728,,137.333,,116.733
2562,7.84093,,137.667,,116.867
2563,7.84458,,138,,117
2564,7.84824,,138.333,,117.133
2565,7.85189,,138.667,,117.267
2566,7.85554,,139,,117.4
2567,7.85851,,139.6,,117.12
2568,7.86148,,140.2,,116.84
2569,7.86444,,140.8,,116.56
2570,7.86741,,141.4,,116.28
2571,7.87038,,142,,116
2572,7.87415,,142.333,,116.8
2573,7.87791,,142.667,,117.6
2574,7.88168,,143,,118.4
2575,7.88545,,143.333,,119.2
2576,7.88921,,143.667,,120
2577,7.89298,,144,,120.8
2578,7.89493,,143.857,,120.943
2579,7.89688,,143.714,,121.086
2580,7.89883,,143.571,,121.229
2581,7.90079,,143.429,,121.371
2582,7.90274,,143.286,,121.514
2583,7.90469,,143.143,,121.657
2584,7.90664,,143,,121.8
2585,7.90951,,142.857,,123.086
2586,7.91237,,142.714,,124.371
2587,7.91524,,142.571,,125.657
2588,7.9181,,142.429,,126.943
2589,7.92097,,142.286,,128.229
2590,7.92383,,142.143,,129.514
2591,7.9267,,142,,130.8
2592,7.93014,,141.857,,131.114
2593,7.93357,,141.714,,131.429
2594,7.93701,,141.571,,131.743
2595,7.94045,,141.429,,132.057
2596,7.94389,,141.286,,132.371
2597,7.94732,,141.143,,132.686
2598,7.95076,,141,,133
2599,7.95448,,140.667,,132.867
2600,7.9582,,140.333,,132.733
2601,7.96191,,140,,132.6
2602,7.96563,,139.667,,132.467
2603,7.96935,,139.333,,132.333
2604,7.97307,,139,,132.2
2605,7.97678,,139,,130.533
2606,7.98049,,139,,128.867
2607,7.98419,,139,,127.2
2608,7.9879,,139,,125.533
2609,7.99161,,139,,123.867
2610,7.99532,,139,,122.2
2611,7.99847,,139,,121.457
2612,8.00163,,139,,120.714
2613,8.00478,,139,,119.971
2614,8.00794,,139,,119.229
2615,8.01109,,139,,118.486
2616,8.01425,,139,,117.743
2617,8.0174,,139,,117
2618,8.02011,,139.25,,115.65
2619,8.02282,,139.5,,114.3
2620,8.02553,,139.75,,112.95
2621,8.02825,,140,,111.6
2622,8.03096,,140.25,,110.25
2623,8.03367,,140.5,,108.9
2624,8.03638,,140.75,,107.55
2625,8.03909,,141,,106.2
2626,8.04265,,141.167,,106.8
2627,8.04621,,141.333,,107.4
2628,8.04978,,141.5,,108
2629,8.05334,,141.667,,108.6
2630,8.0569,,141.833,,109.2
2631,8.06046,,142,,109.8
2632,8.06472,,141.8,,109.92
2633,8.06898,,141.6,,110.04
2634,8.07324,,141.4,,110.16
2635,8.0775,,141.2,,110.28
2636,8.08176,,141,,110.4
2637,8.0843,,141.125,,107.925
2638,8.08685,,141.25,,105.45
2639,8.08939,,141.375,,102.975
2640,8.09194,,141.5,,100.5
2641,8.09448,,141.625,,98.025
2642,8.09703,,141.75,,95.55
2643,8.09957,,141.875,,93.075
2644,8.10212,,142,,90.6
2645,8.10499,,142.125,,90.825
2646,8.10785,,142.25,,91.05
2647,8.11072,,142.375,,91.275
2648,8.11359,,142.5,,91.5
2649,8.11645,,142.625,,91.725
2650,8.11932,,142.75,,91.95
2651,8.12218,,142.875,,92.175
2652,8.12505,,143,,92.4
2653,8.12766,,143,,92.7
2654,8.13027,,143,,93
2655,8.13288,,143,,93.3
2656,8.13549,,143,,93.6
2657,8.13811,,143,,93.9
2658,8.14072,,143,,94.2
2659,8.14333,,143,,94.5
2660,8.14594,,143,,94.8
2661,8.14908,,143,,94.7429
2662,8.15222,,143,,94.6857
2663,8.15536,,143,,94.6286
2664,8.15849,,143,,94.5714
2665,8.16163,,143,,94.5143
2666,8.16477,,143,,94.4571
2667,8.16791,,143,,94.4
2668,8.17152,,143,,94.5667
2669,8.17513,,143,,94.7333
2670,8.17874,,143,,94.9
2671,8.18235,,143,,95.0667
2672,8.18596,,143,,95.2333
2673,8.18957,,143,,95.4
2674,8.19253,,142.714,,95.8
2675,8.1955,,142.429,,96.2
2676,8.19846,,142.143,,96.6
2677,8.20142,,141.857,,97
2678,8.20438,,141.571,,97.4
2679,8.20735,,141.286,,97.8
2680,8.21031,,141,,98.2
2681,8.21391,,140.833,,98.5667
2682,8.21751,,140.667,,98.9333
2683,8.2211,,140.5,,99.3
2684,8.2247,,140.333,,99.6667
2685,8.2283,,140.167,,100.033
2686,8.2319,,140,,100.4
2687,8.23537,,140.167,,100.7
2688,8.23885,,140.333,,101
2689,8.24232,,140.5,,101.3
2690,8.24579,,140.667,,101.6
2691,8.24927,,140.833,,101.9
2692,8.25274,,141,,102.2
2693,8.25781,,140.8,,102.04
2694,8.26288,,140.6,,101.88
2695,8.26794,,140.4,,101.72
2696,8.27301,,140.2,,101.56
2697,8.27808,,140,,101.4
2698,8.2834,,140,,97.85
2699,8.28872,,140,,94.3
2700,8.29405,,140,,90.75
2701,8.29937,,140,,87.2
2702,8.30274,,140,,85.7
2703,8.30612,,140,,84.2
2704,8.30949,,140,,82.7
2705,8.31286,,140,,81.2
2706,8.31624,,140,,79.7
2707,8.31961,,140,,78.2
2708,8.32226,,140.125,,78.525
2709,8.32492,,140.25,,78.85
2710,8.32757,,140.375,,79.175
2711,8.33022,,140.5,,79.5
2712,8.33288,,140.625,,79.825
2713,8.33553,,140.75,,80.15
2714,8.33819,,140.875,,80.475
2715,8.34084,,141,,80.8
2716,8.34446,,140.833,,80.5333
2717,8.34809,,140.667,,80.2667
2718,8.35171,,140.5,,80
2719,8.35533,,140.333,,79.7333
2720,8.35896,,140.167,,79.4667
2721,8.36258,,140,,79.2
2722,8.36594,,140,,77.9143
2723,8.3693,,140,,76.6286
2724,8.37266,,140,,75.3429
2725,8.37602,,140,,74.0571
2726,8.37938,,140,,72.7714
2727,8.38274,,140,,71.4857
2728,8.3861,,140,,70.2
2729,8.38928,,140.143,,69.6571
2730,8.39246,,140.286,,69.1143
2731,8.39564,,140.429,,68.5714
2732,8.39882,,140.571,,68.0286
2733,8.402,,140.714,,67.4857
2734,8.40518,,140.857,,66.9429
2735,8.40836,,141,,66.4
2736,8.41171,,140.833,,65.9333
2737,8.41506,,140.667,,65.4667
2738,8.41841,,140.5,,65
2739,8.42176,,140.333,,64.5333
2740,8.42511,,140.167,,64.0667
2741,8.42846,,140,,63.6
2742,8.43185,,140,,63.3667
2743,8.43525,,140,,63.1333
2744,8.43864,,140,,62.9
2745,8.44203,,140,,62.6667
2746,8.44543,,140,,62.4333
2747,8.44882,,140,,62.2
2748,8.45218,,140,,61.8
2749,8.45553,,140,,61.4
2750,8.45776,,139.889,,61.9111
2751,8.46,,139.778,,62.4222
2752,8.46223,,139.667,,62.9333
2753,8.46447,,139.556,,63.4444
2754,8.4667,,139.444,,63.9556
2755,8.46894,,139.333,,64.4667
2756,8.47117,,139.222,,64.9778
2757,8.47341,,139.111,,65.4889
2758,8.47564,,139,,66
2759,8.47823,,139.125,,66.925
2760,8.48082,,139.25,,67.85
2761,8.48341,,139.375,,68.775
2762,8.486,,139.5,,69.7
2763,8.48859,,139.625,,70.625
2764,8.49118,,139.75,,71.55
2765,8.49377,,139.875,,72.475
2766,8.49636,,140,,73.4
2767,8.49985,,140,,72.8333
2768,8.50334,,140,,72.2667
2769,8.50682,,140,,71.7
2770,8.51031,,140,,71.1333
2771,8.5138,,140,,70.5667
2772,8.51729,,140,,70
2773,8.52136,,139,,69.6
