secs,km,power,hr,cad,alt
0,0,,90,,0
1,0.0028,,90,,0
2,0.00553,,90.75,,0
3,0.00826,,91.5,,0
4,0.01099,,92.25,,0
5,0.01372,,93,,0
6,0.0166875,,93.75,,0
7,0.019655,,94.5,,0
8,0.0226225,,95.25,,0
9,0.02559,,96,,0
10,0.0285957,,96.1429,,0
11,0.0316014,,96.2857,,0
12,0.0346071,,96.4286,,0
13,0.0376129,,96.5714,,0
14,0.0406186,,96.7143,,0
15,0.0436243,,96.8571,,0
16,0.04663,,97,,0
17,0.0496786,,97.4286,,0
18,0.0527271,,97.8571,,0
19,0.0557757,,98.2857,,0
20,0.0588243,,98.7143,,0
21,0.0618729,,99.1429,,0
22,0.0649214,,99.5714,,0
23,0.06797,,100,,0
24,0.0710725,,100.75,,0
25,0.074175,,101.5,,0
26,0.0772775,,102.25,,0
27,0.08038,,103,,0
28,0.0834629,,103,,0
29,0.0865457,,103,,0
30,0.0896286,,103,,0
31,0.0927114,,103,,0
32,0.0957943,,103,,0
33,0.0988771,,103,,0
34,0.10196,,103,,0
35,0.105037,,103.5,,0
36,0.108113,,104,,0
37,0.11119,,104.5,,0
38,0.114267,,105,,0
39,0.117343,,105.5,,0
40,0.12042,,106,,0
41,0.123525,,106.75,,0
42,0.12663,,107.5,,0
43,0.129735,,108.25,,0
44,0.13284,,109,,0
45,0.135959,,109,,0
46,0.139077,,109,,0
47,0.142196,,109,,0
48,0.145314,,109,,0
49,0.148433,,109,,0
50,0.151551,,109,,0
51,0.15467,,109,,0
52,0.157813,,110,,0
53,0.160957,,111,,0
54,0.1641,,112,,0
55,0.167276,,112.6,,0
56,0.170452,,113.2,,0
57,0.173628,,113.8,,0
58,0.176804,,114.4,,0
59,0.17998,,115,,0
60,0.183157,,116,,0
61,0.186333,,117,,0
62,0.18951,,118,,0
63,0.19268,,118,,0
64,0.19585,,118,,0
65,0.19902,,118,,0
66,0.20219,,118,,0
67,0.20536,,118,,0
68,0.20853,,118,,0
69,0.2117,,118,,0
70,0.214846,,118.143,,0
71,0.217991,,118.286,,0
72,0.221137,,118.429,,0
73,0.224283,,118.571,,0
74,0.227429,,118.714,,0
75,0.230574,,118.857,,0
76,0.23372,,119,,0
77,0.236889,,119.286,,0
78,0.240057,,119.571,,0
79,0.243226,,119.857,,0
80,0.246394,,120.143,,0
81,0.249563,,120.429,,0
82,0.252731,,120.714,,0
83,0.2559,,121,,0
84,0.259086,,120.857,,0
85,0.262271,,120.714,,0
86,0.265457,,120.571,,0
87,0.268643,,120.429,,0
88,0.271829,,120.286,,0
89,0.275014,,120.143,,0
90,0.2782,,120,,0
91,0.281364,,120.143,,0
92,0.284529,,120.286,,0
93,0.287693,,120.429,,0
94,0.290857,,120.571,,0
95,0.294021,,120.714,,0
96,0.297186,,120.857,,0
97,0.30035,,121,,0
98,0.30352,,120.714,,0
99,0.30669,,120.429,,0
100,0.30986,,120.143,,0
101,0.31303,,119.857,,0
102,0.3162,,119.571,,0
103,0.31937,,119.286,,0
104,0.32254,,119,,0
105,0.325743,,119.143,,0
106,0.328946,,119.286,,0
107,0.332149,,119.429,,0
108,0.335351,,119.571,,0
109,0.338554,,119.714,,0
110,0.341757,,119.857,,0
111,0.34496,,120,,0
112,0.34816,,120.286,,0
113,0.35136,,120.571,,0
114,0.35456,,120.857,,0
115,0.35776,,121.143,,0
116,0.36096,,121.429,,0
117,0.36416,,121.714,,0
118,0.36736,,122,,0
119,0.370559,,122.143,,0
120,0.373757,,122.286,,0
121,0.376956,,122.429,,0
122,0.380154,,122.571,,0
123,0.383353,,122.714,,0
124,0.386551,,122.857,,0
125,0.38975,,123,,0
126,0.392931,,123,,0
127,0.396113,,123,,0
128,0.399294,,123,,0
129,0.402476,,123,,0
130,0.405657,,123,,0
131,0.408839,,123,,0
132,0.41202,,123,,0
133,0.415214,,123.143,,0
134,0.418409,,123.286,,0
135,0.421603,,123.429,,0
136,0.424797,,123.571,,0
137,0.427991,,123.714,,0
138,0.431186,,123.857,,0
139,0.43438,,124,,0
140,0.437567,,124.286,,0
141,0.440754,,124.571,,0
142,0.443941,,124.857,,0
143,0.447129,,125.143,,0
144,0.450316,,125.429,,0
145,0.453503,,125.714,,0
146,0.45669,,126,,0
147,0.459922,,126.75,,0
148,0.463155,,127.5,,0
149,0.466387,,128.25,,0
150,0.46962,,129,,0
151,0.472901,,129.143,,0
152,0.476183,,129.286,,0
153,0.479464,,129.429,,0
154,0.482746,,129.571,,0
155,0.486027,,129.714,,0
156,0.489309,,129.857,,0
157,0.49259,,130,,0
158,0.49591,,129.857,,0
159,0.49923,,129.714,,0
160,0.50255,,129.571,,0
161,0.50587,,129.429,,0
162,0.50919,,129.286,,0
163,0.51251,,129.143,,0
164,0.51583,,129,,0
165,0.519123,,128.857,,0
166,0.522416,,128.714,,0
167,0.525709,,128.571,,0
168,0.529001,,128.429,,0
169,0.532294,,128.286,,0
170,0.535587,,128.143,,0
171,0.53888,,128,,0
172,0.542102,,128.5,,0
173,0.545323,,129,,0
174,0.548545,,129.5,,0
175,0.551767,,130,,0
176,0.554988,,130.5,,0
177,0.55821,,131,,0
178,0.561413,,131.286,,0
179,0.564616,,131.571,,0
180,0.567819,,131.857,,0
181,0.571021,,132.143,,0
182,0.574224,,132.429,,0
183,0.577427,,132.714,,0
184,0.58063,,133,,0
185,0.583809,,133.143,,0
186,0.586987,,133.286,,0
187,0.590166,,133.429,,0
188,0.593344,,133.571,,0
189,0.596523,,133.714,,0
190,0.599701,,133.857,,0
191,0.60288,,134,,0
192,0.606104,,134.143,,0
193,0.609329,,134.286,,0
194,0.612553,,134.429,,0
195,0.615777,,134.571,,0
196,0.619001,,134.714,,0
197,0.622226,,134.857,,0
198,0.62545,,135,,0
199,0.62869,,134.714,,0
200,0.63193,,134.429,,0
201,0.63517,,134.143,,0
202,0.63841,,133.857,,0
203,0.64165,,133.571,,0
204,0.64489,,133.286,,0
205,0.64813,,133,,0
206,0.651353,,133.143,,0
207,0.654576,,133.286,,0
208,0.657799,,133.429,,0
209,0.661021,,133.571,,0
210,0.664244,,133.714,,0
211,0.667467,,133.857,,0
212,0.67069,,134,,0
213,0.67397,,134.5,,0
214,0.67725,,135,,0
215,0.68053,,135.5,,0
216,0.68381,,136,,0
217,0.68709,,136.5,,0
218,0.69037,,137,,0
219,0.693697,,137.143,,0
220,0.697024,,137.286,,0
221,0.700351,,137.429,,0
222,0.703679,,137.571,,0
223,0.707006,,137.714,,0
224,0.710333,,137.857,,0
225,0.71366,,138,,0
226,0.716993,,138,,0
227,0.720327,,138,,0
228,0.72366,,138,,0
229,0.726993,,138,,0
230,0.730327,,138,,0
231,0.73366,,138,,0
232,0.73698,,138.143,,0
233,0.7403,,138.286,,0
234,0.74362,,138.429,,0
235,0.74694,,138.571,,0
236,0.75026,,138.714,,0
237,0.75358,,138.857,,0
238,0.7569,,139,,0
239,0.760191,,139,,0
240,0.763483,,139,,0
241,0.766774,,139,,0
242,0.770066,,139,,0
243,0.773357,,139,,0
244,0.776649,,139,,0
245,0.77994,,139,,0
246,0.783231,,139,,0
247,0.786523,,139,,0
248,0.789814,,139,,0
249,0.793106,,139,,0
250,0.796397,,139,,0
251,0.799689,,139,,0
252,0.80298,,139,,0
253,0.80629,,138.857,,0
254,0.8096,,138.714,,0
255,0.81291,,138.571,,0
256,0.81622,,138.429,,0
257,0.81953,,138.286,,0
258,0.82284,,138.143,,0
259,0.82615,,138,,0
260,0.829476,,138,,0
261,0.832801,,138,,0
262,0.836127,,138,,0
263,0.839453,,138,,0
264,0.842779,,138,,0
265,0.846104,,138,,0
266,0.84943,,138,,0
267,0.852729,,138.143,,0
268,0.856027,,138.286,,0
269,0.859326,,138.429,,0
270,0.862624,,138.571,,0
271,0.865923,,138.714,,0
272,0.869221,,138.857,,0
273,0.87252,,139,,0
274,0.875839,,139.286,,0
275,0.879157,,139.571,,0
276,0.882476,,139.857,,0
277,0.885794,,140.143,,0
278,0.889113,,140.429,,0
279,0.892431,,140.714,,0
280,0.89575,,141,,0
281,0.89909,,141.167,,0
282,0.90243,,141.333,,0
283,0.90577,,141.5,,0
284,0.90911,,141.667,,0
285,0.91245,,141.833,,0
286,0.91579,,142,,0
287,0.919112,,142.5,,0
288,0.922433,,143,,0
289,0.925755,,143.5,,0
290,0.929077,,144,,0
291,0.932398,,144.5,,0
292,0.93572,,145,,0
293,0.938997,,144.857,,0
294,0.942274,,144.714,,0
295,0.945551,,144.571,,0
296,0.948829,,144.429,,0
297,0.952106,,144.286,,0
298,0.955383,,144.143,,0
299,0.95866,,144,,0
300,0.961911,,143.857,,0
301,0.965163,,143.714,,0
302,0.968414,,143.571,,0
303,0.971666,,143.429,,0
304,0.974917,,143.286,,0
305,0.978169,,143.143,,0
306,0.98142,,143,,0
307,0.984698,,143.2,,0
308,0.987976,,143.4,,0
309,0.991254,,143.6,,0
310,0.994532,,143.8,,0
311,0.99781,,144,,0
312,1.0011,,143.714,,0
313,1.00439,,143.429,,0
314,1.00768,,143.143,,0
315,1.01097,,142.857,,0
316,1.01426,,142.571,,0
317,1.01755,,142.286,,0
318,1.02084,,142,,0
319,1.02417,,142.286,,0
320,1.02749,,142.571,,0
321,1.03082,,142.857,,0
322,1.03415,,143.143,,0
323,1.03748,,143.429,,0
324,1.0408,,143.714,,0
325,1.04413,,144,,0
326,1.04744,,144,,0
327,1.05075,,144,,0
328,1.05406,,144,,0
329,1.05737,,144,,0
330,1.06068,,144,,0
331,1.06399,,144,,0
332,1.0673,,144,,0
333,1.07063,,143.571,,0
334,1.07396,,143.143,,0
335,1.07729,,142.714,,0
336,1.08061,,142.286,,0
337,1.08394,,141.857,,0
338,1.08727,,141.429,,0
339,1.0906,,141,,0
340,1.09392,,141,,0
341,1.09723,,141,,0
342,1.10055,,141,,0
343,1.10386,,141,,0
344,1.10718,,141,,0
345,1.11049,,141,,0
346,1.11381,,141,,0
347,1.1171,,141.286,,0
348,1.12039,,141.571,,0
349,1.12368,,141.857,,0
350,1.12698,,142.143,,0
351,1.13027,,142.429,,0
352,1.13356,,142.714,,0
353,1.13685,,143,,0
354,1.14014,,143,,0
355,1.14342,,143,,0
356,1.14671,,143,,0
357,1.15,,143,,0
358,1.15329,,143,,0
359,1.15657,,143,,0
360,1.15986,,143,,0
361,1.1632,,142.833,,0
362,1.16654,,142.667,,0
363,1.16988,,142.5,,0
364,1.17323,,142.333,,0
365,1.17657,,142.167,,0
366,1.17991,,142,,0
367,1.18327,,141.833,,0
368,1.18663,,141.667,,0
369,1.19,,141.5,,0
370,1.19336,,141.333,,0
371,1.19672,,141.167,,0
372,1.20008,,141,,0
373,1.20344,,141.167,,0
374,1.2068,,141.333,,0
375,1.21017,,141.5,,0
376,1.21353,,141.667,,0
377,1.21689,,141.833,,0
378,1.22025,,142,,0
379,1.22358,,142.333,,0
380,1.22692,,142.667,,0
381,1.23025,,143,,0
382,1.23359,,143.333,,0
383,1.23692,,143.667,,0
384,1.24026,,144,,0
385,1.24361,,144.167,,0
386,1.24696,,144.333,,0
387,1.2503,,144.5,,0
388,1.25365,,144.667,,0
389,1.257,,144.833,,0
390,1.26035,,145,,0
391,1.26372,,145.167,,0
392,1.2671,,145.333,,0
393,1.27047,,145.5,,0
394,1.27385,,145.667,,0
395,1.27722,,145.833,,0
396,1.2806,,146,,0
397,1.28397,,146.167,,0
398,1.28735,,146.333,,0
399,1.29072,,146.5,,0
400,1.2941,,146.667,,0
401,1.29747,,146.833,,0
402,1.30085,,147,,0
403,1.3042,,146.833,,0
404,1.30756,,146.667,,0
405,1.31091,,146.5,,0
406,1.31426,,146.333,,0
407,1.31762,,146.167,,0
408,1.32097,,146,,0
409,1.3243,,146,,0
410,1.32763,,146,,0
411,1.33096,,146,,0
412,1.33428,,146,,0
413,1.33761,,146,,0
414,1.34094,,146,,0
415,1.34427,,146,,0
416,1.34757,,146,,0
417,1.35086,,146,,0
418,1.35416,,146,,0
419,1.35746,,146,,0
420,1.36076,,146,,0
421,1.36405,,146,,0
422,1.36735,,146,,0
423,1.37064,,146.286,,0
424,1.37393,,146.571,,0
425,1.37722,,146.857,,0
426,1.38051,,147.143,,0
427,1.3838,,147.429,,0
428,1.38709,,147.714,,0
429,1.39038,,148,,0
430,1.39369,,147.857,,0
431,1.39701,,147.714,,0
432,1.40032,,147.571,,0
433,1.40363,,147.429,,0
434,1.40694,,147.286,,0
435,1.41026,,147.143,,0
436,1.41357,,147,,0
437,1.41692,,147,,0
438,1.42026,,147,,0
439,1.42361,,147,,0
440,1.42696,,147,,0
441,1.4303,,147,,0
442,1.43365,,147,,0
443,1.43702,,147.167,,0
444,1.44039,,147.333,,0
445,1.44376,,147.5,,0
446,1.44714,,147.667,,0
447,1.45051,,147.833,,0
448,1.45388,,148,,0
449,1.45726,,148,,0
450,1.46064,,148,,0
451,1.46402,,148,,0
452,1.46741,,148,,0
453,1.47079,,148,,0
454,1.47417,,148,,0
455,1.47756,,147.833,,0
456,1.48095,,147.667,,0
457,1.48434,,147.5,,0
458,1.48773,,147.333,,0
459,1.49112,,147.167,,0
460,1.49451,,147,,0
461,1.49785,,147,,0
462,1.50119,,147,,0
463,1.50454,,147,,0
464,1.50788,,147,,0
465,1.51122,,147,,0
466,1.51456,,147,,0
467,1.51788,,147,,0
468,1.52119,,147,,0
469,1.52451,,147,,0
470,1.52782,,147,,0
471,1.53114,,147,,0
472,1.53445,,147,,0
473,1.53777,,147,,0
474,1.54108,,146.571,,0
475,1.5444,,146.143,,0
476,1.54771,,145.714,,0
477,1.55103,,145.286,,0
478,1.55434,,144.857,,0
479,1.55766,,144.429,,0
480,1.56097,,144,,0
481,1.56427,,143.857,,0
482,1.56756,,143.714,,0
483,1.57086,,143.571,,0
484,1.57416,,143.429,,0
485,1.57746,,143.286,,0
486,1.58075,,143.143,,0
487,1.58405,,143,,0
488,1.5873,,143,,0
489,1.59054,,143,,0
490,1.59379,,143,,0
491,1.59704,,143,,0
492,1.60029,,143,,0
493,1.60353,,143,,0
494,1.60678,,143,,0
495,1.61008,,143.286,,0
496,1.61339,,143.571,,0
497,1.61669,,143.857,,0
498,1.62,,144.143,,0
499,1.6233,,144.429,,0
500,1.62661,,144.714,,0
501,1.62991,,145,,0
502,1.63327,,145,,0
503,1.63662,,145,,0
504,1.63998,,145,,0
505,1.64333,,145,,0
506,1.64669,,145,,0
507,1.65004,,145,,0
508,1.65338,,144.5,,0
509,1.65671,,144,,0
510,1.66005,,143.5,,0
511,1.66339,,143,,0
512,1.66672,,142.5,,0
513,1.67006,,142,,0
514,1.6734,,142.167,,0
515,1.67674,,142.333,,0
516,1.68008,,142.5,,0
517,1.68343,,142.667,,0
518,1.68677,,142.833,,0
519,1.69011,,143,,0
520,1.69344,,143.143,,0
521,1.69677,,143.286,,0
522,1.7001,,143.429,,0
523,1.70343,,143.571,,0
524,1.70676,,143.714,,0
525,1.71009,,143.857,,0
526,1.71342,,144,,0
527,1.71674,,144.143,,0
528,1.72005,,144.286,,0
529,1.72337,,144.429,,0
530,1.72669,,144.571,,0
531,1.73001,,144.714,,0
532,1.73332,,144.857,,0
533,1.73664,,145,,0
534,1.73997,,145.286,,0
535,1.74331,,145.571,,0
536,1.74664,,145.857,,0
537,1.74997,,146.143,,0
538,1.7533,,146.429,,0
539,1.75664,,146.714,,0
540,1.75997,,147,,0
541,1.76329,,147.143,,0
542,1.7666,,147.286,,0
543,1.76992,,147.429,,0
544,1.77324,,147.571,,0
545,1.77656,,147.714,,0
546,1.77987,,147.857,,0
547,1.78319,,148,,0
548,1.7865,,148.143,,0
549,1.78981,,148.286,,0
550,1.79312,,148.429,,0
551,1.79642,,148.571,,0
552,1.79973,,148.714,,0
553,1.80304,,148.857,,0
554,1.80635,,149,,0
555,1.80966,,149.143,,0
556,1.81297,,149.286,,0
557,1.81628,,149.429,,0
558,1.81958,,149.571,,0
559,1.82289,,149.714,,0
560,1.8262,,149.857,,0
561,1.82951,,150,,0
562,1.83284,,150.143,,0
563,1.83616,,150.286,,0
564,1.83949,,150.429,,0
565,1.84281,,150.571,,0
566,1.84614,,150.714,,0
567,1.84946,,150.857,,0
568,1.85279,,151,,0
569,1.85611,,150.857,,0
570,1.85942,,150.714,,0
571,1.86274,,150.571,,0
572,1.86606,,150.429,,0
573,1.86938,,150.286,,0
574,1.87269,,150.143,,0
575,1.87601,,150,,0
576,1.8793,,149.857,,0
577,1.88259,,149.714,,0
578,1.88588,,149.571,,0
579,1.88916,,149.429,,0
580,1.89245,,149.286,,0
581,1.89574,,149.143,,0
582,1.89903,,149,,0
583,1.90192,,149.375,,5.3
584,1.90481,,149.75,,10.6
585,1.9077,,150.125,,15.9
586,1.91058,,150.5,,21.2
587,1.91347,,150.875,,26.5
588,1.91636,,151.25,,31.8
589,1.91925,,151.625,,37.1
590,1.92214,,152,,42.4
591,1.92589,,152,,42.3667
592,1.92963,,152,,42.3333
593,1.93338,,152,,42.3
594,1.93713,,152,,42.2667
595,1.94087,,152,,42.2333
596,1.94462,,152,,42.2
597,1.94835,,151.667,,42.1667
598,1.95209,,151.333,,42.1333
599,1.95582,,151,,42.1
600,1.95956,,150.667,,42.0667
601,1.96329,,150.333,,42.0333
602,1.96703,,150,,42
603,1.97033,,149.857,,42
604,1.97364,,149.714,,42
605,1.97694,,149.571,,42
606,1.98025,,149.429,,42
607,1.98355,,149.286,,42
608,1.98686,,149.143,,42
609,1.99016,,149,,42
610,1.99323,,149,,42
611,1.9963,,149,,42
612,1.99937,,149,,42
613,2.00301,,148.833,,42.1
614,2.00666,,148.667,,42.2
615,2.0103,,148.5,,42.3
616,2.01394,,148.333,,42.4
617,2.01759,,148.167,,42.5
618,2.02123,,148,,42.6
619,2.02389,,148.125,,42.75
620,2.02655,,148.25,,42.9
621,2.02921,,148.375,,43.05
622,2.03187,,148.5,,43.2
623,2.03454,,148.625,,43.35
624,2.0372,,148.75,,43.5
625,2.03986,,148.875,,43.65
626,2.04252,,149,,43.8
627,2.0451,,149.125,,43.8
628,2.04767,,149.25,,43.8
629,2.05025,,149.375,,43.8
630,2.05282,,149.5,,43.8
631,2.0554,,149.625,,43.8
632,2.05798,,149.75,,43.8
633,2.06055,,149.875,,43.8
634,2.06313,,150,,43.8
635,2.06688,,149.667,,43.7667
636,2.07063,,149.333,,43.7333
637,2.07438,,149,,43.7
638,2.07814,,148.667,,43.6667
639,2.08189,,148.333,,43.6333
640,2.08564,,148,,43.6
641,2.08927,,147.5,,43.6667
642,2.09291,,147,,43.7333
643,2.09654,,146.5,,43.8
644,2.10017,,146,,43.8667
645,2.10381,,145.5,,43.9333
646,2.10744,,145,,44
647,2.11082,,144.833,,44.1333
648,2.11421,,144.667,,44.2667
649,2.11759,,144.5,,44.4
650,2.12097,,144.333,,44.5333
651,2.12436,,144.167,,44.6667
652,2.12774,,144,,44.8
653,2.1317,,144.167,,45
654,2.13565,,144.333,,45.2
655,2.13961,,144.5,,45.4
656,2.14357,,144.667,,45.6
657,2.14752,,144.833,,45.8
658,2.15148,,145,,46
659,2.15436,,145.286,,46.1143
660,2.15724,,145.571,,46.2286
661,2.16012,,145.857,,46.3429
662,2.16301,,146.143,,46.4571
663,2.16589,,146.429,,46.5714
664,2.16877,,146.714,,46.6857
665,2.17165,,147,,46.8
666,2.17481,,147.143,,46.9429
667,2.17796,,147.286,,47.0857
668,2.18112,,147.429,,47.2286
669,2.18427,,147.571,,47.3714
670,2.18743,,147.714,,47.5143
671,2.19058,,147.857,,47.6571
672,2.19374,,148,,47.8
673,2.19709,,147.857,,47.8
674,2.20045,,147.714,,47.8
675,2.2038,,147.571,,47.8
676,2.20716,,147.429,,47.8
677,2.21051,,147.286,,47.8
678,2.21387,,147.143,,47.8
679,2.21722,,147,,47.8
680,2.22118,,147.167,,47.7667
681,2.22513,,147.333,,47.7333
682,2.22909,,147.5,,47.7
683,2.23305,,147.667,,47.6667
684,2.237,,147.833,,47.6333
685,2.24096,,148,,47.6
686,2.2441,,148,,47.6
687,2.24724,,148,,47.6
688,2.25038,,148,,47.6
689,2.25352,,148,,47.6
690,2.25666,,148,,47.6
691,2.2598,,148,,47.6
692,2.26294,,148,,47.6
693,2.26643,,147.833,,47.5667
694,2.26992,,147.667,,47.5333
695,2.2734,,147.5,,47.5
696,2.27689,,147.333,,47.4667
697,2.28038,,147.167,,47.4333
698,2.28387,,147,,47.4
699,2.28744,,146.4,,47.4
700,2.29101,,145.8,,47.4
701,2.29459,,145.2,,47.4
702,2.29816,,144.6,,47.4
703,2.30173,,144,,47.4
704,2.30575,,143.667,,47.3667
705,2.30977,,143.333,,47.3333
706,2.31379,,143,,47.3
707,2.31781,,142.667,,47.2667
708,2.32183,,142.333,,47.2333
709,2.32585,,142,,47.2
710,2.32987,,141.8,,47
711,2.33389,,141.6,,46.8
712,2.33792,,141.4,,46.6
713,2.34194,,141.2,,46.4
714,2.34596,,141,,46.2
715,2.35034,,141.75,,46.05
716,2.35472,,142.5,,45.9
717,2.35909,,143.25,,45.75
718,2.36347,,144,,45.6
719,2.36688,,144.75,,45.5
720,2.37029,,145.5,,45.4
721,2.3737,,146.25,,45.3
722,2.37711,,147,,45.2
723,2.38069,,147.5,,45.0333
724,2.38427,,148,,44.8667
725,2.38785,,148.5,,44.7
726,2.39143,,149,,44.5333
727,2.39501,,149.5,,44.3667
728,2.39859,,150,,44.2
729,2.40189,,149.857,,44.2571
730,2.4052,,149.714,,44.3143
731,2.4085,,149.571,,44.3714
732,2.4118,,149.429,,44.4286
733,2.4151,,149.286,,44.4857
734,2.41841,,149.143,,44.5429
735,2.42171,,149,,44.6
736,2.42514,,149.167,,44.6333
737,2.42857,,149.333,,44.6667
738,2.432,,149.5,,44.7
739,2.43542,,149.667,,44.7333
740,2.43885,,149.833,,44.7667
741,2.44228,,150,,44.8
742,2.44403,,150.5,,44.8
743,2.44577,,151,,44.8
744,2.44841,,151.25,,44.625
745,2.45104,,151.5,,44.45
746,2.45368,,151.75,,44.275
747,2.45631,,152,,44.1
748,2.45895,,152.25,,43.925
749,2.46158,,152.5,,43.75
750,2.46421,,152.75,,43.575
751,2.46685,,153,,43.4
752,2.47014,,153,,43.4286
753,2.47343,,153,,43.4571
754,2.47672,,153,,43.4857
755,2.48,,153,,43.5143
756,2.48329,,153,,43.5429
757,2.48658,,153,,43.5714
758,2.48987,,153,,43.6
759,2.49239,,153,,43.7111
760,2.49492,,153,,43.8222
761,2.49744,,153,,43.9333
762,2.49997,,153,,44.0444
763,2.50249,,153,,44.1556
764,2.50502,,153,,44.2667
765,2.50754,,153,,44.3778
766,2.51007,,153,,44.4889
767,2.51259,,153,,44.6
768,2.51559,,153,,44.7429
769,2.51859,,153,,44.8857
770,2.52159,,153,,45.0286
771,2.52458,,153,,45.1714
772,2.52758,,153,,45.3143
773,2.53058,,153,,45.4571
774,2.53358,,153,,45.6
775,2.53693,,152.714,,45.7429
776,2.54028,,152.429,,45.8857
777,2.54363,,152.143,,46.0286
778,2.54699,,151.857,,46.1714
779,2.55034,,151.571,,46.3143
780,2.55369,,151.286,,46.4571
781,2.55704,,151,,46.6
782,2.56114,,150.8,,46.6
783,2.56524,,150.6,,46.6
784,2.56935,,150.4,,46.6
785,2.57345,,150.2,,46.6
786,2.57755,,150,,46.6
787,2.58102,,149.833,,46.6
788,2.58449,,149.667,,46.6
789,2.58795,,149.5,,46.6
790,2.59142,,149.333,,46.6
791,2.59489,,149.167,,46.6
792,2.59836,,149,,46.6
793,2.6019,,149,,46.6333
794,2.60545,,149,,46.6667
795,2.60899,,149,,46.7
796,2.61253,,149,,46.7333
797,2.61608,,149,,46.7667
798,2.61962,,149,,46.8
799,2.62339,,149.167,,46.8333
800,2.62717,,149.333,,46.8667
801,2.63094,,149.5,,46.9
802,2.63471,,149.667,,46.9333
803,2.63849,,149.833,,46.9667
804,2.64226,,150,,47
805,2.64593,,150,,46.9667
806,2.64959,,150,,46.9333
807,2.65326,,150,,46.9
808,2.65693,,150,,46.8667
809,2.66059,,150,,46.8333
810,2.66426,,150,,46.8
811,2.66866,,150.2,,46.56
812,2.67305,,150.4,,46.32
813,2.67745,,150.6,,46.08
814,2.68184,,150.8,,45.84
815,2.68624,,151,,45.6
816,2.69053,,151.4,,45.48
817,2.69482,,151.8,,45.36
818,2.6991,,152.2,,45.24
819,2.70339,,152.6,,45.12
820,2.70768,,153,,45
821,2.71232,,153.2,,44.88
822,2.71696,,153.4,,44.76
823,2.7216,,153.6,,44.64
824,2.72624,,153.8,,44.52
825,2.73088,,154,,44.4
826,2.73491,,153.667,,44.3333
827,2.73895,,153.333,,44.2667
828,2.74298,,153,,44.2
829,2.74702,,152.667,,44.1333
830,2.75105,,152.333,,44.0667
831,2.75509,,152,,44
832,2.75803,,152.143,,44.0857
833,2.76096,,152.286,,44.1714
834,2.7639,,152.429,,44.2571
835,2.76684,,152.571,,44.3429
836,2.76978,,152.714,,44.4286
837,2.77271,,152.857,,44.5143
838,2.77565,,153,,44.6
839,2.77926,,153.167,,44.6667
840,2.78287,,153.333,,44.7333
841,2.78648,,153.5,,44.8
842,2.79009,,153.667,,44.8667
843,2.7937,,153.833,,44.9333
844,2.79731,,154,,45
845,2.80011,,154,,45.075
846,2.80291,,154,,45.15
847,2.80571,,154,,45.225
848,2.80851,,154,,45.3
849,2.81132,,154,,45.375
850,2.81412,,154,,45.45
851,2.81692,,154,,45.525
852,2.81972,,154,,45.6
853,2.82315,,154.167,,45.6333
854,2.82659,,154.333,,45.6667
855,2.83002,,154.5,,45.7
856,2.83345,,154.667,,45.7333
857,2.83689,,154.833,,45.7667
858,2.84032,,155,,45.8
859,2.84418,,154.833,,45.7667
860,2.84804,,154.667,,45.7333
861,2.8519,,154.5,,45.7
862,2.85577,,154.333,,45.6667
863,2.85963,,154.167,,45.6333
864,2.86349,,154,,45.6
865,2.86646,,153.857,,45.6
866,2.86944,,153.714,,45.6
867,2.87241,,153.571,,45.6
868,2.87538,,153.429,,45.6
869,2.87835,,153.286,,45.6
870,2.88133,,153.143,,45.6
871,2.8843,,153,,45.6
872,2.88778,,153.167,,45.5333
873,2.89126,,153.333,,45.4667
874,2.89473,,153.5,,45.4
875,2.89821,,153.667,,45.3333
876,2.90169,,153.833,,45.2667
877,2.90517,,154,,45.2
878,2.90856,,154.167,,45.1667
879,2.91194,,154.333,,45.1333
880,2.91533,,154.5,,45.1
881,2.91872,,154.667,,45.0667
882,2.9221,,154.833,,45.0333
883,2.92549,,155,,45
884,2.92941,,154.833,,44.9333
885,2.93333,,154.667,,44.8667
886,2.93725,,154.5,,44.8
887,2.94117,,154.333,,44.7333
888,2.94509,,154.167,,44.6667
889,2.94901,,154,,44.6
890,2.9522,,153.714,,44.5714
891,2.95538,,153.429,,44.5429
892,2.95857,,153.143,,44.5143
893,2.96175,,152.857,,44.4857
894,2.96494,,152.571,,44.4571
895,2.96812,,152.286,,44.4286
896,2.97131,,152,,44.4
897,2.97442,,152,,44.4
898,2.97754,,152,,44.4
899,2.98065,,152,,44.4
900,2.98377,,152,,44.4
901,2.98688,,152,,44.4
902,2.99,,152,,44.4
903,2.99311,,152,,44.4
904,2.99736,,152,,44.5
905,3.00162,,152,,44.6
906,3.00569,,152.333,,44.6
907,3.00977,,152.667,,44.6
908,3.01384,,153,,44.6
909,3.01792,,153.333,,44.6
910,3.02199,,153.667,,44.6
911,3.02607,,154,,44.6
912,3.02997,,154.6,,44.56
913,3.03387,,155.2,,44.52
914,3.03777,,155.8,,44.48
915,3.04167,,156.4,,44.44
916,3.04557,,157,,44.4
917,3.04935,,157.333,,44.3333
918,3.05312,,157.667,,44.2667
919,3.0569,,158,,44.2
920,3.06068,,158.333,,44.1333
921,3.06445,,158.667,,44.0667
922,3.06823,,159,,44
923,3.07235,,158.8,,43.92
924,3.07648,,158.6,,43.84
925,3.0806,,158.4,,43.76
926,3.08473,,158.2,,43.68
927,3.08885,,158,,43.6
928,3.09315,,158.2,,43.52
929,3.09744,,158.4,,43.44
930,3.10174,,158.6,,43.36
931,3.10603,,158.8,,43.28
932,3.11033,,159,,43.2
933,3.11309,,159,,43.2
934,3.11585,,159,,43.2
935,3.11861,,159,,43.2
936,3.12137,,159,,43.2
937,3.12413,,159,,43.2
938,3.12689,,159,,43.2
939,3.12965,,159,,43.2
940,3.13241,,159,,43.2
941,3.13629,,159,,43.0667
942,3.14017,,159,,42.9333
943,3.14405,,159,,42.8
944,3.14793,,159,,42.6667
945,3.15181,,159,,42.5333
946,3.15569,,159,,42.4
947,3.15929,,158.833,,42.3333
948,3.16289,,158.667,,42.2667
949,3.16649,,158.5,,42.2
950,3.17008,,158.333,,42.1333
951,3.17368,,158.167,,42.0667
952,3.17728,,158,,42
953,3.18066,,158.167,,41.9333
954,3.18404,,158.333,,41.8667
955,3.18743,,158.5,,41.8
956,3.19081,,158.667,,41.7333
957,3.19419,,158.833,,41.6667
958,3.19757,,159,,41.6
959,3.20075,,159.286,,41.5429
960,3.20394,,159.571,,41.4857
961,3.20712,,159.857,,41.4286
962,3.21031,,160.143,,41.3714
963,3.21349,,160.429,,41.3143
964,3.21668,,160.714,,41.2571
965,3.21986,,161,,41.2
966,3.22328,,160.571,,41.3143
967,3.22669,,160.143,,41.4286
968,3.23011,,159.714,,41.5429
969,3.23352,,159.286,,41.6571
970,3.23694,,158.857,,41.7714
971,3.24035,,158.429,,41.8857
972,3.24377,,158,,42
973,3.24722,,157.833,,42.2
974,3.25067,,157.667,,42.4
975,3.25412,,157.5,,42.6
976,3.25756,,157.333,,42.8
977,3.26101,,157.167,,43
978,3.26446,,157,,43.2
979,3.26795,,157.167,,43.4333
980,3.27144,,157.333,,43.6667
981,3.27493,,157.5,,43.9
982,3.27841,,157.667,,44.1333
983,3.2819,,157.833,,44.3667
984,3.28539,,158,,44.6
985,3.28889,,157.833,,44.7333
986,3.2924,,157.667,,44.8667
987,3.2959,,157.5,,45
988,3.2994,,157.333,,45.1333
989,3.30291,,157.167,,45.2667
990,3.30641,,157,,45.4
991,3.31042,,156.8,,45.4
992,3.31442,,156.6,,45.4
993,3.31843,,156.4,,45.4
994,3.32243,,156.2,,45.4
995,3.32644,,156,,45.4
996,3.32909,,155.75,,45.425
997,3.33174,,155.5,,45.45
998,3.33439,,155.25,,45.475
999,3.33705,,155,,45.5
1000,3.3397,,154.75,,45.525
1001,3.34235,,154.5,,45.55
1002,3.345,,154.25,,45.575
1003,3.34765,,154,,45.6
1004,3.35058,,154,,45.7429
1005,3.35352,,154,,45.8857
1006,3.35645,,154,,46.0286
1007,3.35938,,154,,46.1714
1008,3.36231,,154,,46.3143
1009,3.36525,,154,,46.4571
1010,3.36818,,154,,46.6
1011,3.37192,,154.167,,46.7667
1012,3.37566,,154.333,,46.9333
1013,3.37939,,154.5,,47.1
1014,3.38313,,154.667,,47.2667
1015,3.38687,,154.833,,47.4333
1016,3.39061,,155,,47.6
1017,3.39464,,155.333,,47.3667
1018,3.39867,,155.667,,47.1333
1019,3.4027,,156,,46.9
1020,3.40673,,156.333,,46.6667
1021,3.41076,,156.667,,46.4333
1022,3.41479,,157,,46.2
1023,3.41821,,157,,46.0667
1024,3.42163,,157,,45.9333
1025,3.42505,,157,,45.8
1026,3.42848,,157,,45.6667
1027,3.4319,,157,,45.5333
1028,3.43532,,157,,45.4
1029,3.43835,,157.429,,45.3429
1030,3.44137,,157.857,,45.2857
1031,3.4444,,158.286,,45.2286
1032,3.44743,,158.714,,45.1714
1033,3.45046,,159.143,,45.1143
1034,3.45348,,159.571,,45.0571
1035,3.45651,,160,,45
1036,3.45987,,160.143,,44.9714
1037,3.46323,,160.286,,44.9429
1038,3.46659,,160.429,,44.9143
1039,3.46994,,160.571,,44.8857
1040,3.4733,,160.714,,44.8571
1041,3.47666,,160.857,,44.8286
1042,3.48002,,161,,44.8
1043,3.48356,,161,,44.7333
1044,3.4871,,161,,44.6667
1045,3.49064,,161,,44.6
1046,3.49417,,161,,44.5333
1047,3.49771,,161,,44.4667
1048,3.50125,,161,,44.4
1049,3.50424,,160.857,,44.4
1050,3.50723,,160.714,,44.4
1051,3.51022,,160.571,,44.4
1052,3.51321,,160.429,,44.4
1053,3.5162,,160.286,,44.4
1054,3.51919,,160.143,,44.4
1055,3.52218,,160,,44.4
1056,3.5255,,159.857,,44.4286
1057,3.52882,,159.714,,44.4571
1058,3.53214,,159.571,,44.4857
1059,3.53546,,159.429,,44.5143
1060,3.53878,,159.286,,44.5429
1061,3.5421,,159.143,,44.5714
1062,3.54542,,159,,44.6
1063,3.54893,,158.833,,44.7
1064,3.55245,,158.667,,44.8
1065,3.55596,,158.5,,44.9
1066,3.55947,,158.333,,45
1067,3.56299,,158.167,,45.1
1068,3.5665,,158,,45.2
1069,3.56988,,158,,45.3
1070,3.57326,,158,,45.4
1071,3.57664,,158,,45.5
1072,3.58001,,158,,45.6
1073,3.58339,,158,,45.7
1074,3.58677,,158,,45.8
1075,3.59057,,158,,45.9
1076,3.59437,,158,,46
1077,3.59817,,158,,46.1
1078,3.60197,,158,,46.2
1079,3.60577,,158,,46.3
1080,3.60957,,158,,46.4
1081,3.61337,,158.333,,46.2667
1082,3.61718,,158.667,,46.1333
1083,3.62098,,159,,46
1084,3.62479,,159.333,,45.8667
1085,3.62859,,159.667,,45.7333
1086,3.6324,,160,,45.6
1087,3.63611,,160.167,,45.4333
1088,3.63982,,160.333,,45.2667
1089,3.64353,,160.5,,45.1
1090,3.64724,,160.667,,44.9333
1091,3.65095,,160.833,,44.7667
1092,3.65466,,161,,44.6
1093,3.65826,,160.833,,44.4333
1094,3.66186,,160.667,,44.2667
1095,3.66547,,160.5,,44.1
1096,3.66907,,160.333,,43.9333
1097,3.67267,,160.167,,43.7667
1098,3.67627,,160,,43.6
1099,3.67969,,159.833,,43.4667
1100,3.68311,,159.667,,43.3333
1101,3.68653,,159.5,,43.2
1102,3.68994,,159.333,,43.0667
1103,3.69336,,159.167,,42.9333
1104,3.69678,,159,,42.8
1105,3.70109,,159,,42.76
1106,3.70541,,159,,42.72
1107,3.70972,,159,,42.68
1108,3.71404,,159,,42.64
1109,3.71835,,159,,42.6
1110,3.7218,,159,,42.6
1111,3.72524,,159,,42.6
1112,3.72869,,159,,42.6
1113,3.73214,,159,,42.6
1114,3.73558,,159,,42.6
1115,3.73903,,159,,42.6
1116,3.74267,,159,,42.6333
1117,3.74631,,159,,42.6667
1118,3.74995,,159,,42.7
1119,3.75358,,159,,42.7333
1120,3.75722,,159,,42.7667
1121,3.76086,,159,,42.8
1122,3.76456,,158.833,,42.8
1123,3.76827,,158.667,,42.8
1124,3.77197,,158.5,,42.8
1125,3.77567,,158.333,,42.8
1126,3.77938,,158.167,,42.8
1127,3.78308,,158,,42.8
1128,3.78633,,158,,42.8
1129,3.78959,,158,,42.8
1130,3.79284,,158,,42.8
1131,3.79609,,158,,42.8
1132,3.79934,,158,,42.8
1133,3.8026,,158,,42.8
1134,3.80585,,158,,42.8
1135,3.80911,,158.143,,42.7143
1136,3.81236,,158.286,,42.6286
1137,3.81562,,158.429,,42.5429
1138,3.81888,,158.571,,42.4571
1139,3.82214,,158.714,,42.3714
1140,3.82539,,158.857,,42.2857
1141,3.82865,,159,,42.2
1142,3.83252,,159.167,,42.1667
1143,3.83638,,159.333,,42.1333
1144,3.84025,,159.5,,42.1
1145,3.84412,,159.667,,42.0667
1146,3.84798,,159.833,,42.0333
1147,3.85185,,160,,42
1148,3.85596,,159.8,,41.92
1149,3.86007,,159.6,,41.84
1150,3.86418,,159.4,,41.76
1151,3.86829,,159.2,,41.68
1152,3.8724,,159,,41.6
1153,3.87588,,158.667,,41.5333
1154,3.87936,,158.333,,41.4667
1155,3.88284,,158,,41.4
1156,3.88633,,157.667,,41.3333
1157,3.88981,,157.333,,41.2667
1158,3.89329,,157,,41.2
1159,3.89671,,157,,41.2857
1160,3.90013,,157,,41.3714
1161,3.90355,,157,,41.4571
1162,3.90698,,157,,41.5429
1163,3.9104,,157,,41.6286
1164,3.91382,,157,,41.7143
1165,3.91724,,157,,41.8
1166,3.92064,,157,,41.9333
1167,3.92405,,157,,42.0667
1168,3.92745,,157,,42.2
1169,3.93085,,157,,42.3333
1170,3.93426,,157,,42.4667
1171,3.93766,,157,,42.6
1172,3.93979,,156.833,,42.7333
1173,3.94192,,156.667,,42.8667
1174,3.94405,,156.5,,43
1175,3.94617,,156.333,,43.1333
1176,3.9483,,156.167,,43.2667
1177,3.95043,,156,,43.4
1178,3.95393,,156,,43.5
1179,3.95744,,156,,43.6
1180,3.96094,,156,,43.7
1181,3.96444,,156,,43.8
1182,3.96795,,156,,43.9
1183,3.97145,,156,,44
1184,3.97542,,155.833,,43.9667
1185,3.97938,,155.667,,43.9333
1186,3.98335,,155.5,,43.9
1187,3.98731,,155.333,,43.8667
1188,3.99128,,155.167,,43.8333
1189,3.99524,,155,,43.8
1190,4.00034,,154,,44
1191,4.00424,,154.167,,44.1667
1192,4.00814,,154.333,,44.3333
1193,4.01205,,154.5,,44.5
1194,4.01595,,154.667,,44.6667
1195,4.01985,,154.833,,44.8333
1196,4.02375,,155,,45
1197,4.0271,,155.167,,45.1667
1198,4.03044,,155.333,,45.3333
1199,4.03379,,155.5,,45.5
1200,4.03713,,155.667,,45.6667
1201,4.04047,,155.833,,45.8333
1202,4.04382,,156,,46
1203,4.04713,,156,,46.1429
1204,4.05044,,156,,46.2857
1205,4.05375,,156,,46.4286
1206,4.05706,,156,,46.5714
1207,4.06037,,156,,46.7143
1208,4.06368,,156,,46.8571
1209,4.06699,,156,,47
1210,4.07046,,156,,47.1333
1211,4.07392,,156,,47.2667
1212,4.07739,,156,,47.4
1213,4.08086,,156,,47.5333
1214,4.08432,,156,,47.6667
1215,4.08779,,156,,47.8
1216,4.0909,,156,,47.8286
1217,4.09402,,156,,47.8571
1218,4.09713,,156,,47.8857
1219,4.10025,,156,,47.9143
1220,4.10336,,156,,47.9429
1221,4.10648,,156,,47.9714
1222,4.10959,,156,,48
1223,4.11257,,156.286,,47.9714
1224,4.11555,,156.571,,47.9429
1225,4.11853,,156.857,,47.9143
1226,4.12151,,157.143,,47.8857
1227,4.12449,,157.429,,47.8571
1228,4.12747,,157.714,,47.8286
1229,4.13045,,158,,47.8
1230,4.13359,,158.143,,47.8
1231,4.13673,,158.286,,47.8
1232,4.13987,,158.429,,47.8
1233,4.14302,,158.571,,47.8
1234,4.14616,,158.714,,47.8
1235,4.1493,,158.857,,47.8
1236,4.15244,,159,,47.8
1237,4.15609,,158.833,,47.7667
1238,4.15974,,158.667,,47.7333
1239,4.16339,,158.5,,47.7
1240,4.16705,,158.333,,47.6667
1241,4.1707,,158.167,,47.6333
1242,4.17435,,158,,47.6
1243,4.17788,,157.833,,47.6
1244,4.18141,,157.667,,47.6
1245,4.18494,,157.5,,47.6
1246,4.18848,,157.333,,47.6
1247,4.19201,,157.167,,47.6
1248,4.19554,,157,,47.6
1249,4.19921,,156.667,,47.6333
1250,4.20288,,156.333,,47.6667
1251,4.20656,,156,,47.7
1252,4.21023,,155.667,,47.7333
1253,4.2139,,155.333,,47.7667
1254,4.21757,,155,,47.8
1255,4.22078,,155,,47.7429
1256,4.22399,,155,,47.6857
1257,4.2272,,155,,47.6286
1258,4.2304,,155,,47.5714
1259,4.23361,,155,,47.5143
1260,4.23682,,155,,47.4571
1261,4.24003,,155,,47.4
1262,4.24298,,155.143,,47.2571
1263,4.24592,,155.286,,47.1143
1264,4.24887,,155.429,,46.9714
1265,4.25182,,155.571,,46.8286
1266,4.25477,,155.714,,46.6857
1267,4.25771,,155.857,,46.5429
1268,4.26066,,156,,46.4
1269,4.26373,,156.286,,46.2286
1270,4.26679,,156.571,,46.0571
1271,4.26986,,156.857,,45.8857
1272,4.27292,,157.143,,45.7143
1273,4.27599,,157.429,,45.5429
1274,4.27905,,157.714,,45.3714
1275,4.28212,,158,,45.2
1276,4.2855,,158,,45.1714
1277,4.28888,,158,,45.1429
1278,4.29226,,158,,45.1143
1279,4.29563,,158,,45.0857
1280,4.29901,,158,,45.0571
1281,4.30239,,158,,45.0286
1282,4.30577,,158,,45
1283,4.30911,,158,,45.0333
1284,4.31245,,158,,45.0667
1285,4.31579,,158,,45.1
1286,4.31913,,158,,45.1333
1287,4.32247,,158,,45.1667
1288,4.32581,,158,,45.2
1289,4.3292,,158,,45
1290,4.33219,,158,,44.9
1291,4.33518,,158,,44.8
1292,4.3381,,158.143,,44.6857
1293,4.34101,,158.286,,44.5714
1294,4.34393,,158.429,,44.4571
1295,4.34685,,158.571,,44.3429
1296,4.34977,,158.714,,44.2286
1297,4.35268,,158.857,,44.1143
1298,4.3556,,159,,44
1299,4.35895,,159,,44.0857
1300,4.36229,,159,,44.1714
1301,4.36564,,159,,44.2571
1302,4.36898,,159,,44.3429
1303,4.37233,,159,,44.4286
1304,4.37567,,159,,44.5143
1305,4.37902,,159,,44.6
1306,4.38228,,158.714,,44.6857
1307,4.38554,,158.429,,44.7714
1308,4.3888,,158.143,,44.8571
1309,4.39205,,157.857,,44.9429
1310,4.39531,,157.571,,45.0286
1311,4.39857,,157.286,,45.1143
1312,4.40183,,157,,45.2
1313,4.40484,,157,,45.2857
1314,4.40786,,157,,45.3714
1315,4.41087,,157,,45.4571
1316,4.41389,,157,,45.5429
1317,4.4169,,157,,45.6286
1318,4.41992,,157,,45.7143
1319,4.42293,,157,,45.8
1320,4.42617,,157.143,,45.8571
1321,4.42942,,157.286,,45.9143
1322,4.43266,,157.429,,45.9714
1323,4.4359,,157.571,,46.0286
1324,4.43914,,157.714,,46.0857
1325,4.44239,,157.857,,46.1429
1326,4.44563,,158,,46.2
1327,4.44958,,158,,46.1667
1328,4.45352,,158,,46.1333
1329,4.45747,,158,,46.1
1330,4.46141,,158,,46.0667
1331,4.46536,,158,,46.0333
1332,4.4693,,158,,46
1333,4.47291,,158,,46
1334,4.47652,,158,,46
1335,4.48014,,158,,46
1336,4.48375,,158,,46
1337,4.48736,,158,,46
1338,4.49097,,158,,46
1339,4.49501,,158,,46.04
1340,4.49904,,158,,46.08
1341,4.50308,,158,,46.12
1342,4.50711,,158,,46.16
1343,4.51115,,158,,46.2
1344,4.51517,,157.8,,46.24
1345,4.51918,,157.6,,46.28
1346,4.5232,,157.4,,46.32
1347,4.52721,,157.2,,46.36
1348,4.53123,,157,,46.4
1349,4.53488,,156.833,,46.3667
1350,4.53854,,156.667,,46.3333
1351,4.54219,,156.5,,46.3
1352,4.54584,,156.333,,46.2667
1353,4.5495,,156.167,,46.2333
1354,4.55315,,156,,46.2
1355,4.55633,,156,,46.1143
1356,4.55951,,156,,46.0286
1357,4.56269,,156,,45.9429
1358,4.56587,,156,,45.8571
1359,4.56905,,156,,45.7714
1360,4.57223,,156,,45.6857
1361,4.57541,,156,,45.6
1362,4.57904,,156.167,,45.5333
1363,4.58266,,156.333,,45.4667
1364,4.58629,,156.5,,45.4
1365,4.58991,,156.667,,45.3333
1366,4.59354,,156.833,,45.2667
1367,4.59716,,157,,45.2
1368,4.60089,,157.333,,45.1
1369,4.60462,,157.667,,45
1370,4.60835,,158,,44.9
1371,4.61207,,158.333,,44.8
1372,4.6158,,158.667,,44.7
1373,4.61953,,159,,44.6
1374,4.62334,,159.333,,44.5333
1375,4.62716,,159.667,,44.4667
1376,4.63097,,160,,44.4
1377,4.63478,,160.333,,44.3333
1378,4.6386,,160.667,,44.2667
1379,4.64241,,161,,44.2
1380,4.64607,,161,,44.2667
1381,4.64973,,161,,44.3333
1382,4.65339,,161,,44.4
1383,4.65705,,161,,44.4667
1384,4.66071,,161,,44.5333
1385,4.66437,,161,,44.6
1386,4.66852,,161,,44.68
1387,4.67267,,161,,44.76
1388,4.67683,,161,,44.84
1389,4.68098,,161,,44.92
1390,4.68513,,161,,45
1391,4.6879,,161,,45.05
1392,4.69066,,161,,45.1
1393,4.69343,,161,,45.15
1394,4.6962,,161,,45.2
1395,4.69896,,161,,45.25
1396,4.70173,,161,,45.3
1397,4.70449,,161,,45.35
1398,4.70726,,161,,45.4
1399,4.71042,,161,,45.4571
1400,4.71359,,161,,45.5143
1401,4.71675,,161,,45.5714
1402,4.71991,,161,,45.6286
1403,4.72307,,161,,45.6857
1404,4.72624,,161,,45.7429
1405,4.7294,,161,,45.8
1406,4.73293,,161,,45.8
1407,4.73647,,161,,45.8
1408,4.74,,161,,45.8
1409,4.74353,,161,,45.8
1410,4.74707,,161,,45.8
1411,4.7506,,161,,45.8
1412,4.75377,,161.286,,45.7714
1413,4.75694,,161.571,,45.7429
1414,4.76011,,161.857,,45.7143
1415,4.76329,,162.143,,45.6857
1416,4.76646,,162.429,,45.6571
1417,4.76963,,162.714,,45.6286
1418,4.7728,,163,,45.6
1419,4.77603,,163,,45.5714
1420,4.77926,,163,,45.5429
1421,4.78249,,163,,45.5143
1422,4.78572,,163,,45.4857
1423,4.78895,,163,,45.4571
1424,4.79218,,163,,45.4286
1425,4.79541,,163,,45.4
1426,4.79878,,163.143,,45.4
1427,4.80214,,163.286,,45.4
1428,4.80551,,163.429,,45.4
1429,4.80888,,163.571,,45.4
1430,4.81225,,163.714,,45.4
1431,4.81561,,163.857,,45.4
1432,4.81898,,164,,45.4
1433,4.82257,,163.833,,45.3667
1434,4.82616,,163.667,,45.3333
1435,4.82975,,163.5,,45.3
1436,4.83335,,163.333,,45.2667
1437,4.83694,,163.167,,45.2333
1438,4.84053,,163,,45.2
1439,4.84436,,163,,45.1333
1440,4.84819,,163,,45.0667
1441,4.85201,,163,,45
1442,4.85584,,163,,44.9333
1443,4.85967,,163,,44.8667
1444,4.8635,,163,,44.8
1445,4.86718,,163,,44.7333
1446,4.87085,,163,,44.6667
1447,4.87453,,163,,44.6
1448,4.87821,,163,,44.5333
1449,4.88188,,163,,44.4667
1450,4.88556,,163,,44.4
1451,4.88946,,162.833,,44.4333
1452,4.89337,,162.667,,44.4667
1453,4.89727,,162.5,,44.5
1454,4.90118,,162.333,,44.5333
1455,4.90509,,162.167,,44.5667
1456,4.90899,,162,,44.6
1457,4.91309,,162,,44.6
1458,4.91719,,162,,44.6
1459,4.92128,,162,,44.6
1460,4.92538,,162,,44.6
1461,4.92948,,162,,44.6
1462,4.93299,,161.833,,44.5333
1463,4.9365,,161.667,,44.4667
1464,4.94001,,161.5,,44.4
1465,4.94353,,161.333,,44.3333
1466,4.94704,,161.167,,44.2667
1467,4.95055,,161,,44.2
1468,4.95351,,160.857,,44.1714
1469,4.95647,,160.714,,44.1429
1470,4.95943,,160.571,,44.1143
1471,4.96238,,160.429,,44.0857
1472,4.96534,,160.286,,44.0571
1473,4.9683,,160.143,,44.0286
1474,4.97126,,160,,44
1475,4.9746,,160.167,,43.9667
1476,4.97794,,160.333,,43.9333
1477,4.98127,,160.5,,43.9
1478,4.98461,,160.667,,43.8667
1479,4.98795,,160.833,,43.8333
1480,4.99129,,161,,43.8
1481,4.99462,,161,,43.7
1482,4.99795,,161,,43.6
1483,5.00134,,161.167,,43.6
1484,5.00473,,161.333,,43.6
1485,5.00813,,161.5,,43.6
1486,5.01152,,161.667,,43.6
1487,5.01491,,161.833,,43.6
1488,5.0183,,162,,43.6
1489,5.02187,,162,,43.5
1490,5.02544,,162,,43.4
1491,5.029,,162,,43.3
1492,5.03257,,162,,43.2
1493,5.03614,,162,,43.1
1494,5.03971,,162,,43
1495,5.04292,,161.857,,42.9143
1496,5.04612,,161.714,,42.8286
1497,5.04933,,161.571,,42.7429
1498,5.05253,,161.429,,42.6571
1499,5.05574,,161.286,,42.5714
1500,5.05894,,161.143,,42.4857
1501,5.06215,,161,,42.4
1502,5.06567,,160.833,,42.3
1503,5.06918,,160.667,,42.2
1504,5.0727,,160.5,,42.1
1505,5.07622,,160.333,,42
1506,5.07973,,160.167,,41.9
1507,5.08325,,160,,41.8
1508,5.08682,,160.167,,41.7333
1509,5.09039,,160.333,,41.6667
1510,5.09395,,160.5,,41.6
1511,5.09752,,160.667,,41.5333
1512,5.10109,,160.833,,41.4667
1513,5.10466,,161,,41.4
1514,5.10859,,161,,41.3667
1515,5.11252,,161,,41.3333
1516,5.11645,,161,,41.3
1517,5.12039,,161,,41.2667
1518,5.12432,,161,,41.2333
1519,5.12825,,161,,41.2
1520,5.1316,,161,,41.4333
1521,5.13496,,161,,41.6667
1522,5.13832,,161,,41.9
1523,5.14167,,161,,42.1333
1524,5.14503,,161,,42.3667
1525,5.14838,,161,,42.6
1526,5.15206,,160.833,,42.8333
1527,5.15574,,160.667,,43.0667
1528,5.15942,,160.5,,43.3
1529,5.16309,,160.333,,43.5333
1530,5.16677,,160.167,,43.7667
1531,5.17045,,160,,44
1532,5.17419,,160,,44.1667
1533,5.17793,,160,,44.3333
1534,5.18167,,160,,44.5
1535,5.18541,,160,,44.6667
1536,5.18915,,160,,44.8333
1537,5.19289,,160,,45
1538,5.19662,,160,,45.0667
1539,5.20034,,160,,45.1333
1540,5.20407,,160,,45.2
1541,5.2078,,160,,45.2667
1542,5.21152,,160,,45.3333
1543,5.21525,,160,,45.4
1544,5.21864,,159.833,,45.4667
1545,5.22202,,159.667,,45.5333
1546,5.22541,,159.5,,45.6
1547,5.2288,,159.333,,45.6667
1548,5.23218,,159.167,,45.7333
1549,5.23557,,159,,45.8
1550,5.23903,,159,,45.9667
1551,5.24248,,159,,46.1333
1552,5.24594,,159,,46.3
1553,5.2494,,159,,46.4667
1554,5.25285,,159,,46.6333
1555,5.25631,,159,,46.8
1556,5.26004,,159.167,,47.1
1557,5.26377,,159.333,,47.4
1558,5.26749,,159.5,,47.7
1559,5.27122,,159.667,,48
1560,5.27495,,159.833,,48.3
1561,5.27868,,160,,48.6
1562,5.28214,,160.167,,48.8
1563,5.2856,,160.333,,49
1564,5.28907,,160.5,,49.2
1565,5.29253,,160.667,,49.4
1566,5.29599,,160.833,,49.6
1567,5.29945,,161,,49.8
1568,5.30285,,161,,49.6
1569,5.30624,,161,,49.4
1570,5.30964,,161,,49.2
1571,5.31303,,161,,49
1572,5.31643,,161,,48.8
1573,5.31982,,161,,48.6
1574,5.32361,,161,,48.1667
1575,5.3274,,161,,47.7333
1576,5.33119,,161,,47.3
1577,5.33498,,161,,46.8667
1578,5.33877,,161,,46.4333
1579,5.34256,,161,,46
1580,5.34606,,160.833,,45.9
1581,5.34955,,160.667,,45.8
1582,5.35305,,160.5,,45.7
1583,5.35655,,160.333,,45.6
1584,5.36004,,160.167,,45.5
1585,5.36354,,160,,45.4
1586,5.36731,,159.833,,45.3333
1587,5.37107,,159.667,,45.2667
1588,5.37484,,159.5,,45.2
1589,5.37861,,159.333,,45.1333
1590,5.38237,,159.167,,45.0667
1591,5.38614,,159,,45
1592,5.3898,,159.167,,44.9333
1593,5.39347,,159.333,,44.8667
1594,5.39713,,159.5,,44.8
1595,5.40079,,159.667,,44.7333
1596,5.40446,,159.833,,44.6667
1597,5.40812,,160,,44.6
1598,5.41197,,159.833,,44.5667
1599,5.41582,,159.667,,44.5333
1600,5.41967,,159.5,,44.5
1601,5.42352,,159.333,,44.4667
1602,5.42737,,159.167,,44.4333
1603,5.43122,,159,,44.4
1604,5.4347,,159,,44.4
1605,5.43818,,159,,44.4
1606,5.44167,,159,,44.4
1607,5.44515,,159,,44.4
1608,5.44863,,159,,44.4
1609,5.45211,,159,,44.4
1610,5.4557,,159.167,,44.4667
1611,5.4593,,159.333,,44.5333
1612,5.46289,,159.5,,44.6
1613,5.46648,,159.667,,44.6667
1614,5.47008,,159.833,,44.7333
1615,5.47367,,160,,44.8
1616,5.4771,,160.167,,44.9
1617,5.48054,,160.333,,45
1618,5.48397,,160.5,,45.1
1619,5.4874,,160.667,,45.2
1620,5.49084,,160.833,,45.3
1621,5.49427,,161,,45.4
1622,5.49771,,161.167,,45.4667
1623,5.50114,,161.333,,45.5333
1624,5.50458,,161.5,,45.6
1625,5.50802,,161.667,,45.6667
1626,5.51145,,161.833,,45.7333
1627,5.51489,,162,,45.8
1628,5.51842,,162.167,,45.9
1629,5.52194,,162.333,,46
1630,5.52547,,162.5,,46.1
1631,5.529,,162.667,,46.2
1632,5.53252,,162.833,,46.3
1633,5.53605,,163,,46.4
1634,5.53971,,163.167,,46.2667
1635,5.54336,,163.333,,46.1333
1636,5.54701,,163.5,,46
1637,5.55067,,163.667,,45.8667
1638,5.55432,,163.833,,45.7333
1639,5.55798,,164,,45.6
1640,5.56155,,164.333,,45.4333
1641,5.56512,,164.667,,45.2667
1642,5.56869,,165,,45.1
1643,5.57226,,165.333,,44.9333
1644,5.57583,,165.667,,44.7667
1645,5.5794,,166,,44.6
1646,5.58306,,165.833,,44.4333
1647,5.58673,,165.667,,44.2667
1648,5.59039,,165.5,,44.1
1649,5.59405,,165.333,,43.9333
1650,5.59772,,165.167,,43.7667
1651,5.60138,,165,,43.6
1652,5.60439,,165,,43.4857
1653,5.60741,,165,,43.3714
1654,5.61042,,165,,43.2571
1655,5.61343,,165,,43.1429
1656,5.61644,,165,,43.0286
1657,5.61946,,165,,42.9143
1658,5.62247,,165,,42.8
1659,5.62581,,164.833,,42.7333
1660,5.62915,,164.667,,42.6667
1661,5.63248,,164.5,,42.6
1662,5.63582,,164.333,,42.5333
1663,5.63916,,164.167,,42.4667
1664,5.6425,,164,,42.4
1665,5.64623,,164,,42.4333
1666,5.64996,,164,,42.4667
1667,5.65369,,164,,42.5
1668,5.65743,,164,,42.5333
1669,5.66116,,164,,42.5667
1670,5.66489,,164,,42.6
1671,5.66857,,163.833,,42.6
1672,5.67225,,163.667,,42.6
1673,5.67593,,163.5,,42.6
1674,5.67962,,163.333,,42.6
1675,5.6833,,163.167,,42.6
1676,5.68698,,163,,42.6
1677,5.6905,,162.833,,42.6333
1678,5.69402,,162.667,,42.6667
1679,5.69755,,162.5,,42.7
1680,5.70107,,162.333,,42.7333
1681,5.70459,,162.167,,42.7667
1682,5.70811,,162,,42.8
1683,5.71156,,161.667,,42.8
1684,5.71501,,161.333,,42.8
1685,5.71846,,161,,42.8
1686,5.72191,,160.667,,42.8
1687,5.72536,,160.333,,42.8
1688,5.72881,,160,,42.8
1689,5.73236,,160.167,,42.6333
1690,5.73591,,160.333,,42.4667
1691,5.73945,,160.5,,42.3
1692,5.743,,160.667,,42.1333
1693,5.74655,,160.833,,41.9667
1694,5.7501,,161,,41.8
1695,5.75331,,161.143,,41.7429
1696,5.75652,,161.286,,41.6857
1697,5.75973,,161.429,,41.6286
1698,5.76293,,161.571,,41.5714
1699,5.76614,,161.714,,41.5143
1700,5.76935,,161.857,,41.4571
1701,5.77256,,162,,41.4
1702,5.77595,,162.333,,41.3667
1703,5.77935,,162.667,,41.3333
1704,5.78274,,163,,41.3
1705,5.78614,,163.333,,41.2667
1706,5.78954,,163.667,,41.2333
1707,5.79293,,164,,41.2
1708,5.79644,,164,,41.2
1709,5.79995,,164,,41.2
1710,5.80346,,164,,41.2
1711,5.80697,,164,,41.2
1712,5.81048,,164,,41.2
1713,5.81399,,164,,41.2
1714,5.81763,,163.833,,41.2667
1715,5.82127,,163.667,,41.3333
1716,5.82492,,163.5,,41.4
1717,5.82856,,163.333,,41.4667
1718,5.8322,,163.167,,41.5333
1719,5.83584,,163,,41.6
1720,5.83927,,163.167,,41.7667
1721,5.8427,,163.333,,41.9333
1722,5.84613,,163.5,,42.1
1723,5.84955,,163.667,,42.2667
1724,5.85298,,163.833,,42.4333
1725,5.85641,,164,,42.6
1726,5.8599,,164,,42.7
1727,5.86339,,164,,42.8
1728,5.86689,,164,,42.9
1729,5.87038,,164,,43
1730,5.87387,,164,,43.1
1731,5.87736,,164,,43.2
1732,5.88102,,164,,43.3333
1733,5.88467,,164,,43.4667
1734,5.88833,,164,,43.6
1735,5.89198,,164,,43.7333
1736,5.89563,,164,,43.8667
1737,5.89929,,164,,44
1738,5.90267,,163.833,,43.9667
1739,5.90605,,163.667,,43.9333
1740,5.90943,,163.5,,43.9
1741,5.91281,,163.333,,43.8667
1742,5.91619,,163.167,,43.8333
1743,5.91957,,163,,43.8
1744,5.92292,,163,,43.9667
1745,5.92628,,163,,44.1333
1746,5.92963,,163,,44.3
1747,5.93298,,163,,44.4667
1748,5.93634,,163,,44.6333
1749,5.93969,,163,,44.8
1750,5.94329,,163,,44.9667
1751,5.9469,,163,,45.1333
1752,5.9505,,163,,45.3
1753,5.9541,,163,,45.4667
1754,5.95771,,163,,45.6333
1755,5.96131,,163,,45.8
1756,5.96498,,163,,45.9333
1757,5.96865,,163,,46.0667
1758,5.97233,,163,,46.2
1759,5.976,,163,,46.3333
1760,5.97967,,163,,46.4667
1761,5.98334,,163,,46.6
1762,5.98684,,162.75,,46.75
1763,5.99035,,162.5,,46.9
1764,5.99385,,162.25,,47.05
1765,5.99735,,162,,47.2
1766,6.00074,,162,,47.3333
1767,6.00414,,162,,47.4667
1768,6.00754,,162,,47.6
1769,6.01093,,162,,47.7333
1770,6.01433,,162,,47.8667
1771,6.01772,,162,,48
1772,6.02112,,162,,48
1773,6.02452,,162,,48
1774,6.02792,,162,,48
1775,6.03131,,162,,48
1776,6.03471,,162,,48
1777,6.03811,,162,,48
1778,6.0417,,161.667,,47.9667
1779,6.04528,,161.333,,47.9333
1780,6.04887,,161,,47.9
1781,6.05246,,160.667,,47.8667
1782,6.05604,,160.333,,47.8333
1783,6.05963,,160,,47.8
1784,6.06306,,160.167,,47.8
1785,6.06649,,160.333,,47.8
1786,6.06992,,160.5,,47.8
1787,6.07334,,160.667,,47.8
1788,6.07677,,160.833,,47.8
1789,6.0802,,161,,47.8
1790,6.08394,,161,,47.7667
1791,6.08769,,161,,47.7333
1792,6.09143,,161,,47.7
1793,6.09518,,161,,47.6667
1794,6.09892,,161,,47.6333
1795,6.10267,,161,,47.6
1796,6.10625,,161.167,,47.6
1797,6.10984,,161.333,,47.6
1798,6.11342,,161.5,,47.6
1799,6.117,,161.667,,47.6
1800,6.12059,,161.833,,47.6
1801,6.12417,,162,,47.6
1802,6.12782,,162,,47.6667
1803,6.13147,,162,,47.7333
1804,6.13511,,162,,47.8
1805,6.13876,,162,,47.8667
1806,6.14241,,162,,47.9333
1807,6.14606,,162,,48
1808,6.14978,,162.2,,48.04
1809,6.1535,,162.4,,48.08
1810,6.15723,,162.6,,48.12
1811,6.16095,,162.8,,48.16
1812,6.16467,,163,,48.2
1813,6.1678,,163,,48.2667
1814,6.17094,,163,,48.3333
1815,6.17407,,163,,48.4
1816,6.17612,,163.5,,48.4
1817,6.17816,,164,,48.4
1818,6.18157,,164,,48.4333
1819,6.18497,,164,,48.4667
1820,6.18838,,164,,48.5
1821,6.19179,,164,,48.5333
1822,6.19519,,164,,48.5667
1823,6.1986,,164,,48.6
1824,6.20171,,163.857,,48.6
1825,6.20481,,163.714,,48.6
1826,6.20792,,163.571,,48.6
1827,6.21102,,163.429,,48.6
1828,6.21413,,163.286,,48.6
1829,6.21723,,163.143,,48.6
1830,6.22034,,163,,48.6
1831,6.22887,,164,,49.2
1832,6.23226,,164.167,,49.4
1833,6.23565,,164.333,,49.6
1834,6.23904,,164.5,,49.8
1835,6.24243,,164.667,,50
1836,6.24582,,164.833,,50.2
1837,6.24921,,165,,50.4
1838,6.25323,,165.167,,50.6
1839,6.25725,,165.333,,50.8
1840,6.26127,,165.5,,51
1841,6.2653,,165.667,,51.2
1842,6.26932,,165.833,,51.4
1843,6.27334,,166,,51.6
1844,6.27666,,166,,51.7714
1845,6.27999,,166,,51.9429
1846,6.28331,,166,,52.1143
1847,6.28663,,166,,52.2857
1848,6.28995,,166,,52.4571
1849,6.29328,,166,,52.6286
1850,6.2966,,166,,52.8
1851,6.30023,,166,,52.7333
1852,6.30386,,166,,52.6667
1853,6.30749,,166,,52.6
1854,6.31113,,166,,52.5333
1855,6.31476,,166,,52.4667
1856,6.31839,,166,,52.4
1857,6.32209,,166.167,,52.3667
1858,6.3258,,166.333,,52.3333
1859,6.3295,,166.5,,52.3
1860,6.3332,,166.667,,52.2667
1861,6.33691,,166.833,,52.2333
1862,6.34061,,167,,52.2
1863,6.34426,,167,,52.1667
1864,6.34792,,167,,52.1333
1865,6.35157,,167,,52.1
1866,6.35522,,167,,52.0667
1867,6.35888,,167,,52.0333
1868,6.36253,,167,,52
1869,6.36705,,167.4,,52.08
1870,6.37157,,167.8,,52.16
1871,6.3761,,168.2,,52.24
1872,6.38062,,168.6,,52.32
1873,6.38514,,169,,52.4
1874,6.38936,,169.2,,52.52
1875,6.39358,,169.4,,52.64
1876,6.3978,,169.6,,52.76
1877,6.40202,,169.8,,52.88
1878,6.40624,,170,,53
1879,6.40934,,170.143,,53.1143
1880,6.41244,,170.286,,53.2286
1881,6.41554,,170.429,,53.3429
1882,6.41864,,170.571,,53.4571
1883,6.42174,,170.714,,53.5714
1884,6.42484,,170.857,,53.6857
1885,6.42794,,171,,53.8
1886,6.43165,,171,,54
1887,6.43537,,171,,54.2
1888,6.43908,,171,,54.4
1889,6.4428,,171,,54.6
1890,6.44651,,171,,54.8
1891,6.45023,,171,,55
1892,6.45394,,171.333,,55.2667
1893,6.45765,,171.667,,55.5333
1894,6.46135,,172,,55.8
1895,6.46506,,172.333,,56.0667
1896,6.46877,,172.667,,56.3333
1897,6.47248,,173,,56.6
1898,6.47583,,173.333,,56.8333
1899,6.47919,,173.667,,57.0667
1900,6.48255,,174,,57.3
1901,6.4859,,174.333,,57.5333
1902,6.48926,,174.667,,57.7667
1903,6.49261,,175,,58
1904,6.49647,,175,,58.4
1905,6.49721,,174.769,,58.4462
1906,6.49796,,174.538,,58.4923
1907,6.4987,,174.308,,58.5385
1908,6.49944,,174.077,,58.5846
1909,6.50019,,173.846,,58.6308
1910,6.50093,,173.615,,58.6769
1911,6.50167,,173.385,,58.7231
1912,6.50241,,173.154,,58.7692
1913,6.50316,,172.923,,58.8154
1914,6.5039,,172.692,,58.8615
1915,6.50464,,172.462,,58.9077
1916,6.50539,,172.231,,58.9538
1917,6.50613,,172,,59
1918,6.5074,,171.5,,59.0333
1919,6.50866,,171,,59.0667
1920,6.50993,,170.5,,59.1
1921,6.5112,,170,,59.1333
1922,6.51246,,169.5,,59.1667
1923,6.51373,,169,,59.2
1924,6.51485,,168,,59.2
1925,6.51597,,167,,59.2
1926,6.51709,,166,,59.2
1927,6.51834,,164.667,,59.2667
1928,6.51959,,163.333,,59.3333
1929,6.52084,,162,,59.4
1930,6.52302,,161,,59.4
1931,6.5252,,160,,59.4
1932,6.52738,,159,,59.4
1933,6.52974,,157,,59.4
1934,6.53209,,155,,59.4
1935,6.53526,,154.25,,59.45
1936,6.53842,,153.5,,59.5
1937,6.54158,,152.75,,59.55
1938,6.54475,,152,,59.6
1939,6.54812,,151.25,,59.75
1940,6.5515,,150.5,,59.9
1941,6.55487,,149.75,,60.05
1942,6.55825,,149,,60.2
1943,6.5613,,149,,60.2571
1944,6.56436,,149,,60.3143
1945,6.56741,,149,,60.3714
1946,6.57047,,149,,60.4286
1947,6.57352,,149,,60.4857
1948,6.57658,,149,,60.5429
1949,6.57963,,149,,60.6
1950,6.58242,,149.125,,60.65
1951,6.5852,,149.25,,60.7
1952,6.58799,,149.375,,60.75
1953,6.59077,,149.5,,60.8
1954,6.59356,,149.625,,60.85
1955,6.59634,,149.75,,60.9
1956,6.59913,,149.875,,60.95
1957,6.60191,,150,,61
1958,6.60531,,150.333,,61
1959,6.60872,,150.667,,61
1960,6.61212,,151,,61
1961,6.61552,,151.333,,61
1962,6.61893,,151.667,,61
1963,6.62233,,152,,61
1964,6.62576,,152.25,,61.05
1965,6.62918,,152.5,,61.1
1966,6.63261,,152.75,,61.15
1967,6.63604,,153,,61.2
