secs,km,power,hr,cad,alt
0,0,,84,,0
1,0.00219,,84,,0
2,0.00518143,,84.2857,,0
3,0.00817286,,84.5714,,0
4,0.0111643,,84.8571,,0
5,0.0141557,,85.1429,,0
6,0.0171471,,85.4286,,0
7,0.0201386,,85.7143,,0
8,0.02313,,86,,0
9,0.0266333,,86,,0
10,0.0301367,,86,,0
11,0.03364,,86,,0
12,0.0371433,,86,,0
13,0.0406467,,86,,0
14,0.04415,,86,,0
15,0.0476575,,87,,0
16,0.051165,,88,,0
17,0.0546725,,89,,0
18,0.05818,,90,,0
19,0.0615667,,90.6667,,0
20,0.0649533,,91.3333,,0
21,0.06834,,92,,0
22,0.0717267,,92.6667,,0
23,0.0751133,,93.3333,,0
24,0.0785,,94,,0
25,0.08187,,96,,0
26,0.08524,,98,,0
27,0.08861,,101,,0
28,0.09198,,104,,0
29,0.0953333,,104.5,,0
30,0.0986867,,105,,0
31,0.10204,,105.5,,0
32,0.105393,,106,,0
33,0.108747,,106.5,,0
34,0.1121,,107,,0
35,0.115437,,108,,0
36,0.118773,,109,,0
37,0.12211,,110,,0
38,0.125445,,110.667,,0
39,0.12878,,111.333,,0
40,0.132115,,112,,0
41,0.13545,,112.667,,0
42,0.138785,,113.333,,0
43,0.14212,,114,,0
44,0.14548,,114.167,,0
45,0.14884,,114.333,,0
46,0.1522,,114.5,,0
47,0.15556,,114.667,,0
48,0.15892,,114.833,,0
49,0.16228,,115,,0
50,0.16565,,115.5,,0
51,0.16902,,116,,0
52,0.17239,,116.5,,0
53,0.17576,,117,,0
54,0.17913,,117.5,,0
55,0.1825,,118,,0
56,0.185885,,118,,0
57,0.18927,,118,,0
58,0.192655,,118,,0
59,0.19604,,118,,0
60,0.199425,,118,,0
61,0.20281,,118,,0
62,0.206198,,118.333,,0
63,0.209587,,118.667,,0
64,0.212975,,119,,0
65,0.216363,,119.333,,0
66,0.219752,,119.667,,0
67,0.22314,,120,,0
68,0.226502,,120,,0
69,0.229863,,120,,0
70,0.233225,,120,,0
71,0.236587,,120,,0
72,0.239948,,120,,0
73,0.24331,,120,,0
74,0.246618,,121,,0
75,0.249925,,122,,0
76,0.253232,,123,,0
77,0.25654,,124,,0
78,0.259825,,125.5,,0
79,0.26311,,127,,0
80,0.26638,,128,,0
81,0.26965,,129,,0
82,0.27292,,130,,0
83,0.276186,,130.286,,0
84,0.279451,,130.571,,0
85,0.282717,,130.857,,0
86,0.285983,,131.143,,0
87,0.289249,,131.429,,0
88,0.292514,,131.714,,0
89,0.29578,,132,,0
90,0.299051,,132,,0
91,0.302323,,132,,0
92,0.305594,,132,,0
93,0.308866,,132,,0
94,0.312137,,132,,0
95,0.315409,,132,,0
96,0.31868,,132,,0
97,0.321976,,132,,0
98,0.325271,,132,,0
99,0.328567,,132,,0
100,0.331863,,132,,0
101,0.335159,,132,,0
102,0.338454,,132,,0
103,0.34175,,132,,0
104,0.345074,,132,,0
105,0.348399,,132,,0
106,0.351723,,132,,0
107,0.355047,,132,,0
108,0.358371,,132,,0
109,0.361696,,132,,0
110,0.36502,,132,,0
111,0.367698,,132.2,,14.88
112,0.370376,,132.4,,29.76
113,0.373054,,132.6,,44.64
114,0.375732,,132.8,,59.52
115,0.37841,,133,,74.4
116,0.381892,,133.25,,74.75
117,0.385375,,133.5,,75.1
118,0.388857,,133.75,,75.45
119,0.39234,,134,,75.8
120,0.395033,,134.333,,75.7333
121,0.397727,,134.667,,75.6667
122,0.40042,,135,,75.6
123,0.403778,,135,,77.9
124,0.407137,,135,,80.2
125,0.410495,,135,,82.5
126,0.413853,,135,,84.8
127,0.417212,,135,,87.1
128,0.42057,,135,,89.4
129,0.423617,,135.143,,89.1714
130,0.426664,,135.286,,88.9429
131,0.429711,,135.429,,88.7143
132,0.432759,,135.571,,88.4857
133,0.435806,,135.714,,88.2571
134,0.438853,,135.857,,88.0286
135,0.4419,,136,,87.8
136,0.4449,,135,,97
137,0.448258,,135.333,,97.1667
138,0.451617,,135.667,,97.3333
139,0.454975,,136,,97.5
140,0.458333,,136.333,,97.6667
141,0.461692,,136.667,,97.8333
142,0.46505,,137,,98
143,0.468418,,137,,95.96
144,0.471786,,137,,93.92
145,0.475154,,137,,91.88
146,0.478522,,137,,89.84
147,0.48189,,137,,87.8
148,0.485254,,137.143,,86.7143
149,0.488619,,137.286,,85.6286
150,0.491983,,137.429,,84.5429
151,0.495347,,137.571,,83.4571
152,0.498711,,137.714,,82.3714
153,0.502076,,137.857,,81.2857
154,0.50544,,138,,80.2
155,0.50898,,138,,79.3667
156,0.51252,,138,,78.5333
157,0.51606,,138,,77.7
158,0.5196,,138,,76.8667
159,0.52314,,138,,76.0333
160,0.52668,,138,,75.2
161,0.53003,,138.333,,74.6667
162,0.53338,,138.667,,74.1333
163,0.53673,,139,,73.6
164,0.54008,,139.333,,73.0667
165,0.54343,,139.667,,72.5333
166,0.54678,,140,,72
167,0.550307,,140.167,,72.0333
168,0.553833,,140.333,,72.0667
169,0.55736,,140.5,,72.1
170,0.560887,,140.667,,72.1333
171,0.564413,,140.833,,72.1667
172,0.56794,,141,,72.2
173,0.571433,,141,,71.5333
174,0.574927,,141,,70.8667
175,0.57842,,141,,70.2
176,0.581913,,141,,69.5333
177,0.585407,,141,,68.8667
178,0.5889,,141,,68.2
179,0.592278,,141,,67.9333
180,0.595657,,141,,67.6667
181,0.599035,,141,,67.4
182,0.602413,,141,,67.1333
183,0.605792,,141,,66.8667
184,0.60917,,141,,66.6
185,0.612617,,141.167,,66.2
186,0.616063,,141.333,,65.8
187,0.61951,,141.5,,65.4
188,0.622957,,141.667,,65
189,0.626403,,141.833,,64.6
190,0.62985,,142,,64.2
191,0.633247,,142.167,,63.7333
192,0.636643,,142.333,,63.2667
193,0.64004,,142.5,,62.8
194,0.643437,,142.667,,62.3333
195,0.646833,,142.833,,61.8667
196,0.65023,,143,,61.4
197,0.653608,,143.167,,61.0667
198,0.656987,,143.333,,60.7333
199,0.660365,,143.5,,60.4
200,0.663743,,143.667,,60.0667
201,0.667122,,143.833,,59.7333
202,0.6705,,144,,59.4
203,0.674047,,144,,59.3667
204,0.677593,,144,,59.3333
205,0.68114,,144,,59.3
206,0.684687,,144,,59.2667
207,0.688233,,144,,59.2333
208,0.69178,,144,,59.2
209,0.695248,,144.333,,58.6333
210,0.698717,,144.667,,58.0667
211,0.702185,,145,,57.5
212,0.705653,,145.333,,56.9333
213,0.709122,,145.667,,56.3667
214,0.71259,,146,,55.8
215,0.71605,,146.167,,54.9
216,0.71951,,146.333,,54
217,0.72297,,146.5,,53.1
218,0.72643,,146.667,,52.2
219,0.72989,,146.833,,51.3
220,0.73335,,147,,50.4
221,0.73678,,146.833,,49.7
222,0.74021,,146.667,,49
223,0.74364,,146.5,,48.3
224,0.74707,,146.333,,47.6
225,0.7505,,146.167,,46.9
226,0.75393,,146,,46.2
227,0.757347,,146.167,,45.6
228,0.760763,,146.333,,45
229,0.76418,,146.5,,44.4
230,0.767597,,146.667,,43.8
231,0.771013,,146.833,,43.2
232,0.77443,,147,,42.6
233,0.777593,,147,,41.8857
234,0.780756,,147,,41.1714
235,0.783919,,147,,40.4571
236,0.787081,,147,,39.7429
237,0.790244,,147,,39.0286
238,0.793407,,147,,38.3143
239,0.79657,,147,,37.6
240,0.799741,,147,,36.9143
241,0.802913,,147,,36.2286
242,0.806084,,147,,35.5429
243,0.809256,,147,,34.8571
244,0.812427,,147,,34.1714
245,0.815599,,147,,33.4857
246,0.81877,,147,,32.8
247,0.821907,,147.143,,32.1143
248,0.825044,,147.286,,31.4286
249,0.828181,,147.429,,30.7429
250,0.831319,,147.571,,30.0571
251,0.834456,,147.714,,29.3714
252,0.837593,,147.857,,28.6857
253,0.84073,,148,,28
254,0.843954,,147.857,,27.2
255,0.847179,,147.714,,26.4
256,0.850403,,147.571,,25.6
257,0.853627,,147.429,,24.8
258,0.856851,,147.286,,24
259,0.860076,,147.143,,23.2
260,0.8633,,147,,22.4
261,0.866812,,147,,21.6
262,0.870323,,147,,20.8
263,0.873835,,147,,20
264,0.877347,,147,,19.2
265,0.880858,,147,,18.4
266,0.88437,,147,,17.6
267,0.887344,,147.143,,16.7714
268,0.890319,,147.286,,15.9429
269,0.893293,,147.429,,15.1143
270,0.896267,,147.571,,14.2857
271,0.899241,,147.714,,13.4571
272,0.902216,,147.857,,12.6286
273,0.90519,,148,,11.8
274,0.908414,,148,,10.8571
275,0.911639,,148,,9.91429
276,0.914863,,148,,8.97143
277,0.918087,,148,,8.02857
278,0.921311,,148,,7.08571
279,0.924536,,148,,6.14286
280,0.92776,,148,,5.2
281,0.931107,,148,,5.1
282,0.934453,,148,,5
283,0.9378,,148,,4.9
284,0.941147,,148,,4.8
285,0.944493,,148,,4.7
286,0.94784,,148,,4.6
287,0.951298,,148,,3.9
288,0.954757,,148,,3.2
289,0.958215,,148,,2.5
290,0.961673,,148,,1.8
291,0.965132,,148,,1.1
292,0.96859,,148,,0.4
293,0.972108,,148,,0.166667
294,0.975627,,148,,-0.0666667
295,0.979145,,148,,-0.3
296,0.982663,,148,,-0.533333
297,0.986182,,148,,-0.766667
298,0.9897,,148,,-1
299,0.992893,,148,,-1.02857
300,0.996086,,148,,-1.05714
301,0.999279,,148,,-1.08571
302,1.00247,,148,,-1.11429
303,1.00566,,148,,-1.14286
304,1.00886,,148,,-1.17143
305,1.01205,,148,,-1.2
306,1.01534,,148,,-1.37143
307,1.01863,,148,,-1.54286
308,1.02192,,148,,-1.71429
309,1.0252,,148,,-1.88571
310,1.02849,,148,,-2.05714
311,1.03178,,148,,-2.22857
312,1.03507,,148,,-2.4
313,1.0384,,148.143,,-2.82857
314,1.04173,,148.286,,-3.25714
315,1.04506,,148.429,,-3.68571
316,1.04839,,148.571,,-4.11429
317,1.05172,,148.714,,-4.54286
318,1.05505,,148.857,,-4.97143
319,1.05838,,149,,-5.4
320,1.06173,,148.833,,-5.96667
321,1.06508,,148.667,,-6.53333
322,1.06843,,148.5,,-7.1
323,1.07177,,148.333,,-7.66667
324,1.07512,,148.167,,-8.23333
325,1.07847,,148,,-8.8
326,1.08205,,148,,-9.3
327,1.08563,,148,,-9.8
328,1.08922,,148,,-10.3
329,1.0928,,148,,-10.8
330,1.09638,,148,,-11.3
331,1.09996,,148,,-11.8
332,1.10384,,147.833,,-12.0333
333,1.10771,,147.667,,-12.2667
334,1.11159,,147.5,,-12.5
335,1.11547,,147.333,,-12.7333
336,1.11934,,147.167,,-12.9667
337,1.12322,,147,,-13.2
338,1.12693,,147.167,,-13.6667
339,1.13065,,147.333,,-14.1333
340,1.13436,,147.5,,-14.6
341,1.13807,,147.667,,-15.0667
342,1.14179,,147.833,,-15.5333
343,1.1455,,148,,-16
344,1.14914,,147.833,,-16.3667
345,1.15277,,147.667,,-16.7333
346,1.15641,,147.5,,-17.1
347,1.16004,,147.333,,-17.4667
348,1.16368,,147.167,,-17.8333
349,1.16731,,147,,-18.2
350,1.17077,,146.833,,-18.6667
351,1.17423,,146.667,,-19.1333
352,1.17769,,146.5,,-19.6
353,1.18115,,146.333,,-20.0667
354,1.18461,,146.167,,-20.5333
355,1.18807,,146,,-21
356,1.19165,,146.167,,-21.5333
357,1.19522,,146.333,,-22.0667
358,1.19879,,146.5,,-22.6
359,1.20237,,146.667,,-23.1333
360,1.20595,,146.833,,-23.6667
361,1.20952,,147,,-24.2
362,1.21286,,147,,-24.7
363,1.21619,,147,,-25.2
364,1.21952,,147,,-25.7
365,1.22286,,147,,-26.2
366,1.22619,,147,,-26.7
367,1.22953,,147,,-27.2
368,1.23297,,147,,-27.7
369,1.2364,,147,,-28.2
370,1.23984,,147,,-28.7
371,1.24327,,147,,-29.2
372,1.2467,,147,,-29.7
373,1.25014,,147,,-30.2
374,1.25355,,147,,-30.8333
375,1.25696,,147,,-31.4667
376,1.26038,,147,,-32.1
377,1.26379,,147,,-32.7333
378,1.2672,,147,,-33.3667
379,1.27061,,147,,-34
380,1.27415,,147.167,,-34.6333
381,1.27769,,147.333,,-35.2667
382,1.28123,,147.5,,-35.9
383,1.28476,,147.667,,-36.5333
384,1.2883,,147.833,,-37.1667
385,1.29184,,148,,-37.8
386,1.29526,,148.167,,-38.3
387,1.29868,,148.333,,-38.8
388,1.3021,,148.5,,-39.3
389,1.30552,,148.667,,-39.8
390,1.30894,,148.833,,-40.3
391,1.31236,,149,,-40.8
392,1.31581,,149,,-41.1667
393,1.31927,,149,,-41.5333
394,1.32272,,149,,-41.9
395,1.32618,,149,,-42.2667
396,1.32964,,149,,-42.6333
397,1.33309,,149,,-43
398,1.3365,,149,,-43.4333
399,1.33991,,149,,-43.8667
400,1.34332,,149,,-44.3
401,1.34672,,149,,-44.7333
402,1.35013,,149,,-45.1667
403,1.35354,,149,,-45.6
404,1.35718,,148.833,,-46.1667
405,1.36083,,148.667,,-46.7333
406,1.36447,,148.5,,-47.3
407,1.36811,,148.333,,-47.8667
408,1.37176,,148.167,,-48.4333
409,1.3754,,148,,-49
410,1.37884,,147.833,,-49.7
411,1.38229,,147.667,,-50.4
412,1.38573,,147.5,,-51.1
413,1.38917,,147.333,,-51.8
414,1.39262,,147.167,,-52.5
415,1.39606,,147,,-53.2
416,1.3995,,147.167,,-53.9
417,1.40294,,147.333,,-54.6
418,1.40638,,147.5,,-55.3
419,1.40983,,147.667,,-56
420,1.41327,,147.833,,-56.7
421,1.41671,,148,,-57.4
422,1.42014,,148.167,,-58.0667
423,1.42357,,148.333,,-58.7333
424,1.427,,148.5,,-59.4
425,1.43042,,148.667,,-60.0667
426,1.43385,,148.833,,-60.7333
427,1.43728,,149,,-61.4
428,1.44081,,149,,-62.1
429,1.44435,,149,,-62.8
430,1.44788,,149,,-63.5
431,1.45141,,149,,-64.2
432,1.45495,,149,,-64.9
433,1.45848,,149,,-65.6
434,1.46203,,149.167,,-66.2333
435,1.46557,,149.333,,-66.8667
436,1.46912,,149.5,,-67.5
437,1.47267,,149.667,,-68.1333
438,1.47621,,149.833,,-68.7667
439,1.47976,,150,,-69.4
440,1.48317,,150.167,,-69.8667
441,1.48657,,150.333,,-70.3333
442,1.48998,,150.5,,-70.8
443,1.49338,,150.667,,-71.2667
444,1.49679,,150.833,,-71.7333
445,1.50019,,151,,-72.2
446,1.50349,,151.143,,-72.8857
447,1.50678,,151.286,,-73.5714
448,1.51008,,151.429,,-74.2571
449,1.51338,,151.571,,-74.9429
450,1.51668,,151.714,,-75.6286
451,1.51997,,151.857,,-76.3143
452,1.52327,,152,,-77
453,1.52672,,152,,-77.7
454,1.53017,,152,,-78.4
455,1.53361,,152,,-79.1
456,1.53706,,152,,-79.8
457,1.54051,,152,,-80.5
458,1.54396,,152,,-81.2
459,1.54724,,152.143,,-81.6857
460,1.55052,,152.286,,-82.1714
461,1.5538,,152.429,,-82.6571
462,1.55707,,152.571,,-83.1429
463,1.56035,,152.714,,-83.6286
464,1.56363,,152.857,,-84.1143
465,1.56691,,153,,-84.6
466,1.57026,,153,,-85.1667
467,1.57362,,153,,-85.7333
468,1.57697,,153,,-86.3
469,1.58032,,153,,-86.8667
470,1.58368,,153,,-87.4333
471,1.58703,,153,,-88
472,1.59051,,153,,-88.5333
473,1.59399,,153,,-89.0667
474,1.59747,,153,,-89.6
475,1.60095,,153,,-90.1333
476,1.60443,,153,,-90.6667
477,1.60791,,153,,-91.2
478,1.61141,,153,,-91.9
479,1.61492,,153,,-92.6
480,1.61842,,153,,-93.3
481,1.62192,,153,,-94
482,1.62543,,153,,-94.7
483,1.62893,,153,,-95.4
484,1.63257,,152.833,,-95.9667
485,1.6362,,152.667,,-96.5333
486,1.63983,,152.5,,-97.1
487,1.64347,,152.333,,-97.6667
488,1.64711,,152.167,,-98.2333
489,1.65074,,152,,-98.8
490,1.65456,,152.167,,-99.3
491,1.65838,,152.333,,-99.8
492,1.6622,,152.5,,-100.3
493,1.66601,,152.667,,-100.8
494,1.66983,,152.833,,-101.3
495,1.67365,,153,,-101.8
496,1.67736,,153,,-102.3
497,1.68107,,153,,-102.8
498,1.68478,,153,,-103.3
499,1.6885,,153,,-103.8
500,1.69221,,153,,-104.3
501,1.69592,,153,,-104.8
502,1.69961,,152.667,,-105.367
503,1.7033,,152.333,,-105.933
504,1.70699,,152,,-106.5
505,1.71068,,151.667,,-107.067
506,1.71437,,151.333,,-107.633
507,1.71806,,151,,-108.2
508,1.72169,,150.833,,-108.767
509,1.72532,,150.667,,-109.333
510,1.72894,,150.5,,-109.9
511,1.73257,,150.333,,-110.467
512,1.7362,,150.167,,-111.033
513,1.73983,,150,,-111.6
514,1.74341,,150,,-112.267
515,1.74698,,150,,-112.933
516,1.75056,,150,,-113.6
517,1.75414,,150,,-114.267
518,1.75771,,150,,-114.933
519,1.76129,,150,,-115.6
520,1.76448,,150.286,,-116.2
521,1.76766,,150.571,,-116.8
522,1.77085,,150.857,,-117.4
523,1.77404,,151.143,,-118
524,1.77723,,151.429,,-118.6
525,1.78041,,151.714,,-119.2
526,1.7836,,152,,-119.8
527,1.78695,,152.167,,-120.433
528,1.7903,,152.333,,-121.067
529,1.79365,,152.5,,-121.7
530,1.79701,,152.667,,-122.333
531,1.80036,,152.833,,-122.967
532,1.80371,,153,,-123.6
533,1.80728,,153,,-124.2
534,1.81085,,153,,-124.8
535,1.81442,,153,,-125.4
536,1.81798,,153,,-126
537,1.82155,,153,,-126.6
538,1.82512,,153,,-127.2
539,1.82861,,153.167,,-127.9
540,1.8321,,153.333,,-128.6
541,1.83559,,153.5,,-129.3
542,1.83908,,153.667,,-130
543,1.84257,,153.833,,-130.7
544,1.84606,,154,,-131.4
545,1.84967,,154,,-132.033
546,1.85329,,154,,-132.667
547,1.85691,,154,,-133.3
548,1.86052,,154,,-133.933
549,1.86414,,154,,-134.567
550,1.86775,,154,,-135.2
551,1.87138,,154,,-135.867
552,1.875,,154,,-136.533
553,1.87863,,154,,-137.2
554,1.88226,,154,,-137.867
555,1.88588,,154,,-138.533
556,1.88951,,154,,-139.2
557,1.89302,,153.667,,-139.9
558,1.89654,,153.333,,-140.6
559,1.90006,,153,,-141.3
560,1.90357,,152.667,,-142
561,1.90709,,152.333,,-142.7
562,1.9106,,152,,-143.4
563,1.91417,,152.167,,-144.067
564,1.91773,,152.333,,-144.733
565,1.92129,,152.5,,-145.4
566,1.92486,,152.667,,-146.067
567,1.92843,,152.833,,-146.733
568,1.93199,,153,,-147.4
569,1.9354,,153,,-148
570,1.93881,,153,,-148.6
571,1.94223,,153,,-149.2
572,1.94564,,153,,-149.8
573,1.94905,,153,,-150.4
574,1.95246,,153,,-151
575,1.95589,,153.167,,-151.6
576,1.95932,,153.333,,-152.2
577,1.96275,,153.5,,-152.8
578,1.96618,,153.667,,-153.4
579,1.96961,,153.833,,-154
580,1.97304,,154,,-154.6
581,1.97649,,154,,-155.067
582,1.97993,,154,,-155.533
583,1.98338,,154,,-156
584,1.98683,,154,,-156.467
585,1.99027,,154,,-156.933
586,1.99372,,154,,-157.4
587,1.99714,,154,,-157.4
588,2.00056,,154,,-157.4
589,2.00398,,154,,-157.4
590,2.00739,,154,,-157.4
591,2.01081,,154,,-157.4
592,2.01423,,154,,-157.4
593,2.01752,,153.857,,-157
594,2.0208,,153.714,,-156.6
595,2.02409,,153.571,,-156.2
596,2.02738,,153.429,,-155.8
597,2.03067,,153.286,,-155.4
598,2.03395,,153.143,,-155
599,2.03724,,153,,-154.6
600,2.04043,,152.857,,-154.029
601,2.04361,,152.714,,-153.457
602,2.0468,,152.571,,-152.886
603,2.04998,,152.429,,-152.314
604,2.05317,,152.286,,-151.743
605,2.05635,,152.143,,-151.171
606,2.05954,,152,,-150.6
607,2.06278,,151.857,,-150.029
608,2.06601,,151.714,,-149.457
609,2.06925,,151.571,,-148.886
610,2.07248,,151.429,,-148.314
611,2.07572,,151.286,,-147.743
612,2.07895,,151.143,,-147.171
613,2.08219,,151,,-146.6
614,2.08555,,151.167,,-146.133
615,2.08892,,151.333,,-145.667
616,2.09228,,151.5,,-145.2
617,2.09565,,151.667,,-144.733
618,2.09901,,151.833,,-144.267
619,2.10238,,152,,-143.8
620,2.10558,,152.143,,-143.571
621,2.10878,,152.286,,-143.343
622,2.11198,,152.429,,-143.114
623,2.11519,,152.571,,-142.886
624,2.11839,,152.714,,-142.657
625,2.12159,,152.857,,-142.429
626,2.12479,,153,,-142.2
627,2.12774,,153.143,,-141.886
628,2.13068,,153.286,,-141.571
629,2.13363,,153.429,,-141.257
630,2.13658,,153.571,,-140.943
631,2.13953,,153.714,,-140.629
632,2.14247,,153.857,,-140.314
633,2.14542,,154,,-140
634,2.14842,,154,,-139.714
635,2.15142,,154,,-139.429
636,2.15442,,154,,-139.143
637,2.15743,,154,,-138.857
638,2.16043,,154,,-138.571
639,2.16343,,154,,-138.286
640,2.16643,,154,,-138
641,2.16946,,154.143,,-137.771
642,2.17249,,154.286,,-137.543
643,2.17552,,154.429,,-137.314
644,2.17854,,154.571,,-137.086
645,2.18157,,154.714,,-136.857
646,2.1846,,154.857,,-136.629
647,2.18763,,155,,-136.4
648,2.19056,,155,,-136.143
649,2.19349,,155,,-135.886
650,2.19642,,155,,-135.629
651,2.19935,,155,,-135.371
652,2.20228,,155,,-135.114
653,2.20521,,155,,-134.857
654,2.20814,,155,,-134.6
655,2.21103,,155,,-134.371
656,2.21391,,155,,-134.143
657,2.2168,,155,,-133.914
658,2.21968,,155,,-133.686
659,2.22257,,155,,-133.457
660,2.22545,,155,,-133.229
661,2.22834,,155,,-133
662,2.23149,,154.857,,-132.771
663,2.23463,,154.714,,-132.543
664,2.23778,,154.571,,-132.314
665,2.24093,,154.429,,-132.086
666,2.24408,,154.286,,-131.857
667,2.24722,,154.143,,-131.629
668,2.25037,,154,,-131.4
669,2.25359,,153.857,,-131.086
670,2.2568,,153.714,,-130.771
671,2.26002,,153.571,,-130.457
672,2.26324,,153.429,,-130.143
673,2.26646,,153.286,,-129.829
674,2.26967,,153.143,,-129.514
675,2.27289,,153,,-129.2
676,2.27624,,153,,-129.029
677,2.27959,,153,,-128.857
678,2.28294,,153,,-128.686
679,2.28629,,153,,-128.514
680,2.28964,,153,,-128.343
681,2.29299,,153,,-128.171
682,2.29634,,153,,-128
683,2.29985,,152.833,,-127.833
684,2.30337,,152.667,,-127.667
685,2.30688,,152.5,,-127.5
686,2.31039,,152.333,,-127.333
687,2.31391,,152.167,,-127.167
688,2.31742,,152,,-127
689,2.32072,,152,,-126.771
690,2.32402,,152,,-126.543
691,2.32732,,152,,-126.314
692,2.33062,,152,,-126.086
693,2.33392,,152,,-125.857
694,2.33722,,152,,-125.629
695,2.34052,,152,,-125.4
696,2.34406,,152,,-125.133
697,2.3476,,152,,-124.867
698,2.35113,,152,,-124.6
699,2.35467,,152,,-124.333
700,2.35821,,152,,-124.067
701,2.36175,,152,,-123.8
702,2.36518,,152,,-123.567
703,2.36862,,152,,-123.333
704,2.37206,,152,,-123.1
705,2.37549,,152,,-122.867
706,2.37892,,152,,-122.633
707,2.38236,,152,,-122.4
708,2.38552,,151.714,,-122.2
709,2.38868,,151.429,,-122
710,2.39184,,151.143,,-121.8
711,2.395,,150.857,,-121.6
712,2.39816,,150.571,,-121.4
713,2.40132,,150.286,,-121.2
714,2.40448,,150,,-121
715,2.40788,,150,,-120.8
716,2.41128,,150,,-120.6
717,2.41467,,150,,-120.4
718,2.41807,,150,,-120.2
719,2.42147,,150,,-120
720,2.42487,,150,,-119.8
721,2.42825,,149.833,,-119.567
722,2.43163,,149.667,,-119.333
723,2.435,,149.5,,-119.1
724,2.43838,,149.333,,-118.867
725,2.44176,,149.167,,-118.633
726,2.44514,,149,,-118.4
727,2.44838,,148.714,,-118.171
728,2.45161,,148.429,,-117.943
729,2.45485,,148.143,,-117.714
730,2.45809,,147.857,,-117.486
731,2.46133,,147.571,,-117.257
732,2.46456,,147.286,,-117.029
733,2.4678,,147,,-116.8
734,2.47097,,146.857,,-116.657
735,2.47414,,146.714,,-116.514
736,2.47731,,146.571,,-116.371
737,2.48049,,146.429,,-116.229
738,2.48366,,146.286,,-116.086
739,2.48683,,146.143,,-115.943
740,2.49,,146,,-115.8
741,2.49312,,145.857,,-115.6
742,2.49624,,145.714,,-115.4
743,2.49936,,145.571,,-115.2
744,2.50249,,145.429,,-115
745,2.50561,,145.286,,-114.8
746,2.50873,,145.143,,-114.6
747,2.51185,,145,,-114.4
748,2.51529,,145,,-114.2
749,2.51873,,145,,-114
750,2.52217,,145,,-113.8
751,2.52561,,145,,-113.6
752,2.52905,,145,,-113.4
753,2.53249,,145,,-113.2
754,2.536,,145,,-112.833
755,2.53951,,145,,-112.467
756,2.54302,,145,,-112.1
757,2.54654,,145,,-111.733
758,2.55005,,145,,-111.367
759,2.55356,,145,,-111
760,2.55737,,145.167,,-110.367
761,2.56119,,145.333,,-109.733
762,2.565,,145.5,,-109.1
763,2.56882,,145.667,,-108.467
764,2.57264,,145.833,,-107.833
765,2.57645,,146,,-107.2
766,2.58023,,146.333,,-106.667
767,2.58401,,146.667,,-106.133
768,2.58779,,147,,-105.6
769,2.59158,,147.333,,-105.067
770,2.59536,,147.667,,-104.533
771,2.59914,,148,,-104
772,2.60312,,148,,-103.667
773,2.60711,,148,,-103.333
774,2.61109,,148,,-103
775,2.61507,,148,,-102.667
776,2.61906,,148,,-102.333
777,2.62304,,148,,-102
778,2.62704,,147.25,,-101.25
779,2.63104,,146.5,,-100.5
780,2.63504,,145.75,,-99.75
781,2.63904,,145,,-99
782,2.64284,,144.667,,-98.3
783,2.64665,,144.333,,-97.6
784,2.65045,,144,,-96.9
785,2.65426,,143.667,,-96.2
786,2.65807,,143.333,,-95.5
787,2.66187,,143,,-94.8
788,2.66568,,143,,-94.3
789,2.6695,,143,,-93.8
790,2.67332,,143,,-93.3
791,2.67713,,143,,-92.8
792,2.68094,,143,,-92.3
793,2.68476,,143,,-91.8
794,2.6887,,143,,-91.4333
795,2.69264,,143,,-91.0667
796,2.69657,,143,,-90.7
797,2.70051,,143,,-90.3333
798,2.70445,,143,,-89.9667
799,2.70839,,143,,-89.6
800,2.71226,,142.833,,-88.8667
801,2.71614,,142.667,,-88.1333
802,2.72001,,142.5,,-87.4
803,2.72389,,142.333,,-86.6667
804,2.72776,,142.167,,-85.9333
805,2.73164,,142,,-85.2
806,2.73561,,141.833,,-84.5
807,2.73959,,141.667,,-83.8
808,2.74356,,141.5,,-83.1
809,2.74754,,141.333,,-82.4
810,2.75151,,141.167,,-81.7
811,2.75549,,141,,-81
812,2.75946,,141.167,,-80.2
813,2.76343,,141.333,,-79.4
814,2.7674,,141.5,,-78.6
815,2.77137,,141.667,,-77.8
816,2.77534,,141.833,,-77
817,2.77931,,142,,-76.2
818,2.78313,,142,,-75.4333
819,2.78694,,142,,-74.6667
820,2.79076,,142,,-73.9
821,2.79458,,142,,-73.1333
822,2.79839,,142,,-72.3667
823,2.80221,,142,,-71.6
824,2.80604,,142,,-70.8333
825,2.80988,,142,,-70.0667
826,2.81371,,142,,-69.3
827,2.81754,,142,,-68.5333
828,2.82138,,142,,-67.7667
829,2.82521,,142,,-67
830,2.82871,,142,,-66.3333
831,2.83221,,142,,-65.6667
832,2.8357,,142,,-65
833,2.8392,,142,,-64.3333
834,2.8427,,142,,-63.6667
835,2.8462,,142,,-63
836,2.85003,,142,,-62.2
837,2.85386,,142,,-61.4
838,2.85769,,142,,-60.6
839,2.86152,,142,,-59.8
840,2.86535,,142,,-59
841,2.86918,,142,,-58.2
842,2.87304,,142,,-57.5667
843,2.8769,,142,,-56.9333
844,2.88076,,142,,-56.3
845,2.88463,,142,,-55.6667
846,2.88849,,142,,-55.0333
847,2.89235,,142,,-54.4
848,2.89583,,142.333,,-54
849,2.89932,,142.667,,-53.6
850,2.9028,,143,,-53.2
851,2.90629,,143.333,,-52.8
852,2.90977,,143.667,,-52.4
853,2.91326,,144,,-52
854,2.92003,,143.667,,-41.5333
855,2.9268,,143.333,,-31.0667
856,2.93357,,143,,-20.6
857,2.93807,,143.2,,-15.92
858,2.94257,,143.4,,-11.24
859,2.94706,,143.6,,-6.56
860,2.95156,,143.8,,-1.88
861,2.95606,,144,,2.8
862,2.96001,,144,,7.4
863,2.96391,,144.167,,8.96667
864,2.96781,,144.333,,10.5333
865,2.97171,,144.5,,12.1
866,2.97561,,144.667,,13.6667
867,2.97951,,144.833,,15.2333
868,2.98341,,145,,16.8
869,2.98692,,145.333,,18.3333
870,2.99043,,145.667,,19.8667
871,2.99394,,146,,21.4
872,2.99746,,146.333,,22.9333
873,3.00097,,146.667,,24.4667
874,3.00448,,147,,26
875,3.00808,,147,,27.2333
876,3.01169,,147,,28.4667
877,3.01529,,147,,29.7
878,3.01889,,147,,30.9333
879,3.0225,,147,,32.1667
880,3.0261,,147,,33.4
881,3.02972,,147.167,,34.2
882,3.03334,,147.333,,35
883,3.03695,,147.5,,35.8
884,3.04057,,147.667,,36.6
885,3.04419,,147.833,,37.4
886,3.04781,,148,,38.2
887,3.05157,,148.333,,38.8667
888,3.05532,,148.667,,39.5333
889,3.05908,,149,,40.2
890,3.06284,,149.333,,40.8667
891,3.06659,,149.667,,41.5333
892,3.07035,,150,,42.2
893,3.07394,,150.167,,42.7
894,3.07753,,150.333,,43.2
895,3.08112,,150.5,,43.7
896,3.0847,,150.667,,44.2
897,3.08829,,150.833,,44.7
898,3.09188,,151,,45.2
899,3.09543,,151,,45.8667
900,3.09897,,151,,46.5333
901,3.10252,,151,,47.2
902,3.10607,,151,,47.8667
903,3.10961,,151,,48.5333
904,3.11316,,151,,49.2
905,3.11632,,151.286,,50.2857
906,3.11949,,151.571,,51.3714
907,3.12265,,151.857,,52.4571
908,3.12581,,152.143,,53.5429
909,3.12897,,152.429,,54.6286
910,3.13214,,152.714,,55.7143
911,3.1353,,153,,56.8
912,3.13885,,153.167,,57.5333
913,3.14241,,153.333,,58.2667
914,3.14596,,153.5,,59
915,3.14951,,153.667,,59.7333
916,3.15307,,153.833,,60.4667
917,3.15662,,154,,61.2
918,3.16003,,154,,62.0667
919,3.16344,,154,,62.9333
920,3.16685,,154,,63.8
921,3.17026,,154,,64.6667
922,3.17367,,154,,65.5333
923,3.17708,,154,,66.4
924,3.1803,,154,,67.2286
925,3.18353,,154,,68.0571
926,3.18675,,154,,68.8857
927,3.18997,,154,,69.7143
928,3.19319,,154,,70.5429
929,3.19642,,154,,71.3714
930,3.19964,,154,,72.2
931,3.20274,,153.857,,72.9429
932,3.20584,,153.714,,73.6857
933,3.20894,,153.571,,74.4286
934,3.21203,,153.429,,75.1714
935,3.21513,,153.286,,75.9143
936,3.21823,,153.143,,76.6571
937,3.22133,,153,,77.4
938,3.22483,,153,,77.7
939,3.22833,,153,,78
940,3.23183,,153,,78.3
941,3.23534,,153,,78.6
942,3.23884,,153,,78.9
943,3.24234,,153,,79.2
944,3.24568,,152.833,,79.7333
945,3.24901,,152.667,,80.2667
946,3.25235,,152.5,,80.8
947,3.25569,,152.333,,81.3333
948,3.25902,,152.167,,81.8667
949,3.26236,,152,,82.4
950,3.26589,,151.5,,82.9
951,3.26942,,151,,83.4
952,3.27296,,150.5,,83.9
953,3.27649,,150,,84.4
954,3.28002,,149.5,,84.9
955,3.28355,,149,,85.4
956,3.28681,,149.143,,86.2571
957,3.29008,,149.286,,87.1143
958,3.29334,,149.429,,87.9714
959,3.2966,,149.571,,88.8286
960,3.29986,,149.714,,89.6857
961,3.30313,,149.857,,90.5429
962,3.30639,,150,,91.4
963,3.31005,,150.333,,93.1333
964,3.3137,,150.667,,94.8667
965,3.31736,,151,,96.6
966,3.32102,,151.333,,98.3333
967,3.32467,,151.667,,100.067
968,3.32833,,152,,101.8
969,3.3319,,152.167,,102.767
970,3.33547,,152.333,,103.733
971,3.33903,,152.5,,104.7
972,3.3426,,152.667,,105.667
973,3.34617,,152.833,,106.633
974,3.34974,,153,,107.6
975,3.35336,,153,,108.133
976,3.35698,,153,,108.667
977,3.36061,,153,,109.2
978,3.36423,,153,,109.733
979,3.36785,,153,,110.267
980,3.37147,,153,,110.8
981,3.37495,,152.833,,111.4
982,3.37843,,152.667,,112
983,3.38191,,152.5,,112.6
984,3.38538,,152.333,,113.2
985,3.38886,,152.167,,113.8
986,3.39234,,152,,114.4
987,3.3958,,152,,114.833
988,3.39925,,152,,115.267
989,3.4027,,152,,115.7
990,3.40616,,152,,116.133
991,3.40962,,152,,116.567
992,3.41307,,152,,117
993,3.41645,,151.667,,117.6
994,3.41983,,151.333,,118.2
995,3.42321,,151,,118.8
996,3.4266,,150.667,,119.4
997,3.42998,,150.333,,120
998,3.43336,,150,,120.6
999,3.43684,,149.667,,121.233
1000,3.44032,,149.333,,121.867
1001,3.4438,,149,,122.5
1002,3.44728,,148.667,,123.133
1003,3.45076,,148.333,,123.767
1004,3.45424,,148,,124.4
1005,3.4576,,147.833,,124.567
1006,3.46097,,147.667,,124.733
1007,3.46433,,147.5,,124.9
1008,3.46769,,147.333,,125.067
1009,3.47106,,147.167,,125.233
1010,3.47442,,147,,125.4
1011,3.47792,,146.833,,125.5
1012,3.48143,,146.667,,125.6
1013,3.48493,,146.5,,125.7
1014,3.48843,,146.333,,125.8
1015,3.49194,,146.167,,125.9
1016,3.49544,,146,,126
1017,3.49901,,146.333,,125.767
1018,3.50258,,146.667,,125.533
1019,3.50616,,147,,125.3
1020,3.50973,,147.333,,125.067
1021,3.5133,,147.667,,124.833
1022,3.51687,,148,,124.6
1023,3.52041,,148.333,,124.367
1024,3.52396,,148.667,,124.133
1025,3.52751,,149,,123.9
1026,3.53105,,149.333,,123.667
1027,3.53459,,149.667,,123.433
1028,3.53814,,150,,123.2
1029,3.54173,,150.333,,123
1030,3.54532,,150.667,,122.8
1031,3.54891,,151,,122.6
1032,3.5525,,151.333,,122.4
1033,3.55609,,151.667,,122.2
1034,3.55968,,152,,122
1035,3.56325,,151.833,,121.933
1036,3.56682,,151.667,,121.867
1037,3.57039,,151.5,,121.8
1038,3.57397,,151.333,,121.733
1039,3.57754,,151.167,,121.667
1040,3.58111,,151,,121.6
1041,3.58463,,151,,121.667
1042,3.58815,,151,,121.733
1043,3.59167,,151,,121.8
1044,3.59519,,151,,121.867
1045,3.59871,,151,,121.933
1046,3.60223,,151,,122
1047,3.60574,,150.833,,122.033
1048,3.60925,,150.667,,122.067
1049,3.61275,,150.5,,122.1
1050,3.61626,,150.333,,122.133
1051,3.61977,,150.167,,122.167
1052,3.62328,,150,,122.2
1053,3.62687,,150,,122.3
1054,3.63046,,150,,122.4
1055,3.63405,,150,,122.5
1056,3.63764,,150,,122.6
1057,3.64123,,150,,122.7
1058,3.64482,,150,,122.8
1059,3.64839,,150,,123.267
1060,3.65197,,150,,123.733
1061,3.65554,,150,,124.2
1062,3.65911,,150,,124.667
1063,3.66269,,150,,125.133
1064,3.66626,,150,,125.6
1065,3.66981,,150,,126.1
1066,3.67336,,150,,126.6
1067,3.67691,,150,,127.1
1068,3.68046,,150,,127.6
1069,3.68401,,150,,128.1
1070,3.68756,,150,,128.6
1071,3.69105,,150,,128.633
1072,3.69454,,150,,128.667
1073,3.69802,,150,,128.7
1074,3.70151,,150,,128.733
1075,3.705,,150,,128.767
1076,3.70849,,150,,128.8
1077,3.71195,,150.167,,128.8
1078,3.7154,,150.333,,128.8
1079,3.71886,,150.5,,128.8
1080,3.72232,,150.667,,128.8
1081,3.72577,,150.833,,128.8
1082,3.72923,,151,,128.8
1083,3.73289,,151,,128.8
1084,3.73656,,151,,128.8
1085,3.74023,,151,,128.8
1086,3.74389,,151,,128.8
1087,3.74755,,151,,128.8
1088,3.75122,,151,,128.8
1089,3.75484,,151,,128.533
1090,3.75847,,151,,128.267
1091,3.76209,,151,,128
1092,3.76572,,151,,127.733
1093,3.76934,,151,,127.467
1094,3.77297,,151,,127.2
1095,3.77643,,151.167,,127.033
1096,3.77988,,151.333,,126.867
1097,3.78334,,151.5,,126.7
1098,3.7868,,151.667,,126.533
1099,3.79025,,151.833,,126.367
1100,3.79371,,152,,126.2
1101,3.79715,,152,,125.8
1102,3.80059,,152,,125.4
1103,3.80403,,152,,125
1104,3.80748,,152,,124.6
1105,3.81092,,152,,124.2
1106,3.81436,,152,,123.8
1107,3.81798,,152.167,,123.733
1108,3.8216,,152.333,,123.667
1109,3.82522,,152.5,,123.6
1110,3.82884,,152.667,,123.533
1111,3.83246,,152.833,,123.467
1112,3.83608,,153,,123.4
1113,3.83956,,152.833,,123.3
1114,3.84305,,152.667,,123.2
1115,3.84653,,152.5,,123.1
1116,3.85001,,152.333,,123
1117,3.8535,,152.167,,122.9
1118,3.85698,,152,,122.8
1119,3.85906,,152,,122.9
1120,3.86114,,152,,123
1121,3.86114,,151.714,,123.086
1122,3.86114,,151.429,,123.171
1123,3.86114,,151.143,,123.257
1124,3.86114,,150.857,,123.343
1125,3.86114,,150.571,,123.429
1126,3.86114,,150.286,,123.514
1127,3.86114,,150,,123.6
1128,3.86449,,150.143,,123.4
1129,3.86784,,150.286,,123.2
1130,3.87119,,150.429,,123
1131,3.87454,,150.571,,122.8
1132,3.87789,,150.714,,122.6
1133,3.88124,,150.857,,122.4
1134,3.88459,,151,,122.2
1135,3.88809,,151,,122.067
1136,3.8916,,151,,121.933
1137,3.8951,,151,,121.8
1138,3.8986,,151,,121.667
1139,3.90211,,151,,121.533
1140,3.90561,,151,,121.4
1141,3.90958,,150.833,,121.4
1142,3.91356,,150.667,,121.4
1143,3.91753,,150.5,,121.4
1144,3.9215,,150.333,,121.4
1145,3.92548,,150.167,,121.4
1146,3.92945,,150,,121.4
1147,3.93325,,150,,121.3
1148,3.93706,,150,,121.2
1149,3.94086,,150,,121.1
1150,3.94466,,150,,121
1151,3.94847,,150,,120.9
1152,3.95227,,150,,120.8
1153,3.95604,,150.167,,120.633
1154,3.95981,,150.333,,120.467
1155,3.96358,,150.5,,120.3
1156,3.96736,,150.667,,120.133
1157,3.97113,,150.833,,119.967
1158,3.9749,,151,,119.8
1159,3.97854,,151.5,,119.433
1160,3.98219,,152,,119.067
1161,3.98583,,152.5,,118.7
1162,3.98948,,153,,118.333
1163,3.99312,,153.5,,117.967
1164,3.99677,,154,,117.6
1165,4.00061,,154,,117.3
1166,4.00446,,154,,117
1167,4.0083,,154,,116.7
1168,4.01214,,154,,116.4
1169,4.01599,,154,,116.1
1170,4.01983,,154,,115.8
1171,4.0235,,154.167,,115.167
1172,4.02717,,154.333,,114.533
1173,4.03085,,154.5,,113.9
1174,4.03452,,154.667,,113.267
1175,4.03819,,154.833,,112.633
1176,4.04186,,155,,112
1177,4.04555,,155.167,,111.6
1178,4.04925,,155.333,,111.2
1179,4.05294,,155.5,,110.8
1180,4.05663,,155.667,,110.4
1181,4.06033,,155.833,,110
1182,4.06402,,156,,109.6
1183,4.06767,,156.167,,109.267
1184,4.07132,,156.333,,108.933
1185,4.07496,,156.5,,108.6
1186,4.07861,,156.667,,108.267
1187,4.08226,,156.833,,107.933
1188,4.08591,,157,,107.6
1189,4.0896,,157,,107.2
1190,4.0933,,157,,106.8
1191,4.09699,,157,,106.4
1192,4.10068,,157,,106
1193,4.10438,,157,,105.6
1194,4.10807,,157,,105.2
1195,4.11172,,157,,104.9
1196,4.11537,,157,,104.6
1197,4.11902,,157,,104.3
1198,4.12266,,157,,104
1199,4.12631,,157,,103.7
1200,4.12996,,157,,103.4
1201,4.1335,,157.333,,103.067
1202,4.13703,,157.667,,102.733
1203,4.14057,,158,,102.4
1204,4.14411,,158.333,,102.067
1205,4.14764,,158.667,,101.733
1206,4.15118,,159,,101.4
1207,4.15474,,159,,101.133
1208,4.15829,,159,,100.867
1209,4.16185,,159,,100.6
1210,4.16541,,159,,100.333
1211,4.16896,,159,,100.067
1212,4.17252,,159,,99.8
1213,4.17605,,158.833,,99.4667
1214,4.17957,,158.667,,99.1333
1215,4.1831,,158.5,,98.8
1216,4.18662,,158.333,,98.4667
1217,4.19015,,158.167,,98.1333
1218,4.19367,,158,,97.8
1219,4.19721,,158,,97.2667
1220,4.20074,,158,,96.7333
1221,4.20427,,158,,96.2
1222,4.20781,,158,,95.6667
1223,4.21134,,158,,95.1333
1224,4.21488,,158,,94.6
1225,4.21833,,158.167,,94.2
1226,4.22178,,158.333,,93.8
1227,4.22524,,158.5,,93.4
1228,4.22869,,158.667,,93
1229,4.23214,,158.833,,92.6
1230,4.23559,,159,,92.2
1231,4.23925,,158.667,,91.6667
1232,4.24291,,158.333,,91.1333
1233,4.24657,,158,,90.6
1234,4.25022,,157.667,,90.0667
1235,4.25388,,157.333,,89.5333
1236,4.25754,,157,,89
1237,4.2611,,157.167,,88.7667
1238,4.26467,,157.333,,88.5333
1239,4.26823,,157.5,,88.3
1240,4.27179,,157.667,,88.0667
1241,4.27536,,157.833,,87.8333
1242,4.27892,,158,,87.6
1243,4.28253,,158,,87.4333
1244,4.28615,,158,,87.2667
1245,4.28976,,158,,87.1
1246,4.29337,,158,,86.9333
1247,4.29699,,158,,86.7667
1248,4.3006,,158,,86.6
1249,4.30419,,158,,86.4
1250,4.30778,,158,,86.2
1251,4.31137,,158,,86
1252,4.31496,,158,,85.8
1253,4.31855,,158,,85.6
1254,4.32214,,158,,85.4
1255,4.32581,,158,,85.2
1256,4.32948,,158,,85
1257,4.33315,,158,,84.8
1258,4.33682,,158,,84.6
1259,4.34049,,158,,84.4
1260,4.34416,,158,,84.2
1261,4.34786,,157.833,,84
1262,4.35156,,157.667,,83.8
1263,4.35527,,157.5,,83.6
1264,4.35897,,157.333,,83.4
1265,4.36267,,157.167,,83.2
1266,4.36637,,157,,83
1267,4.36974,,156.833,,82.8
1268,4.37311,,156.667,,82.6
1269,4.37648,,156.5,,82.4
1270,4.37985,,156.333,,82.2
1271,4.38322,,156.167,,82
1272,4.38659,,156,,81.8
1273,4.39013,,156,,81.4667
1274,4.39368,,156,,81.1333
1275,4.39722,,156,,80.8
1276,4.40076,,156,,80.4667
1277,4.40431,,156,,80.1333
1278,4.40785,,156,,79.8
1279,4.41144,,155.833,,79.7333
1280,4.41503,,155.667,,79.6667
1281,4.41861,,155.5,,79.6
1282,4.4222,,155.333,,79.5333
1283,4.42579,,155.167,,79.4667
1284,4.42938,,155,,79.4
1285,4.4332,,155,,79.2333
1286,4.43702,,155,,79.0667
1287,4.44084,,155,,78.9
1288,4.44466,,155,,78.7333
1289,4.44848,,155,,78.5667
1290,4.4523,,155,,78.4
1291,4.45592,,155.167,,78.5333
1292,4.45953,,155.333,,78.6667
1293,4.46315,,155.5,,78.8
1294,4.46677,,155.667,,78.9333
1295,4.47038,,155.833,,79.0667
1296,4.474,,156,,79.2
1297,4.47752,,156.167,,79.1667
1298,4.48105,,156.333,,79.1333
1299,4.48458,,156.5,,79.1
1300,4.4881,,156.667,,79.0667
1301,4.49163,,156.833,,79.0333
1302,4.49515,,157,,79
1303,4.4988,,156.833,,79.0667
1304,4.50245,,156.667,,79.1333
1305,4.5061,,156.5,,79.2
1306,4.50975,,156.333,,79.2667
1307,4.5134,,156.167,,79.3333
1308,4.51705,,156,,79.4
1309,4.52058,,156,,79.2
1310,4.52411,,156,,79
1311,4.52764,,156,,78.8
1312,4.53116,,156,,78.6
1313,4.53469,,156,,78.4
1314,4.53822,,156,,78.2
1315,4.54192,,155.833,,78
1316,4.54562,,155.667,,77.8
1317,4.54933,,155.5,,77.6
1318,4.55303,,155.333,,77.4
1319,4.55673,,155.167,,77.2
1320,4.56043,,155,,77
1321,4.56421,,154.833,,77.1
1322,4.568,,154.667,,77.2
1323,4.57179,,154.5,,77.3
1324,4.57557,,154.333,,77.4
1325,4.57936,,154.167,,77.5
1326,4.58314,,154,,77.6
1327,4.58677,,154,,77.6333
1328,4.59039,,154,,77.6667
1329,4.59401,,154,,77.7
1330,4.59764,,154,,77.7333
1331,4.60127,,154,,77.7667
1332,4.60489,,154,,77.8
1333,4.6084,,153.833,,77.9333
1334,4.61192,,153.667,,78.0667
1335,4.61543,,153.5,,78.2
1336,4.61894,,153.333,,78.3333
1337,4.62246,,153.167,,78.4667
1338,4.62597,,153,,78.6
1339,4.62962,,153,,78.6
1340,4.63326,,153,,78.6
1341,4.63691,,153,,78.6
1342,4.64056,,153,,78.6
1343,4.6442,,153,,78.6
1344,4.64785,,153,,78.6
1345,4.65157,,152.833,,78.5
1346,4.65528,,152.667,,78.4
1347,4.659,,152.5,,78.3
1348,4.66272,,152.333,,78.2
1349,4.66643,,152.167,,78.1
1350,4.67015,,152,,78
1351,4.67393,,152,,77.9667
1352,4.6777,,152,,77.9333
1353,4.68148,,152,,77.9
1354,4.68526,,152,,77.8667
1355,4.68903,,152,,77.8333
1356,4.69281,,152,,77.8
1357,4.69644,,152,,77.7333
1358,4.70007,,152,,77.6667
1359,4.7037,,152,,77.6
1360,4.70733,,152,,77.5333
1361,4.71096,,152,,77.4667
1362,4.71459,,152,,77.4
1363,4.71818,,152.167,,77.4
1364,4.72177,,152.333,,77.4
1365,4.72536,,152.5,,77.4
1366,4.72894,,152.667,,77.4
1367,4.73253,,152.833,,77.4
1368,4.73612,,153,,77.4
1369,4.73986,,153.333,,77.3333
1370,4.7436,,153.667,,77.2667
1371,4.74734,,154,,77.2
1372,4.75108,,154.333,,77.1333
1373,4.75482,,154.667,,77.0667
1374,4.75856,,155,,77
1375,4.76227,,155.167,,76.7
1376,4.76599,,155.333,,76.4
1377,4.76971,,155.5,,76.1
1378,4.77342,,155.667,,75.8
1379,4.77714,,155.833,,75.5
1380,4.78085,,156,,75.2
1381,4.78458,,156.167,,75.1
1382,4.78831,,156.333,,75
1383,4.79205,,156.5,,74.9
1384,4.79578,,156.667,,74.8
1385,4.79951,,156.833,,74.7
1386,4.80324,,157,,74.6
1387,4.80681,,157,,74.6333
1388,4.81037,,157,,74.6667
1389,4.81394,,157,,74.7
1390,4.81751,,157,,74.7333
1391,4.82107,,157,,74.7667
1392,4.82464,,157,,74.8
1393,4.82816,,157.167,,74.7667
1394,4.83168,,157.333,,74.7333
1395,4.83521,,157.5,,74.7
1396,4.83873,,157.667,,74.6667
1397,4.84225,,157.833,,74.6333
1398,4.84577,,158,,74.6
1399,4.84934,,157.833,,74.7
1400,4.8529,,157.667,,74.8
1401,4.85647,,157.5,,74.9
1402,4.86004,,157.333,,75
1403,4.8636,,157.167,,75.1
1404,4.86717,,157,,75.2
1405,4.87081,,156.833,,75.5667
1406,4.87446,,156.667,,75.9333
1407,4.8781,,156.5,,76.3
1408,4.88174,,156.333,,76.6667
1409,4.88539,,156.167,,77.0333
1410,4.88903,,156,,77.4
1411,4.89267,,155.833,,77.8
1412,4.89631,,155.667,,78.2
1413,4.89994,,155.5,,78.6
1414,4.90358,,155.333,,79
1415,4.90722,,155.167,,79.4
1416,4.91086,,155,,79.8
1417,4.91423,,155.143,,80.1429
1418,4.91759,,155.286,,80.4857
1419,4.92096,,155.429,,80.8286
1420,4.92432,,155.571,,81.1714
1421,4.92769,,155.714,,81.5143
1422,4.93105,,155.857,,81.8571
1423,4.93442,,156,,82.2
1424,4.93807,,156,,82.4
1425,4.94173,,156,,82.6
1426,4.94538,,156,,82.8
1427,4.94903,,156,,83
1428,4.95269,,156,,83.2
1429,4.95634,,156,,83.4
1430,4.95978,,156.167,,83.5
1431,4.96322,,156.333,,83.6
1432,4.96666,,156.5,,83.7
1433,4.97009,,156.667,,83.8
1434,4.97353,,156.833,,83.9
1435,4.97697,,157,,84
1436,4.98055,,157.167,,83.9333
1437,4.98413,,157.333,,83.8667
1438,4.98771,,157.5,,83.8
1439,4.99128,,157.667,,83.7333
1440,4.99486,,157.833,,83.6667
1441,4.99844,,158,,83.6
1442,5.00216,,158,,83.6333
1443,5.00588,,158,,83.6667
1444,5.0096,,158,,83.7
1445,5.01332,,158,,83.7333
1446,5.01704,,158,,83.7667
1447,5.02076,,158,,83.8
1448,5.02439,,158.167,,83.5667
1449,5.02802,,158.333,,83.3333
1450,5.03165,,158.5,,83.1
1451,5.03527,,158.667,,82.8667
1452,5.0389,,158.833,,82.6333
1453,5.04253,,159,,82.4
1454,5.04616,,159,,82
1455,5.0498,,159,,81.6
1456,5.05343,,159,,81.2
1457,5.05706,,159,,80.8
1458,5.0607,,159,,80.4
1459,5.06433,,159,,80
1460,5.06804,,159.167,,80
1461,5.07174,,159.333,,80
1462,5.07545,,159.5,,80
1463,5.07915,,159.667,,80
1464,5.08286,,159.833,,80
1465,5.08656,,160,,80
1466,5.09015,,159.667,,80.3667
1467,5.09375,,159.333,,80.7333
1468,5.09734,,159,,81.1
1469,5.10093,,158.667,,81.4667
1470,5.10453,,158.333,,81.8333
1471,5.10812,,158,,82.2
1472,5.1117,,158,,82.4
1473,5.11527,,158,,82.6
1474,5.11885,,158,,82.8
1475,5.12242,,158,,83
1476,5.126,,158,,83.2
1477,5.12957,,158,,83.4
1478,5.13322,,158,,83.5667
1479,5.13687,,158,,83.7333
1480,5.14052,,158,,83.9
1481,5.14417,,158,,84.0667
1482,5.14782,,158,,84.2333
1483,5.15147,,158,,84.4
1484,5.15503,,157.833,,84.3667
1485,5.15859,,157.667,,84.3333
1486,5.16216,,157.5,,84.3
1487,5.16572,,157.333,,84.2667
1488,5.16928,,157.167,,84.2333
1489,5.17284,,157,,84.2
1490,5.17638,,157,,84.0333
1491,5.17992,,157,,83.8667
1492,5.18346,,157,,83.7
1493,5.18701,,157,,83.5333
1494,5.19055,,157,,83.3667
1495,5.19409,,157,,83.2
1496,5.19782,,157,,83.0667
1497,5.20155,,157,,82.9333
1498,5.20528,,157,,82.8
1499,5.209,,157,,82.6667
1500,5.21273,,157,,82.5333
1501,5.21646,,157,,82.4
1502,5.22014,,157.167,,82.4333
1503,5.22381,,157.333,,82.4667
1504,5.22749,,157.5,,82.5
1505,5.23117,,157.667,,82.5333
1506,5.23484,,157.833,,82.5667
1507,5.23852,,158,,82.6
1508,5.24228,,157.833,,82.6333
1509,5.24605,,157.667,,82.6667
1510,5.24981,,157.5,,82.7
1511,5.25357,,157.333,,82.7333
1512,5.25734,,157.167,,82.7667
1513,5.2611,,157,,82.8
1514,5.26486,,156.833,,82.8333
1515,5.26862,,156.667,,82.8667
1516,5.27238,,156.5,,82.9
1517,5.27615,,156.333,,82.9333
1518,5.27991,,156.167,,82.9667
1519,5.28367,,156,,83
1520,5.28719,,155.667,,82.8333
1521,5.29072,,155.333,,82.6667
1522,5.29425,,155,,82.5
1523,5.29777,,154.667,,82.3333
1524,5.3013,,154.333,,82.1667
1525,5.30482,,154,,82
1526,5.30817,,154,,81.7667
1527,5.31151,,154,,81.5333
1528,5.31486,,154,,81.3
1529,5.31821,,154,,81.0667
1530,5.32155,,154,,80.8333
1531,5.3249,,154,,80.6
1532,5.32845,,154.333,,80.4333
1533,5.332,,154.667,,80.2667
1534,5.33555,,155,,80.1
1535,5.33909,,155.333,,79.9333
1536,5.34264,,155.667,,79.7667
1537,5.34619,,156,,79.6
1538,5.34961,,156.167,,79.4
1539,5.35303,,156.333,,79.2
1540,5.35644,,156.5,,79
1541,5.35986,,156.667,,78.8
1542,5.36328,,156.833,,78.6
1543,5.3667,,157,,78.4
1544,5.36993,,157.143,,78.2857
1545,5.37317,,157.286,,78.1714
1546,5.3764,,157.429,,78.0571
1547,5.37964,,157.571,,77.9429
1548,5.38287,,157.714,,77.8286
1549,5.38611,,157.857,,77.7143
1550,5.38934,,158,,77.6
1551,5.39259,,157.857,,77.4857
1552,5.39584,,157.714,,77.3714
1553,5.39909,,157.571,,77.2571
1554,5.40235,,157.429,,77.1429
1555,5.4056,,157.286,,77.0286
1556,5.40885,,157.143,,76.9143
1557,5.4121,,157,,76.8
1558,5.41564,,157,,76.4333
1559,5.41917,,157,,76.0667
1560,5.42271,,157,,75.7
1561,5.42624,,157,,75.3333
1562,5.42978,,157,,74.9667
1563,5.43331,,157,,74.6
1564,5.4374,,157,,74.44
1565,5.44149,,157,,74.28
1566,5.44559,,157,,74.12
1567,5.44968,,157,,73.96
1568,5.45377,,157,,73.8
1569,5.45765,,156.833,,73.8667
1570,5.46154,,156.667,,73.9333
1571,5.46542,,156.5,,74
1572,5.4693,,156.333,,74.0667
1573,5.47319,,156.167,,74.1333
1574,5.47707,,156,,74.2
1575,5.48077,,156,,74.2333
1576,5.48446,,156,,74.2667
1577,5.48815,,156,,74.3
1578,5.49185,,156,,74.3333
1579,5.49555,,156,,74.3667
1580,5.49924,,156,,74.4
1581,5.50318,,156,,74.2333
1582,5.50712,,156,,74.0667
1583,5.51107,,156,,73.9
1584,5.51501,,156,,73.7333
1585,5.51895,,156,,73.5667
1586,5.52289,,156,,73.4
1587,5.52646,,155.833,,73.5333
1588,5.53004,,155.667,,73.6667
1589,5.53362,,155.5,,73.8
1590,5.53719,,155.333,,73.9333
1591,5.54077,,155.167,,74.0667
1592,5.54434,,155,,74.2
1593,5.54806,,155,,74.2333
1594,5.55178,,155,,74.2667
1595,5.55549,,155,,74.3
1596,5.55921,,155,,74.3333
1597,5.56293,,155,,74.3667
1598,5.56665,,155,,74.4
1599,5.57024,,154.833,,74.7333
1600,5.57382,,154.667,,75.0667
1601,5.5774,,154.5,,75.4
1602,5.58099,,154.333,,75.7333
1603,5.58458,,154.167,,76.0667
1604,5.58816,,154,,76.4
1605,5.59163,,154,,76.7667
1606,5.59509,,154,,77.1333
1607,5.59856,,154,,77.5
1608,5.60203,,154,,77.8667
1609,5.60549,,154,,78.2333
1610,5.60896,,154,,78.6
1611,5.61225,,154.143,,79.1714
1612,5.61555,,154.286,,79.7429
1613,5.61884,,154.429,,80.3143
1614,5.62213,,154.571,,80.8857
1615,5.62542,,154.714,,81.4571
1616,5.62872,,154.857,,82.0286
1617,5.63201,,155,,82.6
1618,5.63541,,155.167,,82.7
1619,5.63882,,155.333,,82.8
1620,5.64222,,155.5,,82.9
1621,5.64562,,155.667,,83
1622,5.64903,,155.833,,83.1
1623,5.65243,,156,,83.2
1624,5.65584,,155.833,,83.6667
1625,5.65925,,155.667,,84.1333
1626,5.66266,,155.5,,84.6
1627,5.66608,,155.333,,85.0667
1628,5.66949,,155.167,,85.5333
1629,5.6729,,155,,86
1630,5.67634,,155,,86.6667
1631,5.67978,,155,,87.3333
1632,5.68321,,155,,88
1633,5.68665,,155,,88.6667
1634,5.69009,,155,,89.3333
1635,5.69353,,155,,90
1636,5.69667,,155,,90.5429
1637,5.69982,,155,,91.0857
1638,5.70296,,155,,91.6286
1639,5.70611,,155,,92.1714
1640,5.70925,,155,,92.7143
1641,5.7124,,155,,93.2571
1642,5.71554,,155,,93.8
1643,5.71867,,155.143,,94.2571
1644,5.72179,,155.286,,94.7143
1645,5.72492,,155.429,,95.1714
1646,5.72805,,155.571,,95.6286
1647,5.73118,,155.714,,96.0857
1648,5.7343,,155.857,,96.5429
1649,5.73743,,156,,97
1650,5.74103,,156.333,,97.4
1651,5.74463,,156.667,,97.8
1652,5.74823,,157,,98.2
1653,5.75182,,157.333,,98.6
1654,5.75542,,157.667,,99
1655,5.75902,,158,,99.4
1656,5.76265,,158.167,,100.033
1657,5.76628,,158.333,,100.667
1658,5.76991,,158.5,,101.3
1659,5.77353,,158.667,,101.933
1660,5.77716,,158.833,,102.567
1661,5.78079,,159,,103.2
1662,5.7841,,159,,103.886
1663,5.78741,,159,,104.571
1664,5.79072,,159,,105.257
1665,5.79402,,159,,105.943
1666,5.79733,,159,,106.629
1667,5.80064,,159,,107.314
1668,5.80395,,159,,108
1669,5.8071,,159.143,,108.6
1670,5.81025,,159.286,,109.2
1671,5.8134,,159.429,,109.8
1672,5.81655,,159.571,,110.4
1673,5.8197,,159.714,,111
1674,5.82285,,159.857,,111.6
1675,5.826,,160,,112.2
1676,5.82916,,160,,112.571
1677,5.83232,,160,,112.943
1678,5.83548,,160,,113.314
1679,5.83863,,160,,113.686
1680,5.84179,,160,,114.057
1681,5.84495,,160,,114.429
1682,5.84811,,160,,114.8
1683,5.85145,,160.167,,115.4
1684,5.85479,,160.333,,116
1685,5.85813,,160.5,,116.6
1686,5.86147,,160.667,,117.2
1687,5.86481,,160.833,,117.8
1688,5.86815,,161,,118.4
1689,5.87191,,161.167,,118.5
1690,5.87568,,161.333,,118.6
1691,5.87944,,161.5,,118.7
1692,5.8832,,161.667,,118.8
1693,5.88697,,161.833,,118.9
1694,5.89073,,162,,119
1695,5.89409,,162.167,,119.2
1696,5.89746,,162.333,,119.4
1697,5.90082,,162.5,,119.6
1698,5.90418,,162.667,,119.8
1699,5.90755,,162.833,,120
1700,5.91091,,163,,120.2
1701,5.9144,,163,,120.2
1702,5.9179,,163,,120.2
1703,5.92139,,163,,120.2
1704,5.92488,,163,,120.2
1705,5.92838,,163,,120.2
1706,5.93187,,163,,120.2
1707,5.93525,,163,,120.133
1708,5.93862,,163,,120.067
1709,5.94199,,163,,120
1710,5.94537,,163,,119.933
1711,5.94874,,163,,119.867
1712,5.95212,,163,,119.8
1713,5.95586,,162.833,,120.1
1714,5.9596,,162.667,,120.4
1715,5.96334,,162.5,,120.7
1716,5.96708,,162.333,,121
1717,5.97082,,162.167,,121.3
1718,5.97456,,162,,121.6
1719,5.97827,,161.667,,121.467
1720,5.98199,,161.333,,121.333
1721,5.9857,,161,,121.2
1722,5.98941,,160.667,,121.067
1723,5.99313,,160.333,,120.933
1724,5.99684,,160,,120.8
1725,6.00035,,159.833,,120.533
1726,6.00385,,159.667,,120.267
1727,6.00736,,159.5,,120
1728,6.01087,,159.333,,119.733
1729,6.01437,,159.167,,119.467
1730,6.01788,,159,,119.2
1731,6.02102,,158.857,,119.257
1732,6.02415,,158.714,,119.314
1733,6.02729,,158.571,,119.371
1734,6.03043,,158.429,,119.429
1735,6.03357,,158.286,,119.486
1736,6.0367,,158.143,,119.543
1737,6.03984,,158,,119.6
1738,6.04317,,157.857,,119.229
1739,6.04649,,157.714,,118.857
1740,6.04982,,157.571,,118.486
1741,6.05314,,157.429,,118.114
1742,6.05647,,157.286,,117.743
1743,6.05979,,157.143,,117.371
1744,6.06312,,157,,117
1745,6.06674,,156.833,,116.467
1746,6.07036,,156.667,,115.933
1747,6.07399,,156.5,,115.4
1748,6.07761,,156.333,,114.867
1749,6.08123,,156.167,,114.333
1750,6.08485,,156,,113.8
1751,6.08847,,156.167,,113.6
1752,6.09209,,156.333,,113.4
1753,6.09572,,156.5,,113.2
1754,6.09934,,156.667,,113
1755,6.10296,,156.833,,112.8
1756,6.10658,,157,,112.6
1757,6.11062,,157,,112.8
1758,6.11466,,157,,113
1759,6.11869,,157,,113.2
1760,6.12273,,157,,113.4
1761,6.12677,,157,,113.6
1762,6.13081,,157,,113.8
1763,6.13504,,157,,114.08
1764,6.13928,,157,,114.36
1765,6.14351,,157,,114.64
1766,6.14775,,157,,114.92
1767,6.15198,,157,,115.2
1768,6.1559,,156.833,,115.467
1769,6.15983,,156.667,,115.733
1770,6.16375,,156.5,,116
1771,6.16767,,156.333,,116.267
1772,6.1716,,156.167,,116.533
1773,6.17552,,156,,116.8
1774,6.17938,,155.833,,117.033
1775,6.18323,,155.667,,117.267
1776,6.18709,,155.5,,117.5
1777,6.19094,,155.333,,117.733
1778,6.1948,,155.167,,117.967
1779,6.19865,,155,,118.2
1780,6.20238,,154.833,,118.433
1781,6.20611,,154.667,,118.667
1782,6.20985,,154.5,,118.9
1783,6.21358,,154.333,,119.133
1784,6.21731,,154.167,,119.367
1785,6.22104,,154,,119.6
1786,6.22471,,154,,119.867
1787,6.22837,,154,,120.133
1788,6.23204,,154,,120.4
1789,6.2357,,154,,120.667
1790,6.23937,,154,,120.933
1791,6.24303,,154,,121.2
1792,6.24692,,153.833,,121.533
1793,6.2508,,153.667,,121.867
1794,6.25469,,153.5,,122.2
1795,6.25857,,153.333,,122.533
1796,6.26246,,153.167,,122.867
1797,6.26634,,153,,123.2
1798,6.26994,,153,,123.467
1799,6.27353,,153,,123.733
1800,6.27713,,153,,124
1801,6.28073,,153,,124.267
1802,6.28432,,153,,124.533
1803,6.28792,,153,,124.8
1804,6.29154,,153,,124.9
1805,6.29517,,153,,125
1806,6.29879,,153,,125.1
1807,6.30241,,153,,125.2
1808,6.30604,,153,,125.3
1809,6.30966,,153,,125.4
1810,6.31315,,152.833,,125.433
1811,6.31665,,152.667,,125.467
1812,6.32014,,152.5,,125.5
1813,6.32363,,152.333,,125.533
1814,6.32713,,152.167,,125.567
1815,6.33062,,152,,125.6
1816,6.33421,,152.167,,125.6
1817,6.33779,,152.333,,125.6
1818,6.34138,,152.5,,125.6
1819,6.34497,,152.667,,125.6
1820,6.34855,,152.833,,125.6
1821,6.35214,,153,,125.6
1822,6.35591,,153.167,,125.567
1823,6.35967,,153.333,,125.533
1824,6.36344,,153.5,,125.5
1825,6.36721,,153.667,,125.467
1826,6.37097,,153.833,,125.433
1827,6.37474,,154,,125.4
1828,6.37835,,154.167,,125.2
1829,6.38196,,154.333,,125
1830,6.38557,,154.5,,124.8
1831,6.38917,,154.667,,124.6
1832,6.39278,,154.833,,124.4
1833,6.39639,,155,,124.2
1834,6.40008,,155.167,,124.367
1835,6.40377,,155.333,,124.533
1836,6.40745,,155.5,,124.7
1837,6.41114,,155.667,,124.867
1838,6.41483,,155.833,,125.033
1839,6.41852,,156,,125.2
1840,6.42225,,156.333,,125.433
1841,6.42597,,156.667,,125.667
1842,6.4297,,157,,125.9
1843,6.43343,,157.333,,126.133
1844,6.43715,,157.667,,126.367
1845,6.44088,,158,,126.6
1846,6.44466,,158,,126.6
1847,6.44843,,158,,126.6
1848,6.45221,,158,,126.6
1849,6.45598,,158,,126.6
1850,6.45976,,158,,126.6
1851,6.46353,,158,,126.6
1852,6.46713,,157.833,,126.7
1853,6.47072,,157.667,,126.8
1854,6.47432,,157.5,,126.9
1855,6.47792,,157.333,,127
1856,6.48151,,157.167,,127.1
1857,6.48511,,157,,127.2
1858,6.48881,,157,,127.167
1859,6.49252,,157,,127.133
1860,6.49622,,157,,127.1
1861,6.49992,,157,,127.067
1862,6.50363,,157,,127.033
1863,6.50733,,157,,127
1864,6.51096,,156.833,,126.933
1865,6.51459,,156.667,,126.867
1866,6.51823,,156.5,,126.8
1867,6.52186,,156.333,,126.733
1868,6.52549,,156.167,,126.667
1869,6.52912,,156,,126.6
1870,6.53277,,156.333,,126.533
1871,6.53642,,156.667,,126.467
1872,6.54007,,157,,126.4
1873,6.54372,,157.333,,126.333
1874,6.54737,,157.667,,126.267
1875,6.55102,,158,,126.2
1876,6.55493,,158,,126.3
1877,6.55884,,158,,126.4
1878,6.56275,,158,,126.5
1879,6.56666,,158,,126.6
1880,6.57057,,158,,126.7
1881,6.57448,,158,,126.8
1882,6.5781,,158.167,,127.067
1883,6.58173,,158.333,,127.333
1884,6.58536,,158.5,,127.6
1885,6.58898,,158.667,,127.867
1886,6.5926,,158.833,,128.133
1887,6.59623,,159,,128.4
1888,6.59992,,159.167,,128.6
1889,6.60361,,159.333,,128.8
1890,6.60731,,159.5,,129
1891,6.611,,159.667,,129.2
1892,6.61469,,159.833,,129.4
1893,6.61838,,160,,129.6
1894,6.62198,,160.167,,129.633
1895,6.62558,,160.333,,129.667
1896,6.62918,,160.5,,129.7
1897,6.63277,,160.667,,129.733
1898,6.63637,,160.833,,129.767
1899,6.63997,,161,,129.8
1900,6.64354,,161,,129.733
1901,6.64711,,161,,129.667
1902,6.65069,,161,,129.6
1903,6.65426,,161,,129.533
1904,6.65783,,161,,129.467
1905,6.6614,,161,,129.4
1906,6.66493,,161,,129.533
1907,6.66845,,161,,129.667
1908,6.67198,,161,,129.8
1909,6.6755,,161,,129.933
1910,6.67903,,161,,130.067
1911,6.68255,,161,,130.2
1912,6.68612,,161,,130.2
1913,6.6897,,161,,130.2
1914,6.69327,,161,,130.2
1915,6.69684,,161,,130.2
1916,6.70042,,161,,130.2
1917,6.70399,,161,,130.2
1918,6.7068,,161,,130.1
1919,6.7096,,161,,130
1920,6.71253,,161,,129.8
1921,6.71547,,161,,129.6
1922,6.7184,,161,,129.4
1923,6.72134,,161,,129.2
1924,6.72427,,161,,129
1925,6.72721,,161,,128.8
1926,6.73014,,161,,128.6
1927,6.73398,,161,,128.333
1928,6.73782,,161,,128.067
1929,6.74166,,161,,127.8
1930,6.74549,,161,,127.533
1931,6.74933,,161,,127.267
1932,6.75317,,161,,127
1933,6.7568,,161.167,,126.6
1934,6.76044,,161.333,,126.2
1935,6.76407,,161.5,,125.8
1936,6.7677,,161.667,,125.4
1937,6.77134,,161.833,,125
1938,6.77497,,162,,124.6
1939,6.77858,,162,,124.167
1940,6.78219,,162,,123.733
1941,6.7858,,162,,123.3
1942,6.78941,,162,,122.867
1943,6.79302,,162,,122.433
1944,6.79663,,162,,122
1945,6.80029,,162,,121.7
1946,6.80396,,162,,121.4
1947,6.80762,,162,,121.1
1948,6.81128,,162,,120.8
1949,6.81495,,162,,120.5
1950,6.81861,,162,,120.2
1951,6.82233,,162,,120.1
1952,6.82605,,162,,120
1953,6.82977,,162,,119.9
1954,6.83349,,162,,119.8
1955,6.83721,,162,,119.7
1956,6.84093,,162,,119.6
1957,6.84461,,162,,119.633
1958,6.84828,,162,,119.667
1959,6.85196,,162,,119.7
1960,6.85564,,162,,119.733
1961,6.85931,,162,,119.767
1962,6.86299,,162,,119.8
1963,6.86662,,161.833,,120.367
1964,6.87026,,161.667,,120.933
1965,6.8739,,161.5,,121.5
1966,6.87753,,161.333,,122.067
1967,6.88117,,161.167,,122.633
1968,6.8848,,161,,123.2
1969,6.88844,,160.833,,123.733
1970,6.89208,,160.667,,124.267
1971,6.89572,,160.5,,124.8
1972,6.89937,,160.333,,125.333
1973,6.90301,,160.167,,125.867
1974,6.90665,,160,,126.4
1975,6.91025,,160.167,,126.767
1976,6.91385,,160.333,,127.133
1977,6.91744,,160.5,,127.5
1978,6.92104,,160.667,,127.867
1979,6.92464,,160.833,,128.233
1980,6.92824,,161,,128.6
1981,6.93177,,161.333,,128.267
1982,6.93531,,161.667,,127.933
1983,6.93884,,162,,127.6
1984,6.94237,,162.333,,127.267
1985,6.94591,,162.667,,126.933
1986,6.94944,,163,,126.6
1987,6.95303,,162.833,,126.367
1988,6.95663,,162.667,,126.133
1989,6.96022,,162.5,,125.9
1990,6.96381,,162.333,,125.667
1991,6.96741,,162.167,,125.433
1992,6.971,,162,,125.2
1993,6.97456,,162,,125.467
1994,6.97812,,162,,125.733
1995,6.98168,,162,,126
1996,6.98525,,162,,126.267
1997,6.98881,,162,,126.533
1998,6.99237,,162,,126.8
1999,6.99587,,162.167,,127
2000,6.99937,,162.333,,127.2
2001,7.00288,,162.5,,127.4
2002,7.00638,,162.667,,127.6
2003,7.00988,,162.833,,127.8
2004,7.01338,,163,,128
2005,7.01693,,163,,127.867
2006,7.02049,,163,,127.733
2007,7.02404,,163,,127.6
2008,7.02759,,163,,127.467
2009,7.03115,,163,,127.333
2010,7.0347,,163,,127.2
2011,7.03833,,163.167,,127.1
2012,7.04196,,163.333,,127
2013,7.04558,,163.5,,126.9
2014,7.04921,,163.667,,126.8
2015,7.05284,,163.833,,126.7
2016,7.05647,,164,,126.6
2017,7.05996,,164.167,,126.8
2018,7.06345,,164.333,,127
2019,7.06694,,164.5,,127.2
2020,7.07044,,164.667,,127.4
2021,7.07393,,164.833,,127.6
2022,7.07742,,165,,127.8
2023,7.08088,,164.833,,127.5
2024,7.08434,,164.667,,127.2
2025,7.08781,,164.5,,126.9
2026,7.09127,,164.333,,126.6
2027,7.09473,,164.167,,126.3
2028,7.09819,,164,,126
2029,7.10176,,163.667,,126
2030,7.10533,,163.333,,126
2031,7.10891,,163,,126
2032,7.11248,,162.667,,126
2033,7.11605,,162.333,,126
2034,7.11962,,162,,126
2035,7.12312,,162,,126.3
2036,7.12661,,162,,126.6
2037,7.13011,,162,,126.9
2038,7.1336,,162,,127.2
2039,7.1371,,162,,127.5
2040,7.14059,,162,,127.8
2041,7.14408,,161.833,,127.7
2042,7.14757,,161.667,,127.6
2043,7.15106,,161.5,,127.5
2044,7.15455,,161.333,,127.4
2045,7.15804,,161.167,,127.3
2046,7.16153,,161,,127.2
2047,7.16518,,161.167,,127.567
2048,7.16883,,161.333,,127.933
2049,7.17247,,161.5,,128.3
2050,7.17612,,161.667,,128.667
2051,7.17977,,161.833,,129.033
2052,7.18342,,162,,129.4
2053,7.18706,,162.167,,129.3
2054,7.19069,,162.333,,129.2
2055,7.19433,,162.5,,129.1
2056,7.19797,,162.667,,129
2057,7.2016,,162.833,,128.9
2058,7.20524,,163,,128.8
2059,7.20881,,163,,128.533
2060,7.21239,,163,,128.267
2061,7.21596,,163,,128
2062,7.21953,,163,,127.733
2063,7.22311,,163,,127.467
2064,7.22668,,163,,127.2
2065,7.23018,,163,,127.033
2066,7.23369,,163,,126.867
2067,7.2372,,163,,126.7
2068,7.2407,,163,,126.533
2069,7.24421,,163,,126.367
2070,7.24771,,163,,126.2
2071,7.25112,,163,,126.2
2072,7.25454,,163,,126.2
2073,7.25795,,163,,126.2
2074,7.26136,,163,,126.2
2075,7.26478,,163,,126.2
2076,7.26819,,163,,126.2
2077,7.27154,,162.833,,126.067
2078,7.27489,,162.667,,125.933
2079,7.27824,,162.5,,125.8
2080,7.28159,,162.333,,125.667
2081,7.28494,,162.167,,125.533
2082,7.28829,,162,,125.4
2083,7.29165,,162.167,,125.633
2084,7.29501,,162.333,,125.867
2085,7.29836,,162.5,,126.1
2086,7.30172,,162.667,,126.333
2087,7.30508,,162.833,,126.567
2088,7.30844,,163,,126.8
2089,7.31161,,163.286,,127.029
2090,7.31478,,163.571,,127.257
2091,7.31795,,163.857,,127.486
2092,7.32111,,164.143,,127.714
2093,7.32428,,164.429,,127.943
2094,7.32745,,164.714,,128.171
2095,7.33062,,165,,128.4
2096,7.33427,,164.833,,129.067
2097,7.33792,,164.667,,129.733
2098,7.34158,,164.5,,130.4
2099,7.34523,,164.333,,131.067
2100,7.34888,,164.167,,131.733
2101,7.35253,,164,,132.4
2102,7.35622,,164.167,,132.7
2103,7.35992,,164.333,,133
2104,7.36361,,164.5,,133.3
2105,7.3673,,164.667,,133.6
2106,7.371,,164.833,,133.9
2107,7.37469,,165,,134.2
2108,7.3782,,165.167,,134.7
2109,7.38171,,165.333,,135.2
2110,7.38521,,165.5,,135.7
2111,7.38872,,165.667,,136.2
2112,7.39223,,165.833,,136.7
2113,7.39574,,166,,137.2
2114,7.39934,,166,,137.733
2115,7.40295,,166,,138.267
2116,7.40655,,166,,138.8
2117,7.41015,,166,,139.333
2118,7.41376,,166,,139.867
2119,7.41736,,166,,140.4
2120,7.42082,,166,,140.8
2121,7.42428,,166,,141.2
2122,7.42774,,166,,141.6
2123,7.43119,,166,,142
2124,7.43465,,166,,142.4
2125,7.43811,,166,,142.8
2126,7.44166,,166,,143.267
2127,7.44521,,166,,143.733
2128,7.44876,,166,,144.2
2129,7.4523,,166,,144.667
2130,7.45585,,166,,145.133
2131,7.4594,,166,,145.6
2132,7.46289,,166,,145.9
2133,7.46637,,166,,146.2
2134,7.46985,,166,,146.5
2135,7.47334,,166,,146.8
2136,7.47683,,166,,147.1
2137,7.48031,,166,,147.4
2138,7.48379,,165.833,,147.833
2139,7.48728,,165.667,,148.267
2140,7.49077,,165.5,,148.7
2141,7.49425,,165.333,,149.133
2142,7.49773,,165.167,,149.567
2143,7.50122,,165,,150
2144,7.50461,,165,,150.333
2145,7.508,,165,,150.667
2146,7.51139,,165,,151
2147,7.51478,,165,,151.333
2148,7.51817,,165,,151.667
2149,7.52156,,165,,152
2150,7.52515,,164.833,,152.167
2151,7.52874,,164.667,,152.333
2152,7.53234,,164.5,,152.5
2153,7.53593,,164.333,,152.667
2154,7.53952,,164.167,,152.833
2155,7.54311,,164,,153
2156,7.54688,,163.667,,153.233
2157,7.55065,,163.333,,153.467
2158,7.55443,,163,,153.7
2159,7.5582,,162.667,,153.933
2160,7.56197,,162.333,,154.167
2161,7.56574,,162,,154.4
2162,7.5694,,162.167,,154.4
2163,7.57306,,162.333,,154.4
2164,7.57672,,162.5,,154.4
2165,7.58037,,162.667,,154.4
2166,7.58403,,162.833,,154.4
2167,7.58769,,163,,154.4
2168,7.59133,,163,,154.433
2169,7.59496,,163,,154.467
2170,7.5986,,163,,154.5
2171,7.60224,,163,,154.533
2172,7.60587,,163,,154.567
2173,7.60951,,163,,154.6
2174,7.61313,,162.833,,154.333
2175,7.61675,,162.667,,154.067
2176,7.62037,,162.5,,153.8
2177,7.62398,,162.333,,153.533
2178,7.6276,,162.167,,153.267
2179,7.63122,,162,,153
2180,7.6349,,161.833,,152.633
2181,7.63859,,161.667,,152.267
2182,7.64228,,161.5,,151.9
2183,7.64596,,161.333,,151.533
2184,7.64965,,161.167,,151.167
2185,7.65333,,161,,150.8
2186,7.65674,,160.833,,150.333
2187,7.66014,,160.667,,149.867
2188,7.66355,,160.5,,149.4
2189,7.66696,,160.333,,148.933
2190,7.67036,,160.167,,148.467
2191,7.67377,,160,,148
2192,7.67726,,159.833,,147.533
2193,7.68075,,159.667,,147.067
2194,7.68424,,159.5,,146.6
2195,7.68773,,159.333,,146.133
2196,7.69122,,159.167,,145.667
2197,7.69471,,159,,145.2
2198,7.69828,,158.833,,145.033
2199,7.70185,,158.667,,144.867
2200,7.70542,,158.5,,144.7
2201,7.70899,,158.333,,144.533
2202,7.71256,,158.167,,144.367
2203,7.71613,,158,,144.2
2204,7.71983,,157.667,,143.6
2205,7.72353,,157.333,,143
2206,7.72722,,157,,142.4
2207,7.73092,,156.667,,141.8
2208,7.73462,,156.333,,141.2
2209,7.73832,,156,,140.6
2210,7.74202,,156,,139.467
2211,7.74572,,156,,138.333
2212,7.74942,,156,,137.2
2213,7.75313,,156,,136.067
2214,7.75683,,156,,134.933
2215,7.76053,,156,,133.8
2216,7.76414,,155.833,,133.1
2217,7.76776,,155.667,,132.4
2218,7.77137,,155.5,,131.7
2219,7.77498,,155.333,,131
2220,7.7786,,155.167,,130.3
2221,7.78221,,155,,129.6
2222,7.78571,,154.833,,129.367
2223,7.78921,,154.667,,129.133
2224,7.79271,,154.5,,128.9
2225,7.7962,,154.333,,128.667
2226,7.7997,,154.167,,128.433
2227,7.8032,,154,,128.2
2228,7.80682,,154,,127.6
2229,7.81044,,154,,127
2230,7.81407,,154,,126.4
2231,7.81769,,154,,125.8
2232,7.82131,,154,,125.2
2233,7.82493,,154,,124.6
2234,7.82842,,154.167,,124.2
2235,7.8319,,154.333,,123.8
2236,7.83538,,154.5,,123.4
2237,7.83887,,154.667,,123
2238,7.84236,,154.833,,122.6
2239,7.84584,,155,,122.2
2240,7.84934,,155,,121.833
2241,7.85284,,155,,121.467
2242,7.85634,,155,,121.1
2243,7.85983,,155,,120.733
2244,7.86333,,155,,120.367
2245,7.86683,,155,,120
2246,7.87038,,155,,119.667
2247,7.87394,,155,,119.333
2248,7.8775,,155,,119
2249,7.88105,,155,,118.667
2250,7.8846,,155,,118.333
2251,7.88816,,155,,118
2252,7.89169,,155.167,,117.733
2253,7.89522,,155.333,,117.467
2254,7.89875,,155.5,,117.2
2255,7.90227,,155.667,,116.933
2256,7.9058,,155.833,,116.667
2257,7.90933,,156,,116.4
2258,7.913,,156.333,,116.367
2259,7.91667,,156.667,,116.333
2260,7.92034,,157,,116.3
2261,7.924,,157.333,,116.267
2262,7.92767,,157.667,,116.233
2263,7.93134,,158,,116.2
2264,7.93499,,158.167,,116.3
2265,7.93863,,158.333,,116.4
2266,7.94228,,158.5,,116.5
2267,7.94592,,158.667,,116.6
2268,7.94957,,158.833,,116.7
2269,7.95321,,159,,116.8
2270,7.95704,,159,,116.7
2271,7.96086,,159,,116.6
2272,7.96469,,159,,116.5
2273,7.96851,,159,,116.4
2274,7.97234,,159,,116.3
2275,7.97616,,159,,116.2
2276,7.97962,,159.167,,116.667
2277,7.98308,,159.333,,117.133
2278,7.98655,,159.5,,117.6
2279,7.99001,,159.667,,118.067
2280,7.99347,,159.833,,118.533
2281,7.99693,,160,,119
2282,8.00044,,160,,119.733
2283,8.00396,,160,,120.467
2284,8.00747,,160,,121.2
2285,8.01099,,160,,121.933
2286,8.0145,,160,,122.667
2287,8.01802,,160,,123.4
2288,8.02155,,160,,123.667
2289,8.02509,,160,,123.933
2290,8.02862,,160,,124.2
2291,8.03216,,160,,124.467
2292,8.0357,,160,,124.733
2293,8.03923,,160,,125
2294,8.04288,,160.167,,125.433
2295,8.04653,,160.333,,125.867
2296,8.05018,,160.5,,126.3
2297,8.05383,,160.667,,126.733
2298,8.05748,,160.833,,127.167
2299,8.06113,,161,,127.6
2300,8.06443,,161,,127.771
2301,8.06772,,161,,127.943
2302,8.07102,,161,,128.114
2303,8.07432,,161,,128.286
2304,8.07762,,161,,128.457
2305,8.08091,,161,,128.629
2306,8.08421,,161,,128.8
2307,8.08792,,161,,129.567
2308,8.09164,,161,,130.333
2309,8.09535,,161,,131.1
2310,8.09907,,161,,131.867
2311,8.10278,,161,,132.633
2312,8.1065,,161,,133.4
2313,8.11017,,160.833,,133.733
2314,8.11384,,160.667,,134.067
2315,8.1175,,160.5,,134.4
2316,8.12117,,160.333,,134.733
2317,8.12484,,160.167,,135.067
2318,8.12851,,160,,135.4
2319,8.13202,,159.833,,135.533
2320,8.13553,,159.667,,135.667
2321,8.13903,,159.5,,135.8
2322,8.14254,,159.333,,135.933
2323,8.14605,,159.167,,136.067
2324,8.14956,,159,,136.2
2325,8.1532,,159,,136.233
2326,8.15684,,159,,136.267
2327,8.16047,,159,,136.3
2328,8.16411,,159,,136.333
2329,8.16775,,159,,136.367
2330,8.17139,,159,,136.4
2331,8.17501,,158.833,,136.433
2332,8.17862,,158.667,,136.467
2333,8.18224,,158.5,,136.5
2334,8.18586,,158.333,,136.533
2335,8.18947,,158.167,,136.567
2336,8.19309,,158,,136.6
2337,8.19662,,158,,136.567
2338,8.20016,,158,,136.533
2339,8.20369,,158,,136.5
2340,8.20722,,158,,136.467
2341,8.21076,,158,,136.433
2342,8.21429,,158,,136.4
2343,8.21785,,158,,136.333
2344,8.22142,,158,,136.267
2345,8.22498,,158,,136.2
2346,8.22854,,158,,136.133
2347,8.23211,,158,,136.067
2348,8.23567,,158,,136
2349,8.23929,,158.167,,135.767
2350,8.24291,,158.333,,135.533
2351,8.24653,,158.5,,135.3
2352,8.25014,,158.667,,135.067
2353,8.25376,,158.833,,134.833
2354,8.25738,,159,,134.6
2355,8.26091,,159.167,,134.133
2356,8.26444,,159.333,,133.667
2357,8.26796,,159.5,,133.2
2358,8.27149,,159.667,,132.733
2359,8.27502,,159.833,,132.267
2360,8.27855,,160,,131.8
2361,8.28212,,160,,131.6
2362,8.28569,,160,,131.4
2363,8.28926,,160,,131.2
2364,8.29283,,160,,131
2365,8.2964,,160,,130.8
2366,8.29997,,160,,130.6
2367,8.30351,,160,,130.633
2368,8.30706,,160,,130.667
2369,8.3106,,160,,130.7
2370,8.31414,,160,,130.733
2371,8.31769,,160,,130.767
2372,8.32123,,160,,130.8
2373,8.32477,,160.167,,130.767
2374,8.32831,,160.333,,130.733
2375,8.33184,,160.5,,130.7
2376,8.33538,,160.667,,130.667
2377,8.33892,,160.833,,130.633
2378,8.34246,,161,,130.6
2379,8.34602,,161.167,,130.733
2380,8.34959,,161.333,,130.867
2381,8.35315,,161.5,,131
2382,8.35672,,161.667,,131.133
2383,8.36028,,161.833,,131.267
2384,8.36385,,162,,131.4
2385,8.3674,,162,,131.3
2386,8.37095,,162,,131.2
2387,8.37449,,162,,131.1
2388,8.37804,,162,,131
2389,8.38159,,162,,130.9
2390,8.38514,,162,,130.8
2391,8.38868,,162.167,,130.767
2392,8.39222,,162.333,,130.733
2393,8.39576,,162.5,,130.7
2394,8.3993,,162.667,,130.667
2395,8.40284,,162.833,,130.633
2396,8.40638,,163,,130.6
2397,8.40985,,162.833,,130.467
2398,8.41332,,162.667,,130.333
2399,8.41679,,162.5,,130.2
2400,8.42027,,162.333,,130.067
2401,8.42374,,162.167,,129.933
2402,8.42721,,162,,129.8
2403,8.43067,,161.833,,129.767
2404,8.43413,,161.667,,129.733
2405,8.43759,,161.5,,129.7
2406,8.44106,,161.333,,129.667
2407,8.44452,,161.167,,129.633
2408,8.44798,,161,,129.6
2409,8.4514,,160.833,,129.667
2410,8.45482,,160.667,,129.733
2411,8.45824,,160.5,,129.8
2412,8.46166,,160.333,,129.867
2413,8.46508,,160.167,,129.933
2414,8.4685,,160,,130
2415,8.47218,,160,,130.033
2416,8.47586,,160,,130.067
2417,8.47954,,160,,130.1
2418,8.48322,,160,,130.133
2419,8.4869,,160,,130.167
2420,8.49058,,160,,130.2
2421,8.49416,,159.833,,130.6
2422,8.49775,,159.667,,131
2423,8.50133,,159.5,,131.4
2424,8.50491,,159.333,,131.8
2425,8.5085,,159.167,,132.2
2426,8.51208,,159,,132.6
2427,8.51589,,159,,132.6
2428,8.5197,,159,,132.6
2429,8.52351,,159,,132.6
2430,8.52733,,159,,132.6
2431,8.53114,,159,,132.6
2432,8.53495,,159,,132.6
2433,8.53842,,159.333,,132.6
2434,8.5419,,159.667,,132.6
2435,8.54537,,160,,132.6
2436,8.54885,,160.333,,132.6
2437,8.55232,,160.667,,132.6
2438,8.5558,,161,,132.6
2439,8.55925,,161,,132.5
2440,8.5627,,161,,132.4
2441,8.56615,,161,,132.3
2442,8.5696,,161,,132.2
2443,8.57305,,161,,132.1
2444,8.5765,,161,,132
2445,8.5801,,160.833,,131.967
2446,8.58371,,160.667,,131.933
2447,8.58731,,160.5,,131.9
2448,8.59092,,160.333,,131.867
2449,8.59452,,160.167,,131.833
2450,8.59813,,160,,131.8
2451,8.6018,,160,,131.767
2452,8.60548,,160,,131.733
2453,8.60915,,160,,131.7
2454,8.61283,,160,,131.667
2455,8.61651,,160,,131.633
2456,8.62018,,160,,131.6
2457,8.62369,,160,,131.433
2458,8.62721,,160,,131.267
2459,8.63072,,160,,131.1
2460,8.63423,,160,,130.933
2461,8.63775,,160,,130.767
2462,8.64126,,160,,130.6
2463,8.64477,,160,,130.5
2464,8.64828,,160,,130.4
2465,8.65179,,160,,130.3
2466,8.65531,,160,,130.2
2467,8.65882,,160,,130.1
2468,8.66233,,160,,130
2469,8.6659,,160.167,,129.8
2470,8.66947,,160.333,,129.6
2471,8.67305,,160.5,,129.4
2472,8.67662,,160.667,,129.2
2473,8.68019,,160.833,,129
2474,8.68376,,161,,128.8
2475,8.68743,,161,,128.7
2476,8.6911,,161,,128.6
2477,8.69476,,161,,128.5
2478,8.69843,,161,,128.4
2479,8.7021,,161,,128.3
2480,8.70577,,161,,128.2
2481,8.70939,,161,,128.267
2482,8.71301,,161,,128.333
2483,8.71663,,161,,128.4
2484,8.72026,,161,,128.467
2485,8.72388,,161,,128.533
2486,8.7275,,161,,128.6
2487,8.73112,,161.167,,128.567
2488,8.73473,,161.333,,128.533
2489,8.73835,,161.5,,128.5
2490,8.74197,,161.667,,128.467
2491,8.74558,,161.833,,128.433
2492,8.7492,,162,,128.4
2493,8.75277,,161.833,,128.567
2494,8.75634,,161.667,,128.733
2495,8.7599,,161.5,,128.9
2496,8.76347,,161.333,,129.067
2497,8.76704,,161.167,,129.233
2498,8.77061,,161,,129.4
2499,8.77442,,161,,129.867
2500,8.77824,,161,,130.333
2501,8.78205,,161,,130.8
2502,8.78587,,161,,131.267
2503,8.78969,,161,,131.733
2504,8.7935,,161,,132.2
2505,8.79698,,161,,132.367
2506,8.80046,,161,,132.533
2507,8.80393,,161,,132.7
2508,8.80741,,161,,132.867
2509,8.81089,,161,,133.033
2510,8.81437,,161,,133.2
2511,8.81785,,161.167,,133.133
2512,8.82133,,161.333,,133.067
2513,8.82481,,161.5,,133
2514,8.8283,,161.667,,132.933
2515,8.83178,,161.833,,132.867
2516,8.83526,,162,,132.8
2517,8.8389,,162.167,,133
2518,8.84253,,162.333,,133.2
2519,8.84617,,162.5,,133.4
2520,8.84981,,162.667,,133.6
2521,8.85344,,162.833,,133.8
2522,8.85708,,163,,134
2523,8.86063,,163,,134.167
2524,8.86418,,163,,134.333
2525,8.86773,,163,,134.5
2526,8.87129,,163,,134.667
2527,8.87484,,163,,134.833
2528,8.87839,,163,,135
2529,8.88194,,162.833,,135.1
2530,8.88549,,162.667,,135.2
2531,8.88903,,162.5,,135.3
2532,8.89258,,162.333,,135.4
2533,8.89613,,162.167,,135.5
2534,8.89968,,162,,135.6
2535,8.90321,,162,,135.567
2536,8.90675,,162,,135.533
2537,8.91029,,162,,135.5
2538,8.91382,,162,,135.467
2539,8.91736,,162,,135.433
2540,8.92089,,162,,135.4
2541,8.92431,,161.833,,135.467
2542,8.92773,,161.667,,135.533
2543,8.93115,,161.5,,135.6
2544,8.93457,,161.333,,135.667
2545,8.93799,,161.167,,135.733
2546,8.94141,,161,,135.8
2547,8.94484,,161,,135.767
2548,8.94828,,161,,135.733
2549,8.95171,,161,,135.7
2550,8.95514,,161,,135.667
2551,8.95858,,161,,135.633
2552,8.96201,,161,,135.6
2553,8.96552,,161.167,,135.633
2554,8.96904,,161.333,,135.667
2555,8.97255,,161.5,,135.7
2556,8.97606,,161.667,,135.733
2557,8.97958,,161.833,,135.767
2558,8.98309,,162,,135.8
2559,8.98662,,162,,135.967
2560,8.99015,,162,,136.133
2561,8.99367,,162,,136.3
2562,8.9972,,162,,136.467
2563,9.00073,,162,,136.633
2564,9.00426,,162,,136.8
2565,9.00802,,162,,136.933
2566,9.01178,,162,,137.067
2567,9.01554,,162,,137.2
2568,9.01931,,162,,137.333
2569,9.02307,,162,,137.467
2570,9.02683,,162,,137.6
2571,9.03036,,162,,137.567
2572,9.0339,,162,,137.533
2573,9.03743,,162,,137.5
2574,9.04096,,162,,137.467
2575,9.0445,,162,,137.433
2576,9.04803,,162,,137.4
2577,9.0515,,162,,137.5
2578,9.05497,,162,,137.6
2579,9.05843,,162,,137.7
2580,9.0619,,162,,137.8
2581,9.06537,,162,,137.9
2582,9.06884,,162,,138
2583,9.07238,,162.333,,138
2584,9.07591,,162.667,,138
2585,9.07945,,163,,138
2586,9.08299,,163.333,,138
2587,9.08652,,163.667,,138
2588,9.09006,,164,,138
2589,9.09356,,164,,138.367
2590,9.09707,,164,,138.733
2591,9.10057,,164,,139.1
2592,9.10407,,164,,139.467
2593,9.10758,,164,,139.833
2594,9.11108,,164,,140.2
2595,9.11483,,163.833,,140.2
2596,9.11858,,163.667,,140.2
2597,9.12233,,163.5,,140.2
2598,9.12609,,163.333,,140.2
2599,9.12984,,163.167,,140.2
2600,9.13359,,163,,140.2
2601,9.13709,,163.167,,140.067
2602,9.14059,,163.333,,139.933
2603,9.14409,,163.5,,139.8
2604,9.1476,,163.667,,139.667
2605,9.1511,,163.833,,139.533
2606,9.1546,,164,,139.4
2607,9.15806,,163.833,,139.467
2608,9.16153,,163.667,,139.533
2609,9.16499,,163.5,,139.6
2610,9.16846,,163.333,,139.667
2611,9.17192,,163.167,,139.733
2612,9.17539,,163,,139.8
2613,9.17878,,163,,139.767
2614,9.18218,,163,,139.733
2615,9.18558,,163,,139.7
2616,9.18897,,163,,139.667
2617,9.19237,,163,,139.633
2618,9.19576,,163,,139.6
2619,9.19934,,162.833,,139.5
2620,9.20293,,162.667,,139.4
2621,9.20651,,162.5,,139.3
2622,9.2101,,162.333,,139.2
2623,9.21368,,162.167,,139.1
2624,9.21727,,162,,139
2625,9.22098,,161.667,,139.067
2626,9.22469,,161.333,,139.133
2627,9.2284,,161,,139.2
2628,9.23211,,160.667,,139.267
2629,9.23582,,160.333,,139.333
2630,9.23953,,160,,139.4
2631,9.24329,,160,,139.433
2632,9.24705,,160,,139.467
2633,9.25082,,160,,139.5
2634,9.25458,,160,,139.533
2635,9.25834,,160,,139.567
2636,9.2621,,160,,139.6
2637,9.26576,,159.833,,139.8
2638,9.26943,,159.667,,140
2639,9.27309,,159.5,,140.2
2640,9.27675,,159.333,,140.4
2641,9.28042,,159.167,,140.6
2642,9.28408,,159,,140.8
2643,9.28752,,159,,140.867
2644,9.29095,,159,,140.933
2645,9.29439,,159,,141
2646,9.29783,,159,,141.067
2647,9.30126,,159,,141.133
2648,9.3047,,159,,141.2
2649,9.30819,,158.833,,141.167
2650,9.31168,,158.667,,141.133
2651,9.31517,,158.5,,141.1
2652,9.31866,,158.333,,141.067
2653,9.32215,,158.167,,141.033
2654,9.32564,,158,,141
2655,9.32941,,158.333,,141.233
2656,9.33318,,158.667,,141.467
2657,9.33695,,159,,141.7
2658,9.34071,,159.333,,141.933
2659,9.34448,,159.667,,142.167
2660,9.34825,,160,,142.4
2661,9.35177,,160,,142.567
2662,9.35528,,160,,142.733
2663,9.3588,,160,,142.9
2664,9.36232,,160,,143.067
2665,9.36583,,160,,143.233
2666,9.36935,,160,,143.4
2667,9.37293,,159.833,,143.467
2668,9.37651,,159.667,,143.533
2669,9.38008,,159.5,,143.6
2670,9.38366,,159.333,,143.667
2671,9.38724,,159.167,,143.733
2672,9.39082,,159,,143.8
2673,9.39456,,158.833,,143.867
2674,9.3983,,158.667,,143.933
2675,9.40203,,158.5,,144
2676,9.40577,,158.333,,144.067
2677,9.40951,,158.167,,144.133
2678,9.41325,,158,,144.2
2679,9.41701,,158,,143.867
2680,9.42076,,158,,143.533
2681,9.42452,,158,,143.2
2682,9.42828,,158,,142.867
2683,9.43203,,158,,142.533
2684,9.43579,,158,,142.2
2685,9.43949,,158.167,,142.033
2686,9.44319,,158.333,,141.867
2687,9.44689,,158.5,,141.7
2688,9.45059,,158.667,,141.533
2689,9.45429,,158.833,,141.367
2690,9.45799,,159,,141.2
2691,9.46181,,159.167,,141.233
2692,9.46563,,159.333,,141.267
2693,9.46944,,159.5,,141.3
2694,9.47326,,159.667,,141.333
2695,9.47708,,159.833,,141.367
2696,9.4809,,160,,141.4
2697,9.48446,,159.667,,141.133
2698,9.48802,,159.333,,140.867
2699,9.49158,,159,,140.6
2700,9.49514,,158.667,,140.333
2701,9.4987,,158.333,,140.067
2702,9.50226,,158,,139.8
2703,9.50595,,158.167,,139.567
2704,9.50965,,158.333,,139.333
2705,9.51334,,158.5,,139.1
2706,9.51703,,158.667,,138.867
2707,9.52073,,158.833,,138.633
2708,9.52442,,159,,138.4
2709,9.52797,,159,,137.68
2710,9.53152,,159,,136.96
2711,9.53507,,159,,136.24
2712,9.53862,,159,,135.52
2713,9.54217,,159,,134.8
2714,9.54247,,158.667,,134.367
2715,9.54277,,158.333,,133.933
2716,9.54307,,158,,133.5
2717,9.54336,,157.667,,133.067
2718,9.54366,,157.333,,132.633
2719,9.54396,,157,,132.2
2720,9.54748,,157.167,,132.1
2721,9.55099,,157.333,,132
2722,9.55451,,157.5,,131.9
2723,9.55802,,157.667,,131.8
2724,9.56153,,157.833,,131.7
2725,9.56505,,158,,131.6
2726,9.56865,,158.167,,131.533
2727,9.57224,,158.333,,131.467
2728,9.57584,,158.5,,131.4
2729,9.57944,,158.667,,131.333
2730,9.58303,,158.833,,131.267
2731,9.58663,,159,,131.2
2732,9.59028,,158.833,,131.067
2733,9.59393,,158.667,,130.933
2734,9.59759,,158.5,,130.8
2735,9.60124,,158.333,,130.667
2736,9.60489,,158.167,,130.533
2737,9.60854,,158,,130.4
2738,9.61216,,157.833,,130.333
2739,9.61577,,157.667,,130.267
2740,9.61939,,157.5,,130.2
2741,9.62301,,157.333,,130.133
2742,9.62662,,157.167,,130.067
2743,9.63024,,157,,130
2744,9.63391,,157.333,,129.867
2745,9.63759,,157.667,,129.733
2746,9.64126,,158,,129.6
2747,9.64494,,158.333,,129.467
2748,9.64861,,158.667,,129.333
2749,9.65229,,159,,129.2
2750,9.65588,,159,,129.3
2751,9.65948,,159,,129.4
2752,9.66307,,159,,129.5
2753,9.66667,,159,,129.6
2754,9.67026,,159,,129.7
2755,9.67386,,159,,129.8
2756,9.67752,,159,,129.8
2757,9.68119,,159,,129.8
2758,9.68485,,159,,129.8
2759,9.68851,,159,,129.8
2760,9.69218,,159,,129.8
2761,9.69584,,159,,129.8
2762,9.69949,,159,,129.467
2763,9.70313,,159,,129.133
2764,9.70678,,159,,128.8
2765,9.71043,,159,,128.467
2766,9.71407,,159,,128.133
2767,9.71772,,159,,127.8
2768,9.72126,,159.167,,127.7
2769,9.72479,,159.333,,127.6
2770,9.72833,,159.5,,127.5
2771,9.73187,,159.667,,127.4
2772,9.7354,,159.833,,127.3
2773,9.73894,,160,,127.2
2774,9.7424,,160,,127.133
2775,9.74586,,160,,127.067
2776,9.74931,,160,,127
2777,9.75277,,160,,126.933
2778,9.75623,,160,,126.867
2779,9.75969,,160,,126.8
2780,9.76322,,159.833,,126.767
2781,9.76674,,159.667,,126.733
2782,9.77027,,159.5,,126.7
2783,9.7738,,159.333,,126.667
2784,9.77732,,159.167,,126.633
2785,9.78085,,159,,126.6
2786,9.78449,,159,,126.733
2787,9.78814,,159,,126.867
2788,9.79178,,159,,127
2789,9.79543,,159,,127.133
2790,9.79907,,159,,127.267
2791,9.80272,,159,,127.4
2792,9.80649,,159,,127.733
2793,9.81027,,159,,128.067
2794,9.81404,,159,,128.4
2795,9.81781,,159,,128.733
2796,9.82159,,159,,129.067
2797,9.82536,,159,,129.4
2798,9.82896,,159.167,,129.633
2799,9.83256,,159.333,,129.867
2800,9.83615,,159.5,,130.1
2801,9.83975,,159.667,,130.333
2802,9.84335,,159.833,,130.567
2803,9.84695,,160,,130.8
2804,9.8505,,160.167,,130.867
2805,9.85405,,160.333,,130.933
2806,9.8576,,160.5,,131
2807,9.86116,,160.667,,131.067
2808,9.86471,,160.833,,131.133
2809,9.86826,,161,,131.2
2810,9.87181,,160.833,,131.2
2811,9.87535,,160.667,,131.2
2812,9.8789,,160.5,,131.2
2813,9.88245,,160.333,,131.2
2814,9.88599,,160.167,,131.2
2815,9.88954,,160,,131.2
2816,9.89324,,160.167,,131.167
2817,9.89694,,160.333,,131.133
2818,9.90063,,160.5,,131.1
2819,9.90433,,160.667,,131.067
2820,9.90803,,160.833,,131.033
2821,9.91173,,161,,131
2822,9.91541,,161,,131
2823,9.9191,,161,,131
2824,9.92278,,161,,131
2825,9.92646,,161,,131
2826,9.93015,,161,,131
2827,9.93383,,161,,131
2828,9.9374,,161.167,,131
2829,9.94098,,161.333,,131
2830,9.94455,,161.5,,131
2831,9.94812,,161.667,,131
2832,9.9517,,161.833,,131
2833,9.95527,,162,,131
2834,9.95877,,162.167,,130.867
2835,9.96228,,162.333,,130.733
2836,9.96578,,162.5,,130.6
2837,9.96929,,162.667,,130.467
2838,9.97279,,162.833,,130.333
2839,9.9763,,163,,130.2
2840,9.97983,,162.833,,130.167
2841,9.98337,,162.667,,130.133
2842,9.98691,,162.5,,130.1
2843,9.99044,,162.333,,130.067
2844,9.99398,,162.167,,130.033
2845,9.99751,,162,,130
2846,10.0011,,162.167,,130.267
2847,10.0046,,162.333,,130.533
2848,10.0082,,162.5,,130.8
2849,10.0118,,162.667,,131.067
2850,10.0153,,162.833,,131.333
2851,10.0189,,163,,131.6
2852,10.0225,,162.833,,131.9
2853,10.026,,162.667,,132.2
2854,10.0296,,162.5,,132.5
2855,10.0332,,162.333,,132.8
2856,10.0367,,162.167,,133.1
2857,10.0403,,162,,133.4
2858,10.0439,,162,,133.567
2859,10.0475,,162,,133.733
2860,10.0511,,162,,133.9
2861,10.0548,,162,,134.067
2862,10.0584,,162,,134.233
2863,10.062,,162,,134.4
2864,10.0655,,161.667,,134.2
2865,10.0689,,161.333,,134
2866,10.0724,,161,,133.8
2867,10.0758,,160.667,,133.6
2868,10.0793,,160.333,,133.4
2869,10.0827,,160,,133.2
2870,10.0862,,159.833,,133.167
2871,10.0897,,159.667,,133.133
2872,10.0931,,159.5,,133.1
2873,10.0966,,159.333,,133.067
2874,10.1001,,159.167,,133.033
2875,10.1035,,159,,133
2876,10.1071,,159.167,,132.933
2877,10.1107,,159.333,,132.867
2878,10.1143,,159.5,,132.8
2879,10.1179,,159.667,,132.733
2880,10.1215,,159.833,,132.667
2881,10.1251,,160,,132.6
2882,10.1287,,160.167,,132.633
2883,10.1322,,160.333,,132.667
2884,10.1358,,160.5,,132.7
2885,10.1393,,160.667,,132.733
2886,10.1429,,160.833,,132.767
2887,10.1465,,161,,132.8
2888,10.1501,,161,,132.933
2889,10.1537,,161,,133.067
2890,10.1573,,161,,133.2
2891,10.1609,,161,,133.333
2892,10.1645,,161,,133.467
2893,10.1681,,161,,133.6
2894,10.1715,,161.167,,133.833
2895,10.1749,,161.333,,134.067
2896,10.1783,,161.5,,134.3
2897,10.1816,,161.667,,134.533
2898,10.185,,161.833,,134.767
2899,10.1884,,162,,135
2900,10.1917,,162.333,,135.233
2901,10.1951,,162.667,,135.467
2902,10.1985,,163,,135.7
2903,10.2018,,163.333,,135.933
2904,10.2052,,163.667,,136.167
2905,10.2085,,164,,136.4
2906,10.2121,,163.833,,136.667
2907,10.2156,,163.667,,136.933
2908,10.2191,,163.5,,137.2
2909,10.2226,,163.333,,137.467
2910,10.2261,,163.167,,137.733
2911,10.2297,,163,,138
2912,10.2331,,162.833,,138
2913,10.2366,,162.667,,138
2914,10.2401,,162.5,,138
2915,10.2435,,162.333,,138
2916,10.247,,162.167,,138
2917,10.2505,,162,,138
2918,10.2543,,161.833,,138.1
2919,10.2582,,161.667,,138.2
2920,10.2621,,161.5,,138.3
2921,10.2659,,161.333,,138.4
2922,10.2698,,161.167,,138.5
2923,10.2737,,161,,138.6
2924,10.2774,,161,,138.5
2925,10.2812,,161,,138.4
2926,10.2849,,161,,138.3
2927,10.2887,,161,,138.2
2928,10.2924,,161,,138.1
2929,10.2961,,161,,138
2930,10.2998,,161,,137.733
2931,10.3034,,161,,137.467
2932,10.307,,161,,137.2
2933,10.3106,,161,,136.933
2934,10.3142,,161,,136.667
2935,10.3178,,161,,136.4
2936,10.3213,,160.833,,136.133
2937,10.3248,,160.667,,135.867
2938,10.3284,,160.5,,135.6
2939,10.3319,,160.333,,135.333
2940,10.3354,,160.167,,135.067
2941,10.3389,,160,,134.8
2942,10.3425,,159.833,,134.867
2943,10.346,,159.667,,134.933
2944,10.3495,,159.5,,135
2945,10.353,,159.333,,135.067
2946,10.3565,,159.167,,135.133
2947,10.36,,159,,135.2
2948,10.3636,,159.333,,135.2
2949,10.3673,,159.667,,135.2
2950,10.3709,,160,,135.2
2951,10.3745,,160.333,,135.2
2952,10.3781,,160.667,,135.2
2953,10.3817,,161,,135.2
2954,10.3853,,160.833,,135.133
2955,10.3889,,160.667,,135.067
2956,10.3925,,160.5,,135
2957,10.3961,,160.333,,134.933
2958,10.3997,,160.167,,134.867
2959,10.4033,,160,,134.8
2960,10.4067,,160,,134.833
2961,10.4101,,160,,134.867
2962,10.4135,,160,,134.9
2963,10.4169,,160,,134.933
2964,10.4204,,160,,134.967
2965,10.4238,,160,,135
2966,10.4274,,160,,134.767
2967,10.4311,,160,,134.533
2968,10.4348,,160,,134.3
2969,10.4384,,160,,134.067
2970,10.4421,,160,,133.833
2971,10.4458,,160,,133.6
2972,10.4492,,160,,133.533
2973,10.4527,,160,,133.467
2974,10.4561,,160,,133.4
2975,10.4596,,160,,133.333
2976,10.463,,160,,133.267
2977,10.4664,,160,,133.2
2978,10.47,,159.833,,133.033
2979,10.4735,,159.667,,132.867
2980,10.477,,159.5,,132.7
2981,10.4805,,159.333,,132.533
2982,10.4841,,159.167,,132.367
2983,10.4876,,159,,132.2
2984,10.4912,,159,,132.033
2985,10.4948,,159,,131.867
2986,10.4984,,159,,131.7
2987,10.502,,159,,131.533
2988,10.5056,,159,,131.367
2989,10.5093,,159,,131.2
2990,10.5127,,158.667,,131.067
2991,10.5162,,158.333,,130.933
2992,10.5197,,158,,130.8
2993,10.5232,,157.667,,130.667
2994,10.5267,,157.333,,130.533
2995,10.5301,,157,,130.4
2996,10.5334,,157,,130.4
2997,10.5367,,157,,130.4
2998,10.54,,157,,130.4
2999,10.5432,,157,,130.4
3000,10.5465,,157,,130.4
3001,10.5498,,157,,130.4
3002,10.5531,,157,,130.4
3003,10.5565,,157.167,,130.7
3004,10.56,,157.333,,131
3005,10.5634,,157.5,,131.3
3006,10.5668,,157.667,,131.6
3007,10.5703,,157.833,,131.9
3008,10.5737,,158,,132.2
3009,10.5771,,158,,132.167
3010,10.5805,,158,,132.133
3011,10.5839,,158,,132.1
3012,10.5873,,158,,132.067
3013,10.5907,,158,,132.033
3014,10.5941,,158,,132
3015,10.5973,,158.143,,132.229
3016,10.6005,,158.286,,132.457
3017,10.6037,,158.429,,132.686
3018,10.6069,,158.571,,132.914
3019,10.6101,,158.714,,133.143
3020,10.6133,,158.857,,133.371
3021,10.6165,,159,,133.6
3022,10.6196,,159,,133.829
3023,10.6228,,159,,134.057
3024,10.626,,159,,134.286
3025,10.6291,,159,,134.514
3026,10.6323,,159,,134.743
3027,10.6355,,159,,134.971
3028,10.6387,,159,,135.2
3029,10.6421,,159.167,,135.233
3030,10.6455,,159.333,,135.267
3031,10.6489,,159.5,,135.3
3032,10.6523,,159.667,,135.333
3033,10.6557,,159.833,,135.367
3034,10.659,,160,,135.4
3035,10.6624,,160.167,,135.7
3036,10.6657,,160.333,,136
3037,10.6691,,160.5,,136.3
3038,10.6724,,160.667,,136.6
3039,10.6757,,160.833,,136.9
3040,10.6791,,161,,137.2
3041,10.6823,,161,,137.143
3042,10.6855,,161,,137.086
3043,10.6887,,161,,137.029
3044,10.6919,,161,,136.971
3045,10.6951,,161,,136.914
3046,10.6983,,161,,136.857
3047,10.7015,,161,,136.8
3048,10.7048,,161.143,,136.857
3049,10.7081,,161.286,,136.914
3050,10.7114,,161.429,,136.971
3051,10.7147,,161.571,,137.029
3052,10.718,,161.714,,137.086
3053,10.7213,,161.857,,137.143
3054,10.7245,,162,,137.2
3055,10.7279,,162,,137.233
3056,10.7313,,162,,137.267
3057,10.7347,,162,,137.3
3058,10.7381,,162,,137.333
3059,10.7415,,162,,137.367
3060,10.7448,,162,,137.4
3061,10.7481,,162.143,,137.571
3062,10.7513,,162.286,,137.743
3063,10.7545,,162.429,,137.914
3064,10.7578,,162.571,,138.086
3065,10.761,,162.714,,138.257
3066,10.7642,,162.857,,138.429
3067,10.7674,,163,,138.6
3068,10.7706,,163.143,,138.714
3069,10.7737,,163.286,,138.829
3070,10.7768,,163.429,,138.943
3071,10.7799,,163.571,,139.057
3072,10.783,,163.714,,139.171
3073,10.7862,,163.857,,139.286
3074,10.7893,,164,,139.4
3075,10.792,,164.125,,139.575
3076,10.7947,,164.25,,139.75
3077,10.7974,,164.375,,139.925
3078,10.8001,,164.5,,140.1
3079,10.8028,,164.625,,140.275
3080,10.8055,,164.75,,140.45
3081,10.8083,,164.875,,140.625
3082,10.811,,165,,140.8
3083,10.8137,,164.875,,141.15
3084,10.8164,,164.75,,141.5
3085,10.8192,,164.625,,141.85
3086,10.8219,,164.5,,142.2
3087,10.8246,,164.375,,142.55
3088,10.8274,,164.25,,142.9
3089,10.8301,,164.125,,143.25
3090,10.8328,,164,,143.6
3091,10.8355,,163.875,,143.7
3092,10.8381,,163.75,,143.8
3093,10.8408,,163.625,,143.9
3094,10.8434,,163.5,,144
3095,10.8461,,163.375,,144.1
3096,10.8487,,163.25,,144.2
3097,10.8514,,163.125,,144.3
3098,10.854,,163,,144.4
3099,10.8571,,163.286,,144.543
3100,10.8603,,163.571,,144.686
3101,10.8634,,163.857,,144.829
3102,10.8665,,164.143,,144.971
3103,10.8696,,164.429,,145.114
3104,10.8727,,164.714,,145.257
3105,10.8759,,165,,145.4
3106,10.8787,,165,,145.6
3107,10.8815,,165,,145.8
3108,10.8847,,165,,146.229
3109,10.8879,,165,,146.657
3110,10.8911,,165,,147.086
3111,10.8943,,165,,147.514
3112,10.8975,,165,,147.943
3113,10.9007,,165,,148.371
3114,10.9039,,165,,148.8
3115,10.9075,,165.167,,149.633
3116,10.9111,,165.333,,150.467
3117,10.9146,,165.5,,151.3
3118,10.9182,,165.667,,152.133
3119,10.9218,,165.833,,152.967
3120,10.9254,,166,,153.8
3121,10.9287,,166.143,,154.314
3122,10.9321,,166.286,,154.829
3123,10.9355,,166.429,,155.343
3124,10.9388,,166.571,,155.857
3125,10.9422,,166.714,,156.371
3126,10.9455,,166.857,,156.886
3127,10.9489,,167,,157.4
3128,10.9524,,167,,157.433
3129,10.9559,,167,,157.467
3130,10.9594,,167,,157.5
3131,10.9629,,167,,157.533
3132,10.9664,,167,,157.567
3133,10.9699,,167,,157.6
3134,10.9734,,167,,157.1
3135,10.977,,167,,156.6
3136,10.9805,,167,,156.1
3137,10.9841,,167,,155.6
3138,10.9876,,167,,155.1
3139,10.9912,,167,,154.6
3140,10.9948,,166.5,,154.233
3141,10.9983,,166,,153.867
3142,11.0019,,165.5,,153.5
3143,11.0055,,165,,153.133
3144,11.009,,164.5,,152.767
3145,11.0126,,164,,152.4
3146,11.0162,,163.667,,152.133
3147,11.0198,,163.333,,151.867
3148,11.0234,,163,,151.6
3149,11.027,,162.667,,151.333
3150,11.0305,,162.333,,151.067
3151,11.0341,,162,,150.8
3152,11.0376,,161.667,,150.8
3153,11.0411,,161.333,,150.8
3154,11.0445,,161,,150.8
3155,11.048,,160.667,,150.8
3156,11.0515,,160.333,,150.8
3157,11.055,,160,,150.8
3158,11.0587,,159.833,,150.733
3159,11.0624,,159.667,,150.667
3160,11.0662,,159.5,,150.6
3161,11.0699,,159.333,,150.533
3162,11.0736,,159.167,,150.467
3163,11.0774,,159,,150.4
3164,11.0811,,158.833,,150.1
3165,11.0848,,158.667,,149.8
3166,11.0885,,158.5,,149.5
3167,11.0923,,158.333,,149.2
3168,11.096,,158.167,,148.9
3169,11.0997,,158,,148.6
3170,11.1034,,157.833,,148.533
3171,11.1071,,157.667,,148.467
3172,11.1108,,157.5,,148.4
3173,11.1145,,157.333,,148.333
3174,11.1182,,157.167,,148.267
3175,11.1219,,157,,148.2
3176,11.1254,,157.167,,148.2
3177,11.1289,,157.333,,148.2
3178,11.1324,,157.5,,148.2
3179,11.1359,,157.667,,148.2
3180,11.1395,,157.833,,148.2
3181,11.143,,158,,148.2
3182,11.1465,,157.833,,148
3183,11.15,,157.667,,147.8
3184,11.1535,,157.5,,147.6
3185,11.157,,157.333,,147.4
3186,11.1605,,157.167,,147.2
3187,11.164,,157,,147
3188,11.1677,,157,,146.967
3189,11.1713,,157,,146.933
3190,11.175,,157,,146.9
3191,11.1786,,157,,146.867
3192,11.1823,,157,,146.833
3193,11.1859,,157,,146.8
3194,11.1896,,157,,147
3195,11.1933,,157,,147.2
3196,11.1971,,157,,147.4
3197,11.2008,,157,,147.6
3198,11.2045,,157,,147.8
3199,11.2082,,157,,148
3200,11.2118,,157,,147.833
3201,11.2154,,157,,147.667
3202,11.219,,157,,147.5
3203,11.2227,,157,,147.333
3204,11.2263,,157,,147.167
3205,11.2299,,157,,147
3206,11.2337,,156.833,,146.633
3207,11.2375,,156.667,,146.267
3208,11.2413,,156.5,,145.9
3209,11.2451,,156.333,,145.533
3210,11.2489,,156.167,,145.167
3211,11.2527,,156,,144.8
3212,11.2563,,155.833,,144.633
3213,11.2599,,155.667,,144.467
3214,11.2636,,155.5,,144.3
3215,11.2672,,155.333,,144.133
3216,11.2709,,155.167,,143.967
3217,11.2745,,155,,143.8
3218,11.2783,,154.833,,143.667
3219,11.2822,,154.667,,143.533
3220,11.286,,154.5,,143.4
3221,11.2898,,154.333,,143.267
3222,11.2936,,154.167,,143.133
3223,11.2975,,154,,143
3224,11.3011,,153.833,,142.5
3225,11.3048,,153.667,,142
3226,11.3085,,153.5,,141.5
3227,11.3122,,153.333,,141
3228,11.3159,,153.167,,140.5
3229,11.3196,,153,,140
3230,11.3232,,152.833,,139.467
3231,11.3269,,152.667,,138.933
3232,11.3305,,152.5,,138.4
3233,11.3342,,152.333,,137.867
3234,11.3379,,152.167,,137.333
3235,11.3415,,152,,136.8
3236,11.3453,,152,,136.267
3237,11.349,,152,,135.733
3238,11.3528,,152,,135.2
3239,11.3565,,152,,134.667
3240,11.3603,,152,,134.133
3241,11.364,,152,,133.6
3242,11.3678,,152,,133.367
3243,11.3716,,152,,133.133
3244,11.3754,,152,,132.9
3245,11.3792,,152,,132.667
3246,11.383,,152,,132.433
3247,11.3867,,152,,132.2
3248,11.3906,,151.833,,132.267
3249,11.3945,,151.667,,132.333
3250,11.3984,,151.5,,132.4
3251,11.4022,,151.333,,132.467
3252,11.4061,,151.167,,132.533
3253,11.41,,151,,132.6
3254,11.4136,,150.667,,132.833
3255,11.4173,,150.333,,133.067
3256,11.421,,150,,133.3
3257,11.4246,,149.667,,133.533
3258,11.4283,,149.333,,133.767
3259,11.4319,,149,,134
3260,11.436,,149,,134.16
3261,11.4401,,149,,134.32
3262,11.4441,,149,,134.48
3263,11.4482,,149,,134.64
3264,11.4522,,149,,134.8
3265,11.4563,,149,,134.64
3266,11.4604,,149,,134.48
3267,11.4644,,149,,134.32
3268,11.4685,,149,,134.16
3269,11.4725,,149,,134
3270,11.4764,,149.333,,134
3271,11.4802,,149.667,,134
3272,11.4841,,150,,134
3273,11.488,,150.333,,134
3274,11.4918,,150.667,,134
3275,11.4957,,151,,134
3276,11.4994,,151.333,,134.067
3277,11.5032,,151.667,,134.133
3278,11.5069,,152,,134.2
3279,11.5107,,152.333,,134.267
3280,11.5144,,152.667,,134.333
3281,11.5181,,153,,134.4
3282,11.5215,,153.167,,134.2
3283,11.5248,,153.333,,134
3284,11.5282,,153.5,,133.8
3285,11.5315,,153.667,,133.6
3286,11.5348,,153.833,,133.4
3287,11.5382,,154,,133.2
3288,11.5417,,154.167,,133.167
3289,11.5453,,154.333,,133.133
3290,11.5488,,154.5,,133.1
3291,11.5524,,154.667,,133.067
3292,11.5559,,154.833,,133.033
3293,11.5595,,155,,133
3294,11.5631,,155.167,,132.967
3295,11.5667,,155.333,,132.933
3296,11.5704,,155.5,,132.9
3297,11.574,,155.667,,132.867
3298,11.5777,,155.833,,132.833
3299,11.5813,,156,,132.8
3300,11.585,,156.167,,132.767
3301,11.5886,,156.333,,132.733
3302,11.5923,,156.5,,132.7
3303,11.5959,,156.667,,132.667
3304,11.5996,,156.833,,132.633
3305,11.6033,,157,,132.6
3306,11.6069,,157.333,,132.667
3307,11.6105,,157.667,,132.733
3308,11.6141,,158,,132.8
3309,11.6177,,158.333,,132.867
3310,11.6213,,158.667,,132.933
3311,11.6248,,159,,133
3312,11.6287,,159.167,,133.033
3313,11.6326,,159.333,,133.067
3314,11.6365,,159.5,,133.1
3315,11.6404,,159.667,,133.133
3316,11.6443,,159.833,,133.167
3317,11.6482,,160,,133.2
3318,11.652,,160.167,,133.133
3319,11.6558,,160.333,,133.067
3320,11.6596,,160.5,,133
3321,11.6634,,160.667,,132.933
3322,11.6672,,160.833,,132.867
3323,11.671,,161,,132.8
3324,11.6748,,161,,132.733
3325,11.6786,,161,,132.667
3326,11.6824,,161,,132.6
3327,11.6862,,161,,132.533
3328,11.69,,161,,132.467
3329,11.6938,,161,,132.4
3330,11.6977,,161,,132.5
3331,11.7015,,161,,132.6
3332,11.7054,,161,,132.7
3333,11.7093,,161,,132.8
3334,11.7132,,161,,132.9
3335,11.7171,,161,,133
3336,11.721,,161,,133.067
3337,11.7249,,161,,133.133
3338,11.7288,,161,,133.2
3339,11.7327,,161,,133.267
3340,11.7366,,161,,133.333
3341,11.7405,,161,,133.4
3342,11.744,,161,,133.467
3343,11.7476,,161,,133.533
3344,11.7512,,161,,133.6
3345,11.7548,,161,,133.667
3346,11.7584,,161,,133.733
3347,11.7619,,161,,133.8
3348,11.7652,,161,,133.8
3349,11.7685,,161,,133.8
3350,11.7718,,161,,133.8
3351,11.7751,,161,,133.8
3352,11.7785,,161,,133.8
3353,11.7818,,161,,133.8
3354,11.7851,,161,,133.8
3355,11.7887,,161,,133.8
3356,11.7924,,161,,133.8
3357,11.7961,,161,,133.8
3358,11.7998,,161,,133.8
3359,11.8034,,161,,133.8
3360,11.8071,,161,,133.8
3361,11.8108,,161,,133.8
3362,11.8144,,161,,133.8
3363,11.8181,,161,,133.8
3364,11.8217,,161,,133.8
3365,11.8254,,161,,133.8
3366,11.829,,161,,133.8
3367,11.8326,,161,,133.833
3368,11.8362,,161,,133.867
3369,11.8398,,161,,133.9
3370,11.8434,,161,,133.933
3371,11.847,,161,,133.967
3372,11.8506,,161,,134
3373,11.8542,,161.167,,133.933
3374,11.8579,,161.333,,133.867
3375,11.8616,,161.5,,133.8
3376,11.8653,,161.667,,133.733
3377,11.8689,,161.833,,133.667
3378,11.8726,,162,,133.6
3379,11.8765,,162,,133.867
3380,11.8804,,162,,134.133
3381,11.8843,,162,,134.4
3382,11.8882,,162,,134.667
3383,11.8921,,162,,134.933
3384,11.896,,162,,135.2
3385,11.8999,,161.833,,135.467
3386,11.9038,,161.667,,135.733
3387,11.9077,,161.5,,136
3388,11.9116,,161.333,,136.267
3389,11.9155,,161.167,,136.533
3390,11.9194,,161,,136.8
3391,11.9232,,161,,136.767
3392,11.927,,161,,136.733
3393,11.9308,,161,,136.7
3394,11.9347,,161,,136.667
3395,11.9385,,161,,136.633
3396,11.9423,,161,,136.6
3397,11.9461,,161,,136.5
3398,11.9499,,161,,136.4
3399,11.9538,,161,,136.3
3400,11.9576,,161,,136.2
3401,11.9615,,161,,136.1
3402,11.9653,,161,,136
3403,11.9691,,160.667,,135.767
3404,11.9728,,160.333,,135.533
3405,11.9766,,160,,135.3
3406,11.9803,,159.667,,135.067
3407,11.9841,,159.333,,134.833
3408,11.9878,,159,,134.6
3409,11.9916,,158.833,,134.367
3410,11.9954,,158.667,,134.133
3411,11.9993,,158.5,,133.9
3412,12.0031,,158.333,,133.667
3413,12.0069,,158.167,,133.433
3414,12.0107,,158,,133.2
3415,12.0146,,157.833,,133.333
3416,12.0185,,157.667,,133.467
3417,12.0224,,157.5,,133.6
3418,12.0262,,157.333,,133.733
3419,12.0301,,157.167,,133.867
3420,12.034,,157,,134
3421,12.0378,,156.833,,134
3422,12.0416,,156.667,,134
3423,12.0455,,156.5,,134
3424,12.0493,,156.333,,134
3425,12.0531,,156.167,,134
3426,12.0569,,156,,134
3427,12.0606,,156.167,,133.633
3428,12.0642,,156.333,,133.267
3429,12.0679,,156.5,,132.9
3430,12.0715,,156.667,,132.533
3431,12.0752,,156.833,,132.167
3432,12.0789,,157,,131.8
3433,12.0826,,157.167,,131.567
3434,12.0863,,157.333,,131.333
3435,12.0899,,157.5,,131.1
3436,12.0936,,157.667,,130.867
3437,12.0973,,157.833,,130.633
3438,12.101,,158,,130.4
3439,12.1047,,158,,130.067
3440,12.1083,,158,,129.733
3441,12.112,,158,,129.4
3442,12.1157,,158,,129.067
3443,12.1193,,158,,128.733
3444,12.123,,158,,128.4
3445,12.1265,,158.167,,128.167
3446,12.1301,,158.333,,127.933
3447,12.1336,,158.5,,127.7
3448,12.1372,,158.667,,127.467
3449,12.1407,,158.833,,127.233
3450,12.1443,,159,,127
3451,12.148,,159,,127.033
3452,12.1518,,159,,127.067
3453,12.1555,,159,,127.1
3454,12.1592,,159,,127.133
3455,12.163,,159,,127.167
3456,12.1667,,159,,127.2
3457,12.1706,,159.167,,126.9
3458,12.1744,,159.333,,126.6
3459,12.1782,,159.5,,126.3
3460,12.1821,,159.667,,126
3461,12.1859,,159.833,,125.7
3462,12.1897,,160,,125.4
3463,12.1936,,160,,125.2
3464,12.1975,,160,,125
3465,12.2014,,160,,124.8
3466,12.2052,,160,,124.6
3467,12.2091,,160,,124.4
3468,12.213,,160,,124.2
3469,12.2164,,159.833,,124.4
3470,12.2197,,159.667,,124.6
3471,12.2231,,159.5,,124.8
3472,12.2265,,159.333,,125
3473,12.2299,,159.167,,125.2
3474,12.2332,,159,,125.4
3475,12.2374,,159,,125.4
3476,12.2416,,159,,125.4
3477,12.2457,,159,,125.4
3478,12.2499,,159,,125.4
3479,12.2541,,159,,125.4
3480,12.2579,,159,,125.367
3481,12.2617,,159,,125.333
3482,12.2654,,159,,125.3
3483,12.2692,,159,,125.267
3484,12.273,,159,,125.233
3485,12.2768,,159,,125.2
3486,12.2805,,159.333,,125.233
3487,12.2842,,159.667,,125.267
3488,12.2879,,160,,125.3
3489,12.2915,,160.333,,125.333
3490,12.2952,,160.667,,125.367
3491,12.2989,,161,,125.4
3492,12.3025,,161.167,,125.5
3493,12.3061,,161.333,,125.6
3494,12.3097,,161.5,,125.7
3495,12.3133,,161.667,,125.8
3496,12.3169,,161.833,,125.9
3497,12.3205,,162,,126
3498,12.3242,,162,,126.267
3499,12.3278,,162,,126.533
3500,12.3315,,162,,126.8
3501,12.3352,,162,,127.067
3502,12.3388,,162,,127.333
3503,12.3425,,162,,127.6
3504,12.3461,,162.333,,127.567
3505,12.3498,,162.667,,127.533
3506,12.3534,,163,,127.5
3507,12.3571,,163.333,,127.467
3508,12.3607,,163.667,,127.433
3509,12.3644,,164,,127.4
3510,12.3682,,164,,127.467
3511,12.3721,,164,,127.533
3512,12.3759,,164,,127.6
3513,12.3798,,164,,127.667
3514,12.3836,,164,,127.733
3515,12.3874,,164,,127.8
3516,12.3912,,164.333,,127.733
3517,12.395,,164.667,,127.667
3518,12.3988,,165,,127.6
3519,12.4026,,165.333,,127.533
3520,12.4064,,165.667,,127.467
3521,12.4102,,166,,127.4
3522,12.414,,166,,127.2
3523,12.4177,,166,,127
3524,12.4215,,166,,126.8
3525,12.4253,,166,,126.6
3526,12.429,,166,,126.4
3527,12.4328,,166,,126.2
3528,12.4365,,166,,125.533
3529,12.4403,,166,,124.867
3530,12.4441,,166,,124.2
3531,12.4478,,166,,123.533
3532,12.4516,,166,,122.867
3533,12.4553,,166,,122.2
3534,12.459,,165.833,,121.867
3535,12.4627,,165.667,,121.533
3536,12.4664,,165.5,,121.2
3537,12.47,,165.333,,120.867
3538,12.4737,,165.167,,120.533
3539,12.4774,,165,,120.2
3540,12.4812,,165,,120.133
3541,12.4851,,165,,120.067
3542,12.4889,,165,,120
3543,12.4928,,165,,119.933
3544,12.4966,,165,,119.867
3545,12.5005,,165,,119.8
3546,12.5046,,165,,119.84
3547,12.5087,,165,,119.88
3548,12.5127,,165,,119.92
3549,12.5168,,165,,119.96
3550,12.5209,,165,,120
3551,12.5248,,164.833,,119.9
3552,12.5287,,164.667,,119.8
3553,12.5326,,164.5,,119.7
3554,12.5365,,164.333,,119.6
3555,12.5404,,164.167,,119.5
3556,12.5443,,164,,119.4
3557,12.5482,,163.833,,119.533
3558,12.5522,,163.667,,119.667
3559,12.5562,,163.5,,119.8
3560,12.5602,,163.333,,119.933
3561,12.5642,,163.167,,120.067
3562,12.5682,,163,,120.2
3563,12.5722,,163,,120.4
3564,12.5762,,163,,120.6
3565,12.5803,,163,,120.8
3566,12.5843,,163,,121
3567,12.5884,,163,,121.2
3568,12.5925,,163,,121.36
3569,12.5966,,163,,121.52
3570,12.6007,,163,,121.68
3571,12.6048,,163,,121.84
3572,12.6089,,163,,122
3573,12.6128,,163,,122.033
3574,12.6168,,163,,122.067
3575,12.6208,,163,,122.1
3576,12.6248,,163,,122.133
3577,12.6288,,163,,122.167
3578,12.6328,,163,,122.2
3579,12.6367,,162.833,,122.233
3580,12.6407,,162.667,,122.267
3581,12.6446,,162.5,,122.3
3582,12.6486,,162.333,,122.333
3583,12.6525,,162.167,,122.367
3584,12.6565,,162,,122.4
3585,12.6606,,162,,122.8
3586,12.6647,,162,,123.2
3587,12.6689,,162,,123.6
3588,12.673,,162,,124
3589,12.6771,,162,,124.4
3590,12.6813,,162.2,,124.4
3591,12.6854,,162.4,,124.4
3592,12.6896,,162.6,,124.4
3593,12.6937,,162.8,,124.4
3594,12.6979,,163,,124.4
3595,12.7019,,163,,124.08
3596,12.7059,,163,,123.76
3597,12.7099,,163,,123.44
3598,12.714,,163,,123.12
3599,12.718,,163,,122.8
3600,12.7221,,163,,122.4
3601,12.7263,,163,,122
3602,12.7304,,163,,121.6
3603,12.7346,,163,,121.2
3604,12.7387,,163,,120.8
3605,12.7429,,163.2,,120.72
3606,12.7471,,163.4,,120.64
3607,12.7513,,163.6,,120.56
3608,12.7555,,163.8,,120.48
3609,12.7596,,164,,120.4
3610,12.7638,,164.2,,120.08
3611,12.768,,164.4,,119.76
3612,12.7721,,164.6,,119.44
3613,12.7763,,164.8,,119.12
3614,12.7805,,165,,118.8
3615,12.7845,,165,,118.267
3616,12.7885,,165,,117.733
3617,12.7925,,165,,117.2
3618,12.7965,,165,,116.667
3619,12.8006,,165,,116.133
3620,12.8046,,165,,115.6
3621,12.8084,,165,,115.067
3622,12.8123,,165,,114.533
3623,12.8162,,165,,114
3624,12.82,,165,,113.467
3625,12.8239,,165,,112.933
3626,12.8277,,165,,112.4
3627,12.8316,,165,,112.267
3628,12.8355,,165,,112.133
3629,12.8394,,165,,112
3630,12.8433,,165,,111.867
3631,12.8472,,165,,111.733
3632,12.8511,,165,,111.6
3633,12.855,,165,,111.333
3634,12.859,,165,,111.067
3635,12.8629,,165,,110.8
3636,12.8668,,165,,110.533
3637,12.8708,,165,,110.267
3638,12.8747,,165,,110
3639,12.8785,,165.167,,109.567
3640,12.8823,,165.333,,109.133
3641,12.8862,,165.5,,108.7
3642,12.89,,165.667,,108.267
3643,12.8938,,165.833,,107.833
3644,12.8976,,166,,107.4
3645,12.9002,,165.4,,107.24
3646,12.9027,,164.8,,107.08
3647,12.9052,,164.2,,106.92
3648,12.9078,,163.6,,106.76
3649,12.9103,,163,,106.6
3650,12.9132,,162.714,,106.829
3651,12.9161,,162.429,,107.057
3652,12.9189,,162.143,,107.286
3653,12.9218,,161.857,,107.514
3654,12.9247,,161.571,,107.743
3655,12.9276,,161.286,,107.971
3656,12.9304,,161,,108.2
3657,12.9331,,160.571,,108.343
3658,12.9359,,160.143,,108.486
3659,12.9386,,159.714,,108.629
3660,12.9413,,159.286,,108.771
3661,12.944,,158.857,,108.914
3662,12.9467,,158.429,,109.057
3663,12.9494,,158,,109.2
3664,12.9522,,157.75,,109.325
3665,12.9551,,157.5,,109.45
3666,12.9579,,157.25,,109.575
3667,12.9607,,157,,109.7
3668,12.9635,,156.75,,109.825
3669,12.9664,,156.5,,109.95
3670,12.9692,,156.25,,110.075
3671,12.972,,156,,110.2
3672,12.9749,,155.714,,110.429
3673,12.9778,,155.429,,110.657
3674,12.9807,,155.143,,110.886
3675,12.9836,,154.857,,111.114
3676,12.9865,,154.571,,111.343
3677,12.9894,,154.286,,111.571
3678,12.9923,,154,,111.8
3679,12.9952,,153.857,,111.657
3680,12.9981,,153.714,,111.514
3681,13.001,,153.571,,111.371
3682,13.0039,,153.429,,111.229
3683,13.0068,,153.286,,111.086
3684,13.0097,,153.143,,110.943
3685,13.0126,,153,,110.8
3686,13.0155,,152.875,,110.675
3687,13.0183,,152.75,,110.55
3688,13.0212,,152.625,,110.425
3689,13.024,,152.5,,110.3
3690,13.0269,,152.375,,110.175
3691,13.0297,,152.25,,110.05
3692,13.0326,,152.125,,109.925
3693,13.0354,,152,,109.8
3694,13.0383,,151.714,,109.857
3695,13.0412,,151.429,,109.914
3696,13.0442,,151.143,,109.971
3697,13.0471,,150.857,,110.029
3698,13.05,,150.571,,110.086
3699,13.0529,,150.286,,110.143
3700,13.0558,,150,,110.2
3701,13.0587,,150,,110.171
3702,13.0616,,150,,110.143
3703,13.0645,,150,,110.114
3704,13.0674,,150,,110.086
3705,13.0703,,150,,110.057
3706,13.0731,,150,,110.029
3707,13.076,,150,,110
3708,13.0789,,149.75,,110.125
3709,13.0817,,149.5,,110.25
3710,13.0845,,149.25,,110.375
3711,13.0873,,149,,110.5
3712,13.0902,,148.75,,110.625
3713,13.093,,148.5,,110.75
3714,13.0958,,148.25,,110.875
3715,13.0987,,148,,111
3716,13.1014,,147.875,,111.2
3717,13.104,,147.75,,111.4
3718,13.1067,,147.625,,111.6
3719,13.1094,,147.5,,111.8
3720,13.1121,,147.375,,112
3721,13.1148,,147.25,,112.2
3722,13.1175,,147.125,,112.4
3723,13.1202,,147,,112.6
3724,13.1228,,147.25,,112.725
3725,13.1255,,147.5,,112.85
3726,13.1281,,147.75,,112.975
3727,13.1308,,148,,113.1
3728,13.1334,,148.25,,113.225
3729,13.1361,,148.5,,113.35
3730,13.1387,,148.75,,113.475
3731,13.1414,,149,,113.6
3732,13.1439,,149.375,,113.85
3733,13.1465,,149.75,,114.1
3734,13.149,,150.125,,114.35
3735,13.1515,,150.5,,114.6
3736,13.154,,150.875,,114.85
3737,13.1566,,151.25,,115.1
3738,13.1591,,151.625,,115.35
3739,13.1616,,152,,115.6
3740,13.1641,,152.125,,115.6
3741,13.1666,,152.25,,115.6
3742,13.1691,,152.375,,115.6
3743,13.1716,,152.5,,115.6
3744,13.1741,,152.625,,115.6
3745,13.1766,,152.75,,115.6
3746,13.1791,,152.875,,115.6
3747,13.1816,,153,,115.6
3748,13.1843,,152.875,,115.325
3749,13.187,,152.75,,115.05
3750,13.1897,,152.625,,114.775
3751,13.1924,,152.5,,114.5
3752,13.1951,,152.375,,114.225
3753,13.1978,,152.25,,113.95
3754,13.2005,,152.125,,113.675
3755,13.2031,,152,,113.4
3756,13.2061,,151.857,,113.171
3757,13.209,,151.714,,112.943
3758,13.212,,151.571,,112.714
3759,13.2149,,151.429,,112.486
3760,13.2178,,151.286,,112.257
3761,13.2208,,151.143,,112.029
3762,13.2237,,151,,111.8
3763,13.2266,,150.857,,111.743
3764,13.2295,,150.714,,111.686
3765,13.2324,,150.571,,111.629
3766,13.2353,,150.429,,111.571
3767,13.2382,,150.286,,111.514
3768,13.2411,,150.143,,111.457
3769,13.244,,150,,111.4
3770,13.247,,149.571,,111.286
3771,13.2499,,149.143,,111.171
3772,13.2529,,148.714,,111.057
3773,13.2558,,148.286,,110.943
3774,13.2588,,147.857,,110.829
3775,13.2617,,147.429,,110.714
3776,13.2647,,147,,110.6
3777,13.2679,,146.714,,110.686
3778,13.2711,,146.429,,110.771
3779,13.2744,,146.143,,110.857
3780,13.2776,,145.857,,110.943
3781,13.2808,,145.571,,111.029
3782,13.284,,145.286,,111.114
3783,13.2873,,145,,111.2
3784,13.2905,,144.857,,111.114
3785,13.2937,,144.714,,111.029
3786,13.297,,144.571,,110.943
3787,13.3002,,144.429,,110.857
3788,13.3034,,144.286,,110.771
3789,13.3066,,144.143,,110.686
3790,13.3099,,144,,110.6
3791,13.3131,,143.714,,110.514
3792,13.3162,,143.429,,110.429
3793,13.3194,,143.143,,110.343
3794,13.3226,,142.857,,110.257
3795,13.3258,,142.571,,110.171
3796,13.329,,142.286,,110.086
3797,13.3321,,142,,110
3798,13.3351,,142,,109.9
3799,13.338,,142,,109.8
