secs,km,power,hr,cad,alt
0,0,,100,,276
1,0.00114,,100,,276
2,0.00319,,100,,275.8
3,0.00428,,103,,275.8
4,0.00576,,105,,275.8
5,0.00749333,,105.333,,275.8
6,0.00922667,,105.667,,275.8
7,0.01096,,106,,275.8
8,0.0126933,,106.333,,275.8
9,0.0144267,,106.667,,275.8
10,0.01616,,107,,275.8
11,0.0178,,110,,275.8
12,0.0201233,,110.667,,275.9
13,0.0224467,,111.333,,276
14,0.02477,,112,,276.1
15,0.0270933,,112.667,,276.2
16,0.0294167,,113.333,,276.3
17,0.03174,,114,,276.4
18,0.03398,,117,,276.4
19,0.03588,,117,,276.4
20,0.03674,,117,,276.5
21,0.0376,,117,,276.6
22,0.03826,,117,,276.6
23,0.03892,,117,,276.6
24,0.03958,,117,,276.6
25,0.041005,,117.5,,276.5
26,0.04243,,118,,276.4
27,0.04243,,118.75,,276.4
28,0.04243,,119.5,,276.4
29,0.04243,,120.25,,276.4
30,0.04243,,121,,276.4
31,0.0440833,,121.333,,276.367
32,0.0457367,,121.667,,276.333
33,0.04739,,122,,276.3
34,0.0490433,,122.333,,276.267
35,0.0506967,,122.667,,276.233
36,0.05235,,123,,276.2
37,0.0541933,,123.167,,276.2
38,0.0560367,,123.333,,276.2
39,0.05788,,123.5,,276.2
40,0.0597233,,123.667,,276.2
41,0.0615667,,123.833,,276.2
42,0.06341,,124,,276.2
43,0.0652933,,124.167,,276.2
44,0.0671767,,124.333,,276.2
45,0.06906,,124.5,,276.2
46,0.0709433,,124.667,,276.2
47,0.0728267,,124.833,,276.2
48,0.07471,,125,,276.2
49,0.0764217,,125.167,,276.233
50,0.0781333,,125.333,,276.267
51,0.079845,,125.5,,276.3
52,0.0815567,,125.667,,276.333
53,0.0832683,,125.833,,276.367
54,0.08498,,126,,276.4
55,0.0868575,,126.75,,276.45
56,0.088735,,127.5,,276.5
57,0.0906125,,128.25,,276.55
58,0.09249,,129,,276.6
59,0.0942533,,130,,276.533
60,0.0960167,,131,,276.467
61,0.09778,,132,,276.4
62,0.099472,,132.6,,276.4
63,0.101164,,133.2,,276.4
64,0.102856,,133.8,,276.4
65,0.104548,,134.4,,276.4
66,0.10624,,135,,276.4
67,0.107977,,135.333,,276.467
68,0.109713,,135.667,,276.533
69,0.11145,,136,,276.6
70,0.113187,,136.333,,276.667
71,0.114923,,136.667,,276.733
72,0.11666,,137,,276.8
73,0.11858,,136,,277
74,0.120417,,135.667,,277
75,0.122253,,135.333,,277
76,0.12409,,135,,277
77,0.125927,,134.667,,277
78,0.127763,,134.333,,277
79,0.1296,,134,,277
80,0.131576,,134.8,,277.08
81,0.133552,,135.6,,277.16
82,0.135528,,136.4,,277.24
83,0.137504,,137.2,,277.32
84,0.13948,,138,,277.4
85,0.141518,,138,,277.4
86,0.143557,,138,,277.4
87,0.145595,,138,,277.4
88,0.147633,,138,,277.4
89,0.149672,,138,,277.4
90,0.15171,,138,,277.4
91,0.153715,,138,,277.367
92,0.15572,,138,,277.333
93,0.157725,,138,,277.3
94,0.15973,,138,,277.267
95,0.161735,,138,,277.233
96,0.16374,,138,,277.2
97,0.165835,,138.167,,277.167
98,0.16793,,138.333,,277.133
99,0.170025,,138.5,,277.1
100,0.17212,,138.667,,277.067
101,0.174215,,138.833,,277.033
102,0.17631,,139,,277
103,0.178323,,139.5,,276.967
104,0.180337,,140,,276.933
105,0.18235,,140.5,,276.9
106,0.184363,,141,,276.867
107,0.186377,,141.5,,276.833
108,0.18839,,142,,276.8
109,0.190357,,142.167,,276.8
110,0.192323,,142.333,,276.8
111,0.19429,,142.5,,276.8
112,0.196257,,142.667,,276.8
113,0.198223,,142.833,,276.8
114,0.20019,,143,,276.8
115,0.202358,,142.667,,276.8
116,0.204527,,142.333,,276.8
117,0.206695,,142,,276.8
118,0.208863,,141.667,,276.8
119,0.211032,,141.333,,276.8
120,0.2132,,141,,276.8
121,0.215455,,141.333,,276.8
122,0.21771,,141.667,,276.8
123,0.219965,,142,,276.8
124,0.22222,,142.333,,276.8
125,0.224475,,142.667,,276.8
126,0.22673,,143,,276.8
127,0.228727,,143,,276.8
128,0.230723,,143,,276.8
129,0.23272,,143,,276.8
130,0.234717,,143,,276.8
131,0.236713,,143,,276.8
132,0.23871,,143,,276.8
133,0.240698,,143.167,,276.733
134,0.242687,,143.333,,276.667
135,0.244675,,143.5,,276.6
136,0.246663,,143.667,,276.533
137,0.248652,,143.833,,276.467
138,0.25064,,144,,276.4
139,0.252693,,144,,276.567
140,0.254747,,144,,276.733
141,0.2568,,144,,276.9
142,0.258853,,144,,277.067
143,0.260907,,144,,277.233
144,0.26296,,144,,277.4
145,0.264887,,143.833,,277.267
146,0.266813,,143.667,,277.133
147,0.26874,,143.5,,277
148,0.270667,,143.333,,276.867
149,0.272593,,143.167,,276.733
150,0.27452,,143,,276.6
151,0.276533,,143.5,,276.7
152,0.278547,,144,,276.8
153,0.28056,,144.5,,276.9
154,0.282573,,145,,277
155,0.284587,,145.5,,277.1
156,0.2866,,146,,277.2
157,0.288427,,145.25,,277.2
158,0.290255,,144.5,,277.2
159,0.292082,,143.75,,277.2
160,0.29391,,143,,277.2
161,0.295683,,142.833,,277.133
162,0.297457,,142.667,,277.067
163,0.29923,,142.5,,277
164,0.301003,,142.333,,276.933
165,0.302777,,142.167,,276.867
166,0.30455,,142,,276.8
167,0.306285,,142,,276.867
168,0.30802,,142,,276.933
169,0.309755,,142,,277
170,0.31149,,142,,277.067
171,0.313225,,142,,277.133
172,0.31496,,142,,277.2
173,0.31656,,143.5,,277.1
174,0.31816,,145,,277
175,0.320003,,144.5,,277.067
176,0.321847,,144,,277.133
177,0.32369,,143.5,,277.2
178,0.325533,,143,,277.267
179,0.327377,,142.5,,277.333
180,0.32922,,142,,277.4
181,0.331065,,142,,277.5
182,0.33291,,142,,277.6
183,0.334755,,142,,277.7
184,0.3366,,142,,277.8
185,0.338445,,142,,277.9
186,0.34029,,142,,278
187,0.342125,,142.75,,277.9
188,0.34396,,143.5,,277.8
189,0.345795,,144.25,,277.7
190,0.34763,,145,,277.6
191,0.349512,,145,,277.667
192,0.351393,,145,,277.733
193,0.353275,,145,,277.8
194,0.355157,,145,,277.867
195,0.357038,,145,,277.933
196,0.35892,,145,,278
197,0.36093,,144.833,,278.067
198,0.36294,,144.667,,278.133
199,0.36495,,144.5,,278.2
200,0.36696,,144.333,,278.267
201,0.36897,,144.167,,278.333
202,0.37098,,144,,278.4
203,0.372922,,143.833,,278.467
204,0.374863,,143.667,,278.533
205,0.376805,,143.5,,278.6
206,0.378747,,143.333,,278.667
207,0.380688,,143.167,,278.733
208,0.38263,,143,,278.8
209,0.384582,,143,,278.88
210,0.386534,,143,,278.96
211,0.388486,,143,,279.04
212,0.390438,,143,,279.12
213,0.39239,,143,,279.2
214,0.394182,,143.333,,279.233
215,0.395973,,143.667,,279.267
216,0.397765,,144,,279.3
217,0.399557,,144.333,,279.333
218,0.401348,,144.667,,279.367
219,0.40314,,145,,279.4
220,0.40502,,145,,279.4
221,0.4069,,145,,279.4
222,0.40878,,145,,279.4
223,0.41066,,145,,279.4
224,0.41254,,145,,279.4
225,0.41442,,145,,279.4
226,0.41622,,144.833,,279.433
227,0.41802,,144.667,,279.467
228,0.41982,,144.5,,279.5
229,0.42162,,144.333,,279.533
230,0.42342,,144.167,,279.567
231,0.42522,,144,,279.6
232,0.427175,,143.75,,279.75
233,0.42913,,143.5,,279.9
234,0.431085,,143.25,,280.05
235,0.43304,,143,,280.2
236,0.434968,,143.333,,280.233
237,0.436897,,143.667,,280.267
238,0.438825,,144,,280.3
239,0.440753,,144.333,,280.333
240,0.442682,,144.667,,280.367
241,0.44461,,145,,280.4
242,0.446567,,145.167,,280.433
243,0.448523,,145.333,,280.467
244,0.45048,,145.5,,280.5
245,0.452437,,145.667,,280.533
246,0.454393,,145.833,,280.567
247,0.45635,,146,,280.6
248,0.458178,,146.167,,280.667
249,0.460007,,146.333,,280.733
250,0.461835,,146.5,,280.8
251,0.463663,,146.667,,280.867
252,0.465492,,146.833,,280.933
253,0.46732,,147,,281
254,0.46935,,147,,281.133
255,0.47138,,147,,281.267
256,0.47341,,147,,281.4
257,0.475442,,146.833,,281.433
258,0.477473,,146.667,,281.467
259,0.479505,,146.5,,281.5
260,0.481537,,146.333,,281.533
261,0.483568,,146.167,,281.567
262,0.4856,,146,,281.6
263,0.48755,,147.5,,281.7
264,0.4895,,149,,281.8
265,0.491363,,149,,281.867
266,0.493227,,149,,281.933
267,0.49509,,149,,282
268,0.496953,,149,,282.067
269,0.498817,,149,,282.133
270,0.50068,,149,,282.2
271,0.502485,,148.833,,282.2
272,0.50429,,148.667,,282.2
273,0.506095,,148.5,,282.2
274,0.5079,,148.333,,282.2
275,0.509705,,148.167,,282.2
276,0.51151,,148,,282.2
277,0.5136,,148.167,,282.2
278,0.51569,,148.333,,282.2
279,0.51778,,148.5,,282.2
280,0.51987,,148.667,,282.2
281,0.52196,,148.833,,282.2
282,0.52405,,149,,282.2
283,0.526042,,148.6,,282.24
284,0.528034,,148.2,,282.28
285,0.530026,,147.8,,282.32
286,0.532018,,147.4,,282.36
287,0.53401,,147,,282.4
288,0.535314,,147,,282.36
289,0.536618,,147,,282.32
290,0.537922,,147,,282.28
291,0.539226,,147,,282.24
292,0.54053,,147,,282.2
293,0.54109,,147,,282.4
294,0.54159,,147.5,,282.4
295,0.54209,,148,,282.4
296,0.54209,,148.2,,282.4
297,0.54209,,148.4,,282.4
298,0.54209,,148.6,,282.4
299,0.54209,,148.8,,282.4
300,0.54209,,149,,282.4
301,0.54412,,150.333,,282.4
302,0.54615,,151.667,,282.4
303,0.54818,,153,,282.4
304,0.550304,,152.4,,282.36
305,0.552428,,151.8,,282.32
306,0.554552,,151.2,,282.28
307,0.556676,,150.6,,282.24
308,0.5588,,150,,282.2
309,0.560687,,150.167,,282.233
310,0.562573,,150.333,,282.267
311,0.56446,,150.5,,282.3
312,0.566347,,150.667,,282.333
313,0.568233,,150.833,,282.367
314,0.57012,,151,,282.4
315,0.572145,,149.5,,282.2
316,0.57417,,148,,282
317,0.576215,,147.833,,282
318,0.57826,,147.667,,282
319,0.580305,,147.5,,282
320,0.58235,,147.333,,282
321,0.584395,,147.167,,282
322,0.58644,,147,,282
323,0.588765,,146.667,,282.033
324,0.59109,,146.333,,282.067
325,0.593415,,146,,282.1
326,0.59574,,145.667,,282.133
327,0.598065,,145.333,,282.167
328,0.60039,,145,,282.2
329,0.602502,,144.667,,282.167
330,0.604613,,144.333,,282.133
331,0.606725,,144,,282.1
332,0.608837,,143.667,,282.067
333,0.610948,,143.333,,282.033
334,0.61306,,143,,282
335,0.615185,,144.5,,282
336,0.61731,,146,,282
337,0.619565,,145.667,,282
338,0.62182,,145.333,,282
339,0.624075,,145,,282
340,0.62633,,144.667,,282
341,0.628585,,144.333,,282
342,0.63084,,144,,282
343,0.63271,,144.167,,282.033
344,0.63458,,144.333,,282.067
345,0.63645,,144.5,,282.1
346,0.63832,,144.667,,282.133
347,0.64019,,144.833,,282.167
348,0.64206,,145,,282.2
349,0.643728,,145.75,,282.2
350,0.645395,,146.5,,282.2
351,0.647063,,147.25,,282.2
352,0.64873,,148,,282.2
353,0.65048,,143,,282.2
354,0.652625,,144.5,,282.2
355,0.65477,,146,,282.2
356,0.656767,,145.833,,282.233
357,0.658763,,145.667,,282.267
358,0.66076,,145.5,,282.3
359,0.662757,,145.333,,282.333
360,0.664753,,145.167,,282.367
361,0.66675,,145,,282.4
362,0.668555,,145.167,,282.4
363,0.67036,,145.333,,282.4
364,0.672165,,145.5,,282.4
365,0.67397,,145.667,,282.4
366,0.675775,,145.833,,282.4
367,0.67758,,146,,282.4
368,0.679593,,145,,282.467
369,0.681607,,144,,282.533
370,0.68362,,143,,282.6
371,0.685753,,142.833,,282.567
372,0.687887,,142.667,,282.533
373,0.69002,,142.5,,282.5
374,0.692153,,142.333,,282.467
375,0.694287,,142.167,,282.433
376,0.69642,,142,,282.4
377,0.69863,,144,,282.3
378,0.70084,,146,,282.2
379,0.703093,,146.333,,282.267
380,0.705347,,146.667,,282.333
381,0.7076,,147,,282.4
382,0.709853,,147.333,,282.467
383,0.712107,,147.667,,282.533
384,0.71436,,148,,282.6
385,0.716613,,147,,282.65
386,0.718865,,146,,282.7
387,0.721118,,145,,282.75
388,0.72337,,144,,282.8
389,0.725423,,144,,282.8
390,0.727477,,144,,282.8
391,0.72953,,144,,282.8
392,0.731583,,144,,282.8
393,0.733637,,144,,282.8
394,0.73569,,144,,282.8
395,0.737595,,144,,282.833
396,0.7395,,144,,282.867
397,0.741405,,144,,282.9
398,0.74331,,144,,282.933
399,0.745215,,144,,282.967
400,0.74712,,144,,283
401,0.749115,,144,,283.033
402,0.75111,,144,,283.067
403,0.753105,,144,,283.1
404,0.7551,,144,,283.133
405,0.757095,,144,,283.167
406,0.75909,,144,,283.2
407,0.760973,,144.333,,283.2
408,0.762857,,144.667,,283.2
409,0.76474,,145,,283.2
410,0.766623,,145.333,,283.2
411,0.768507,,145.667,,283.2
412,0.77039,,146,,283.2
413,0.77247,,147.5,,283.2
414,0.77455,,149,,283.2
415,0.776478,,148.4,,283.2
416,0.778406,,147.8,,283.2
417,0.780334,,147.2,,283.2
418,0.782262,,146.6,,283.2
419,0.78419,,146,,283.2
420,0.786192,,146,,283.233
421,0.788193,,146,,283.267
422,0.790195,,146,,283.3
423,0.792197,,146,,283.333
424,0.794198,,146,,283.367
425,0.7962,,146,,283.4
426,0.798197,,146.75,,283.4
427,0.800195,,147.5,,283.4
428,0.802193,,148.25,,283.4
429,0.80419,,149,,283.4
430,0.80632,,149.333,,283.367
431,0.80845,,149.667,,283.333
432,0.81058,,150,,283.3
433,0.81271,,150.333,,283.267
434,0.81484,,150.667,,283.233
435,0.81697,,151,,283.2
436,0.818964,,150.8,,283.28
437,0.820958,,150.6,,283.36
438,0.822952,,150.4,,283.44
439,0.824946,,150.2,,283.52
440,0.82694,,150,,283.6
441,0.828902,,149.667,,283.567
442,0.830863,,149.333,,283.533
443,0.832825,,149,,283.5
444,0.834787,,148.667,,283.467
445,0.836748,,148.333,,283.433
446,0.83871,,148,,283.4
447,0.840582,,147.4,,283.44
448,0.842454,,146.8,,283.48
449,0.844326,,146.2,,283.52
450,0.846198,,145.6,,283.56
451,0.84807,,145,,283.6
452,0.849843,,144.833,,283.633
453,0.851617,,144.667,,283.667
454,0.85339,,144.5,,283.7
455,0.855163,,144.333,,283.733
456,0.856937,,144.167,,283.767
457,0.85871,,144,,283.8
458,0.860405,,144.75,,283.8
459,0.8621,,145.5,,283.8
460,0.863795,,146.25,,283.8
461,0.86549,,147,,283.8
462,0.867123,,146.833,,283.767
463,0.868757,,146.667,,283.733
464,0.87039,,146.5,,283.7
465,0.872023,,146.333,,283.667
466,0.873657,,146.167,,283.633
467,0.87529,,146,,283.6
468,0.876883,,146,,283.6
469,0.878477,,146,,283.6
470,0.88007,,146,,283.6
471,0.881663,,146,,283.6
472,0.883257,,146,,283.6
473,0.88485,,146,,283.6
474,0.886647,,146,,283.6
475,0.888443,,146,,283.6
476,0.89024,,146,,283.6
477,0.892037,,146,,283.6
478,0.893833,,146,,283.6
479,0.89563,,146,,283.6
480,0.897583,,146.667,,283.6
481,0.899537,,147.333,,283.6
482,0.90149,,148,,283.6
483,0.90337,,147,,283.8
484,0.9055,,146.667,,283.9
485,0.90763,,146.333,,284
486,0.90976,,146,,284.1
487,0.91189,,145.667,,284.2
488,0.91402,,145.333,,284.3
489,0.91615,,145,,284.4
490,0.918167,,145,,284.267
491,0.920183,,145,,284.133
492,0.9222,,145,,284
493,0.924217,,145,,283.867
494,0.926233,,145,,283.733
495,0.92825,,145,,283.6
496,0.930318,,145,,283.6
497,0.932387,,145,,283.6
498,0.934455,,145,,283.6
499,0.936523,,145,,283.6
500,0.938592,,145,,283.6
501,0.94066,,145,,283.6
502,0.942805,,145,,283.567
503,0.94495,,145,,283.533
504,0.947095,,145,,283.5
505,0.94924,,145,,283.467
506,0.951385,,145,,283.433
507,0.95353,,145,,283.4
508,0.955695,,145.75,,283.45
509,0.95786,,146.5,,283.5
510,0.960025,,147.25,,283.55
511,0.96219,,148,,283.6
512,0.964353,,148,,283.6
513,0.966517,,148,,283.6
514,0.96868,,148,,283.6
515,0.970843,,148,,283.6
516,0.973007,,148,,283.6
517,0.97517,,148,,283.6
518,0.97732,,148.6,,283.56
519,0.97947,,149.2,,283.52
520,0.98162,,149.8,,283.48
521,0.98377,,150.4,,283.44
522,0.98592,,151,,283.4
523,0.98809,,148,,283.4
524,0.990203,,148.5,,283.4
525,0.992317,,149,,283.4
526,0.99443,,149.5,,283.4
527,0.996543,,150,,283.4
528,0.998657,,150.5,,283.4
529,1.00077,,151,,283.4
530,1.00285,,150.667,,283.4
531,1.00493,,150.333,,283.4
532,1.00701,,150,,283.4
533,1.0091,,149.667,,283.4
534,1.01118,,149.333,,283.4
535,1.01326,,149,,283.4
536,1.01521,,149,,283.433
537,1.01716,,149,,283.467
538,1.01911,,149,,283.5
539,1.02105,,149,,283.533
540,1.023,,149,,283.567
541,1.02495,,149,,283.6
542,1.02679,,149.167,,283.633
543,1.02863,,149.333,,283.667
544,1.03047,,149.5,,283.7
545,1.03231,,149.667,,283.733
546,1.03415,,149.833,,283.767
547,1.03599,,150,,283.8
548,1.03798,,150,,283.833
549,1.03997,,150,,283.867
550,1.04195,,150,,283.9
551,1.04394,,150,,283.933
552,1.04593,,150,,283.967
553,1.04792,,150,,284
554,1.05003,,150.167,,284.033
555,1.05213,,150.333,,284.067
556,1.05424,,150.5,,284.1
557,1.05634,,150.667,,284.133
558,1.05845,,150.833,,284.167
559,1.06055,,151,,284.2
560,1.06246,,150.833,,284.233
561,1.06437,,150.667,,284.267
562,1.06628,,150.5,,284.3
563,1.0682,,150.333,,284.333
564,1.07011,,150.167,,284.367
565,1.07202,,150,,284.4
566,1.07364,,150,,284.6
567,1.07542,,150.6,,284.68
568,1.07721,,151.2,,284.76
569,1.07899,,151.8,,284.84
570,1.08078,,152.4,,284.92
571,1.08256,,153,,285
572,1.08455,,153,,285.033
573,1.08653,,153,,285.067
574,1.08852,,153,,285.1
575,1.09051,,153,,285.133
576,1.09249,,153,,285.167
577,1.09448,,153,,285.2
578,1.09635,,153.5,,285.3
579,1.09822,,154,,285.4
580,1.1001,,154.5,,285.5
581,1.10197,,155,,285.6
582,1.10405,,154,,285.6
583,1.10612,,153,,285.6
584,1.1082,,152,,285.6
585,1.11015,,153.333,,285.667
586,1.11209,,154.667,,285.733
587,1.11404,,156,,285.8
588,1.11569,,156.333,,285.867
589,1.11733,,156.667,,285.933
590,1.11898,,157,,286
591,1.12063,,157.333,,286.067
592,1.12227,,157.667,,286.133
593,1.12392,,158,,286.2
594,1.12591,,157.833,,286.267
595,1.12789,,157.667,,286.333
596,1.12988,,157.5,,286.4
597,1.13186,,157.333,,286.467
598,1.13385,,157.167,,286.533
599,1.13583,,157,,286.6
600,1.13755,,157,,286.6
601,1.13926,,157,,286.6
602,1.14098,,157,,286.6
603,1.14263,,157.167,,286.633
604,1.14429,,157.333,,286.667
605,1.14594,,157.5,,286.7
606,1.1476,,157.667,,286.733
607,1.14925,,157.833,,286.767
608,1.15091,,158,,286.8
609,1.15258,,157.25,,286.85
610,1.15425,,156.5,,286.9
611,1.15592,,155.75,,286.95
612,1.15759,,155,,287
613,1.1595,,155.333,,287.033
614,1.16142,,155.667,,287.067
615,1.16333,,156,,287.1
616,1.16524,,156.333,,287.133
617,1.16716,,156.667,,287.167
618,1.16907,,157,,287.2
619,1.17079,,157.167,,287.267
620,1.17251,,157.333,,287.333
621,1.17424,,157.5,,287.4
622,1.17596,,157.667,,287.467
623,1.17768,,157.833,,287.533
624,1.1794,,158,,287.6
625,1.18123,,157.333,,287.667
626,1.18306,,156.667,,287.733
627,1.18489,,156,,287.8
628,1.18687,,156.167,,287.833
629,1.18885,,156.333,,287.867
630,1.19083,,156.5,,287.9
631,1.19281,,156.667,,287.933
632,1.19479,,156.833,,287.967
633,1.19677,,157,,288
634,1.19886,,157,,288.067
635,1.20095,,157,,288.133
636,1.20304,,157,,288.2
637,1.20495,,157.167,,288.233
638,1.20685,,157.333,,288.267
639,1.20876,,157.5,,288.3
640,1.21067,,157.667,,288.333
641,1.21257,,157.833,,288.367
642,1.21448,,158,,288.4
643,1.21666,,158.333,,288.433
644,1.21884,,158.667,,288.467
645,1.22101,,159,,288.5
646,1.22319,,159.333,,288.533
647,1.22537,,159.667,,288.567
648,1.22755,,160,,288.6
649,1.22951,,159,,288.8
650,1.23158,,159.333,,288.833
651,1.23365,,159.667,,288.867
652,1.23572,,160,,288.9
653,1.2378,,160.333,,288.933
654,1.23987,,160.667,,288.967
655,1.24194,,161,,289
656,1.24397,,160.25,,288.95
657,1.246,,159.5,,288.9
658,1.24803,,158.75,,288.85
659,1.25006,,158,,288.8
660,1.25194,,158.6,,288.84
661,1.25382,,159.2,,288.88
662,1.25569,,159.8,,288.92
663,1.25757,,160.4,,288.96
664,1.25945,,161,,289
665,1.2616,,161,,289.067
666,1.26374,,161,,289.133
667,1.26589,,161,,289.2
668,1.26803,,161,,289.267
669,1.27018,,161,,289.333
670,1.27232,,161,,289.4
671,1.27453,,160.667,,289.367
672,1.27674,,160.333,,289.333
673,1.27896,,160,,289.3
674,1.28117,,159.667,,289.267
675,1.28338,,159.333,,289.233
676,1.28559,,159,,289.2
677,1.28783,,159,,289.2
678,1.29006,,159,,289.2
679,1.2923,,159,,289.2
680,1.29454,,159,,289.2
681,1.29677,,159,,289.2
682,1.29901,,159,,289.2
683,1.30114,,158.833,,289.233
684,1.30327,,158.667,,289.267
685,1.30539,,158.5,,289.3
686,1.30752,,158.333,,289.333
687,1.30965,,158.167,,289.367
688,1.31178,,158,,289.4
689,1.31407,,157.833,,289.433
690,1.31637,,157.667,,289.467
691,1.31866,,157.5,,289.5
692,1.32095,,157.333,,289.533
693,1.32325,,157.167,,289.567
694,1.32554,,157,,289.6
695,1.32763,,157.75,,289.6
696,1.32972,,158.5,,289.6
697,1.33182,,159.25,,289.6
698,1.33391,,160,,289.6
699,1.33553,,160,,289.6
700,1.33714,,160,,289.6
701,1.33876,,160,,289.6
702,1.34038,,160,,289.6
703,1.34199,,160,,289.6
704,1.34361,,160,,289.6
705,1.34544,,160,,289.6
706,1.34728,,160,,289.6
707,1.34911,,160,,289.6
708,1.35095,,160,,289.6
709,1.35278,,160,,289.6
710,1.35462,,160,,289.6
711,1.3565,,160,,289.567
712,1.35839,,160,,289.533
713,1.36027,,160,,289.5
714,1.36216,,160,,289.467
715,1.36405,,160,,289.433
716,1.36593,,160,,289.4
717,1.3679,,160.75,,289.4
718,1.36987,,161.5,,289.4
719,1.37183,,162.25,,289.4
720,1.3738,,163,,289.4
721,1.37605,,162.667,,289.4
722,1.37829,,162.333,,289.4
723,1.38054,,162,,289.4
724,1.38279,,161.667,,289.4
725,1.38503,,161.333,,289.4
726,1.38728,,161,,289.4
727,1.38974,,161.167,,289.367
728,1.3922,,161.333,,289.333
729,1.39466,,161.5,,289.3
730,1.39713,,161.667,,289.267
731,1.39959,,161.833,,289.233
732,1.40205,,162,,289.2
733,1.40436,,162.167,,289.2
734,1.40666,,162.333,,289.2
735,1.40896,,162.5,,289.2
736,1.41127,,162.667,,289.2
737,1.41357,,162.833,,289.2
738,1.41588,,163,,289.2
739,1.41795,,162.833,,289.2
740,1.42003,,162.667,,289.2
741,1.4221,,162.5,,289.2
742,1.42417,,162.333,,289.2
743,1.42625,,162.167,,289.2
744,1.42832,,162,,289.2
745,1.43028,,162.167,,289.133
746,1.43223,,162.333,,289.067
747,1.43419,,162.5,,289
748,1.43615,,162.667,,288.933
749,1.4381,,162.833,,288.867
750,1.44006,,163,,288.8
751,1.4421,,163,,288.8
752,1.44413,,163,,288.8
753,1.44616,,163,,288.8
754,1.4482,,163,,288.8
755,1.45023,,163,,288.8
756,1.45227,,163,,288.8
757,1.45435,,162.4,,288.76
758,1.45644,,161.8,,288.72
759,1.45852,,161.2,,288.68
760,1.46061,,160.6,,288.64
761,1.46269,,160,,288.6
762,1.4647,,160.167,,288.567
763,1.4667,,160.333,,288.533
764,1.46871,,160.5,,288.5
765,1.47071,,160.667,,288.467
766,1.47272,,160.833,,288.433
767,1.47472,,161,,288.4
768,1.47693,,160.5,,288.433
769,1.47913,,160,,288.467
770,1.48134,,159.5,,288.5
771,1.48355,,159,,288.533
772,1.48575,,158.5,,288.567
773,1.48796,,158,,288.6
774,1.4901,,158.167,,288.567
775,1.49224,,158.333,,288.533
776,1.49438,,158.5,,288.5
777,1.49652,,158.667,,288.467
778,1.49866,,158.833,,288.433
779,1.5008,,159,,288.4
780,1.50314,,159.333,,288.367
781,1.50547,,159.667,,288.333
782,1.50781,,160,,288.3
783,1.51014,,160.333,,288.267
784,1.51248,,160.667,,288.233
785,1.51481,,161,,288.2
786,1.51699,,160.667,,288.2
787,1.51916,,160.333,,288.2
788,1.52134,,160,,288.2
789,1.52352,,159.667,,288.2
790,1.52569,,159.333,,288.2
791,1.52787,,159,,288.2
792,1.53045,,160.5,,288.2
793,1.53304,,162,,288.2
794,1.53556,,162,,288
795,1.53808,,162,,287.8
796,1.5406,,162,,287.6
797,1.54299,,162,,287.533
798,1.54537,,162,,287.467
799,1.54776,,162,,287.4
800,1.55014,,162,,287.333
801,1.55253,,162,,287.267
802,1.55491,,162,,287.2
803,1.55711,,162.167,,287.167
804,1.55931,,162.333,,287.133
805,1.56151,,162.5,,287.1
806,1.56371,,162.667,,287.067
807,1.56591,,162.833,,287.033
808,1.56811,,163,,287
809,1.57036,,163,,286.92
810,1.5726,,163,,286.84
811,1.57485,,163,,286.76
812,1.57709,,163,,286.68
813,1.57934,,163,,286.6
814,1.58074,,162,,286.4
815,1.58213,,161,,286.2
816,1.58353,,160,,286
817,1.58402,,158.5,,286
818,1.58451,,157,,286
819,1.58599,,157.75,,286.15
820,1.58747,,158.5,,286.3
821,1.58896,,159.25,,286.45
822,1.59044,,160,,286.6
823,1.59206,,160.167,,286.6
824,1.59369,,160.333,,286.6
825,1.59531,,160.5,,286.6
826,1.59693,,160.667,,286.6
827,1.59856,,160.833,,286.6
828,1.60018,,161,,286.6
829,1.60224,,161.167,,286.667
830,1.60429,,161.333,,286.733
831,1.60635,,161.5,,286.8
832,1.60841,,161.667,,286.867
833,1.61046,,161.833,,286.933
834,1.61252,,162,,287
835,1.61492,,162.333,,287.033
836,1.61733,,162.667,,287.067
837,1.61973,,163,,287.1
838,1.62213,,163.333,,287.133
839,1.62454,,163.667,,287.167
840,1.62694,,164,,287.2
841,1.62915,,164.333,,287.2
842,1.63137,,164.667,,287.2
843,1.63358,,165,,287.2
844,1.63579,,165.333,,287.2
845,1.63801,,165.667,,287.2
846,1.64022,,166,,287.2
847,1.64209,,165.833,,287.2
848,1.64396,,165.667,,287.2
849,1.64583,,165.5,,287.2
850,1.64769,,165.333,,287.2
851,1.64956,,165.167,,287.2
852,1.65143,,165,,287.2
853,1.65318,,164.5,,287.2
854,1.65494,,164,,287.2
855,1.65669,,163.5,,287.2
856,1.65844,,163,,287.2
857,1.6602,,162.5,,287.2
858,1.66195,,162,,287.2
859,1.66389,,163,,287.333
860,1.66582,,164,,287.467
861,1.66776,,165,,287.6
862,1.66968,,165.167,,287.633
863,1.6716,,165.333,,287.667
864,1.67352,,165.5,,287.7
865,1.67544,,165.667,,287.733
866,1.67736,,165.833,,287.767
867,1.67928,,166,,287.8
868,1.68135,,165.833,,287.833
869,1.68343,,165.667,,287.867
870,1.6855,,165.5,,287.9
871,1.68758,,165.333,,287.933
872,1.68965,,165.167,,287.967
873,1.69173,,165,,288
874,1.69374,,165.167,,288.033
875,1.69575,,165.333,,288.067
876,1.69776,,165.5,,288.1
877,1.69977,,165.667,,288.133
878,1.70178,,165.833,,288.167
879,1.70379,,166,,288.2
880,1.70576,,166.333,,288.233
881,1.70772,,166.667,,288.267
882,1.70969,,167,,288.3
883,1.71165,,167.333,,288.333
884,1.71362,,167.667,,288.367
885,1.71558,,168,,288.4
886,1.71783,,167.4,,288.48
887,1.72008,,166.8,,288.56
888,1.72232,,166.2,,288.64
889,1.72457,,165.6,,288.72
890,1.72682,,165,,288.8
891,1.72926,,165.25,,288.85
892,1.7317,,165.5,,288.9
893,1.73414,,165.75,,288.95
894,1.73658,,166,,289
895,1.73866,,165.667,,289.033
896,1.74074,,165.333,,289.067
897,1.74282,,165,,289.1
898,1.74489,,164.667,,289.133
899,1.74697,,164.333,,289.167
900,1.74905,,164,,289.2
901,1.75102,,164.333,,289.233
902,1.75299,,164.667,,289.267
903,1.75495,,165,,289.3
904,1.75692,,165.333,,289.333
905,1.75889,,165.667,,289.367
906,1.76086,,166,,289.4
907,1.76279,,166.75,,289.5
908,1.76472,,167.5,,289.6
909,1.76665,,168.25,,289.7
910,1.76858,,169,,289.8
911,1.7704,,169,,290.2
912,1.77247,,169.167,,290.267
913,1.77455,,169.333,,290.333
914,1.77662,,169.5,,290.4
915,1.77869,,169.667,,290.467
916,1.78077,,169.833,,290.533
917,1.78284,,170,,290.6
918,1.78489,,170.6,,290.68
919,1.78694,,171.2,,290.76
920,1.78899,,171.8,,290.84
921,1.79104,,172.4,,290.92
922,1.79309,,173,,291
923,1.79502,,173,,291.2
924,1.79701,,173.167,,291.267
925,1.799,,173.333,,291.333
926,1.80099,,173.5,,291.4
927,1.80298,,173.667,,291.467
928,1.80497,,173.833,,291.533
929,1.80696,,174,,291.6
930,1.80901,,174.2,,291.72
931,1.81106,,174.4,,291.84
932,1.8131,,174.6,,291.96
933,1.81515,,174.8,,292.08
934,1.8172,,175,,292.2
935,1.81936,,174.667,,292.333
936,1.82152,,174.333,,292.467
937,1.82368,,174,,292.6
938,1.82584,,173.667,,292.733
939,1.828,,173.333,,292.867
940,1.83016,,173,,293
941,1.83244,,173.333,,293.067
942,1.83472,,173.667,,293.133
943,1.837,,174,,293.2
944,1.83894,,174,,293.3
945,1.84089,,174,,293.4
946,1.84287,,174,,293.433
947,1.84485,,174,,293.467
948,1.84682,,174,,293.5
949,1.8488,,174,,293.533
950,1.85078,,174,,293.567
951,1.85276,,174,,293.6
952,1.85485,,174.333,,293.6
953,1.85694,,174.667,,293.6
954,1.85903,,175,,293.6
955,1.86113,,175.333,,293.6
956,1.86322,,175.667,,293.6
957,1.86531,,176,,293.6
958,1.86717,,175.25,,293.65
959,1.86903,,174.5,,293.7
960,1.8709,,173.75,,293.75
961,1.87276,,173,,293.8
962,1.87481,,174.5,,293.8
963,1.87685,,176,,293.8
964,1.87881,,175,,293.8
965,1.88077,,174,,293.8
966,1.88273,,173,,293.8
967,1.88441,,173,,293.833
968,1.88609,,173,,293.867
969,1.88776,,173,,293.9
970,1.88944,,173,,293.933
971,1.89112,,173,,293.967
972,1.8928,,173,,294
973,1.89491,,172.833,,294.033
974,1.89702,,172.667,,294.067
975,1.89913,,172.5,,294.1
976,1.90123,,172.333,,294.133
977,1.90334,,172.167,,294.167
978,1.90545,,172,,294.2
979,1.90781,,170,,294.4
980,1.91009,,170.167,,294.433
981,1.91238,,170.333,,294.467
982,1.91466,,170.5,,294.5
983,1.91694,,170.667,,294.533
984,1.91923,,170.833,,294.567
985,1.92151,,171,,294.6
986,1.92343,,170.667,,294.667
987,1.92535,,170.333,,294.733
988,1.92726,,170,,294.8
989,1.92918,,169.667,,294.867
990,1.9311,,169.333,,294.933
991,1.93302,,169,,295
992,1.93482,,169,,295.12
993,1.93662,,169,,295.24
994,1.93842,,169,,295.36
995,1.94022,,169,,295.48
996,1.94202,,169,,295.6
997,1.94446,,169,,295.633
998,1.94689,,169,,295.667
999,1.94933,,169,,295.7
1000,1.95177,,169,,295.733
1001,1.9542,,169,,295.767
1002,1.95664,,169,,295.8
1003,1.95865,,168.833,,295.8
1004,1.96066,,168.667,,295.8
1005,1.96266,,168.5,,295.8
1006,1.96467,,168.333,,295.8
1007,1.96668,,168.167,,295.8
1008,1.96869,,168,,295.8
1009,1.97062,,166.5,,295.9
1010,1.97254,,165,,296
1011,1.97441,,165,,296.067
1012,1.97629,,165,,296.133
1013,1.97816,,165,,296.2
1014,1.98004,,165,,296.267
1015,1.98191,,165,,296.333
1016,1.98379,,165,,296.4
1017,1.98576,,165,,296.433
1018,1.98774,,165,,296.467
1019,1.98971,,165,,296.5
1020,1.99168,,165,,296.533
1021,1.99366,,165,,296.567
1022,1.99563,,165,,296.6
1023,1.99763,,165,,296.8
1024,1.99963,,165,,297
1025,2.0019,,165.167,,297.033
1026,2.00418,,165.333,,297.067
1027,2.00645,,165.5,,297.1
1028,2.00873,,165.667,,297.133
1029,2.011,,165.833,,297.167
1030,2.01328,,166,,297.2
1031,2.01553,,166.333,,297.267
1032,2.01778,,166.667,,297.333
1033,2.02003,,167,,297.4
1034,2.02228,,167.333,,297.467
1035,2.02453,,167.667,,297.533
1036,2.02678,,168,,297.6
1037,2.0291,,168.333,,297.667
1038,2.03141,,168.667,,297.733
1039,2.03373,,169,,297.8
1040,2.03605,,169.333,,297.867
1041,2.03836,,169.667,,297.933
1042,2.04068,,170,,298
1043,2.04273,,170,,298.033
1044,2.04478,,170,,298.067
1045,2.04682,,170,,298.1
1046,2.04887,,170,,298.133
1047,2.05092,,170,,298.167
1048,2.05297,,170,,298.2
1049,2.05484,,171,,298.2
1050,2.05671,,172,,298.2
1051,2.05859,,173,,298.2
1052,2.06046,,174,,298.2
1053,2.06264,,173.667,,298.2
1054,2.06482,,173.333,,298.2
1055,2.06699,,173,,298.2
1056,2.06917,,172.667,,298.2
1057,2.07135,,172.333,,298.2
1058,2.07353,,172,,298.2
1059,2.07579,,171.833,,298.267
1060,2.07804,,171.667,,298.333
1061,2.0803,,171.5,,298.4
1062,2.08256,,171.333,,298.467
1063,2.08481,,171.167,,298.533
1064,2.08707,,171,,298.6
1065,2.08919,,170.667,,298.633
1066,2.09131,,170.333,,298.667
1067,2.09343,,170,,298.7
1068,2.09554,,169.667,,298.733
1069,2.09766,,169.333,,298.767
1070,2.09978,,169,,298.8
1071,2.10189,,169,,298.833
1072,2.10401,,169,,298.867
1073,2.10612,,169,,298.9
1074,2.10823,,169,,298.933
1075,2.11035,,169,,298.967
1076,2.11246,,169,,299
1077,2.11461,,169.167,,299.033
1078,2.11676,,169.333,,299.067
1079,2.11891,,169.5,,299.1
1080,2.12107,,169.667,,299.133
1081,2.12322,,169.833,,299.167
1082,2.12537,,170,,299.2
1083,2.12756,,170,,299.233
1084,2.12974,,170,,299.267
1085,2.13193,,170,,299.3
1086,2.13412,,170,,299.333
1087,2.1363,,170,,299.367
1088,2.13849,,170,,299.4
1089,2.14044,,170,,299.4
1090,2.14239,,170,,299.4
1091,2.14433,,170,,299.4
1092,2.14628,,170,,299.4
1093,2.14823,,170,,299.4
1094,2.15018,,170,,299.4
1095,2.15229,,170,,299.5
1096,2.1544,,170,,299.6
1097,2.15651,,170,,299.7
1098,2.15862,,170,,299.8
1099,2.16089,,167,,299.8
1100,2.16322,,167.333,,299.767
1101,2.16555,,167.667,,299.733
1102,2.16788,,168,,299.7
1103,2.1702,,168.333,,299.667
1104,2.17253,,168.667,,299.633
1105,2.17486,,169,,299.6
1106,2.17725,,168.667,,299.7
1107,2.17965,,168.333,,299.8
1108,2.18204,,168,,299.9
1109,2.18443,,167.667,,300
1110,2.18683,,167.333,,300.1
1111,2.18922,,167,,300.2
1112,2.19145,,167.333,,300.1
1113,2.19368,,167.667,,300
1114,2.1959,,168,,299.9
1115,2.19813,,168.333,,299.8
1116,2.20036,,168.667,,299.7
1117,2.20259,,169,,299.6
1118,2.20504,,168,,299.4
1119,2.20749,,167,,299.2
1120,2.20994,,166,,299
1121,2.21245,,166,,298.6
1122,2.21503,,166.75,,298.35
1123,2.21761,,167.5,,298.1
1124,2.2202,,168.25,,297.85
1125,2.22278,,169,,297.6
1126,2.22554,,169.333,,297.5
1127,2.22829,,169.667,,297.4
1128,2.23105,,170,,297.3
1129,2.23381,,170.333,,297.2
1130,2.23656,,170.667,,297.1
1131,2.23932,,171,,297
1132,2.24169,,170.833,,296.933
1133,2.24406,,170.667,,296.867
1134,2.24644,,170.5,,296.8
1135,2.24881,,170.333,,296.733
1136,2.25118,,170.167,,296.667
1137,2.25355,,170,,296.6
1138,2.25627,,170,,296.6
1139,2.25902,,170.167,,296.533
1140,2.26177,,170.333,,296.467
1141,2.26451,,170.5,,296.4
1142,2.26726,,170.667,,296.333
1143,2.27001,,170.833,,296.267
1144,2.27276,,171,,296.2
1145,2.27551,,172,,296.067
1146,2.27825,,173,,295.933
1147,2.281,,174,,295.8
1148,2.28335,,173.25,,295.75
1149,2.28571,,172.5,,295.7
1150,2.28806,,171.75,,295.65
1151,2.29042,,171,,295.6
1152,2.29282,,171,,295.4
1153,2.29554,,171.8,,295.32
1154,2.29825,,172.6,,295.24
1155,2.30097,,173.4,,295.16
1156,2.30368,,174.2,,295.08
1157,2.3064,,175,,295
1158,2.30914,,174.833,,294.9
1159,2.31189,,174.667,,294.8
1160,2.31463,,174.5,,294.7
1161,2.31737,,174.333,,294.6
1162,2.32012,,174.167,,294.5
1163,2.32286,,174,,294.4
1164,2.32544,,175,,294.4
1165,2.32805,,175,,294.267
1166,2.33066,,175,,294.133
1167,2.33327,,175,,294
1168,2.33589,,175,,293.867
1169,2.3385,,175,,293.733
1170,2.34111,,175,,293.6
1171,2.34358,,175.5,,293.4
1172,2.34604,,176,,293.2
1173,2.34862,,175.833,,293.067
1174,2.3512,,175.667,,292.933
1175,2.35378,,175.5,,292.8
1176,2.35636,,175.333,,292.667
1177,2.35894,,175.167,,292.533
1178,2.36152,,175,,292.4
1179,2.36452,,176,,292.2
1180,2.36731,,176,,292.133
1181,2.3701,,176,,292.067
1182,2.37289,,176,,292
1183,2.37569,,176,,291.933
1184,2.37848,,176,,291.867
1185,2.38127,,176,,291.8
1186,2.38403,,175.667,,291.6
1187,2.38678,,175.333,,291.4
1188,2.38954,,175,,291.2
1189,2.39147,,174.833,,291.067
1190,2.39339,,174.667,,290.933
1191,2.39532,,174.5,,290.8
1192,2.39725,,174.333,,290.667
1193,2.39917,,174.167,,290.533
1194,2.4011,,174,,290.4
1195,2.4032,,174.5,,290.3
1196,2.40529,,175,,290.2
1197,2.40782,,175,,290.033
1198,2.41035,,175,,289.867
1199,2.41287,,175,,289.7
1200,2.4154,,175,,289.533
1201,2.41793,,175,,289.367
1202,2.42046,,175,,289.2
1203,2.42237,,175,,288.8
1204,2.4248,,174.8,,288.6
1205,2.42723,,174.6,,288.4
1206,2.42966,,174.4,,288.2
1207,2.43209,,174.2,,288
1208,2.43452,,174,,287.8
1209,2.43717,,174,,287.6
1210,2.43982,,174,,287.4
1211,2.44247,,174,,287.2
1212,2.44513,,174,,287
1213,2.44778,,174,,286.8
1214,2.45043,,174,,286.6
1215,2.45312,,173.8,,286.4
1216,2.45581,,173.6,,286.2
1217,2.45851,,173.4,,286
1218,2.4612,,173.2,,285.8
1219,2.46389,,173,,285.6
1220,2.46627,,173.167,,285.433
1221,2.46865,,173.333,,285.267
1222,2.47103,,173.5,,285.1
1223,2.47342,,173.667,,284.933
1224,2.4758,,173.833,,284.767
1225,2.47818,,174,,284.6
1226,2.48077,,173.833,,284.433
1227,2.48337,,173.667,,284.267
1228,2.48596,,173.5,,284.1
1229,2.48855,,173.333,,283.933
1230,2.49115,,173.167,,283.767
1231,2.49374,,173,,283.6
1232,2.49626,,172.4,,283.44
1233,2.49878,,171.8,,283.28
1234,2.50131,,171.2,,283.12
1235,2.50383,,170.6,,282.96
1236,2.50635,,170,,282.8
1237,2.50912,,169,,282.6
1238,2.51188,,168,,282.4
1239,2.51476,,168.4,,282.2
1240,2.51765,,168.8,,282
1241,2.52053,,169.2,,281.8
1242,2.52342,,169.6,,281.6
1243,2.5263,,170,,281.4
1244,2.52904,,169,,281.2
1245,2.53178,,168,,281
1246,2.53452,,167,,280.8
1247,2.53749,,167,,280.6
1248,2.54046,,167,,280.4
1249,2.54332,,166.833,,280.233
1250,2.54619,,166.667,,280.067
1251,2.54906,,166.5,,279.9
1252,2.55192,,166.333,,279.733
1253,2.55479,,166.167,,279.567
1254,2.55765,,166,,279.4
1255,2.56063,,167,,279.2
1256,2.56357,,167,,279.067
1257,2.56651,,167,,278.933
1258,2.56945,,167,,278.8
1259,2.57239,,167,,278.667
1260,2.57533,,167,,278.533
1261,2.57827,,167,,278.4
1262,2.58096,,165.5,,278.3
1263,2.58364,,164,,278.2
1264,2.58623,,164,,278.2
1265,2.5889,,164.167,,278.133
1266,2.59158,,164.333,,278.067
1267,2.59425,,164.5,,278
1268,2.59692,,164.667,,277.933
1269,2.5996,,164.833,,277.867
1270,2.60227,,165,,277.8
1271,2.60467,,164.833,,277.7
1272,2.60708,,164.667,,277.6
1273,2.60948,,164.5,,277.5
1274,2.61188,,164.333,,277.4
1275,2.61429,,164.167,,277.3
1276,2.61669,,164,,277.2
1277,2.61893,,164,,277.2
1278,2.62112,,163.25,,277.1
1279,2.62331,,162.5,,277
1280,2.62551,,161.75,,276.9
1281,2.6277,,161,,276.8
1282,2.62975,,160.833,,276.667
1283,2.63181,,160.667,,276.533
1284,2.63386,,160.5,,276.4
1285,2.63591,,160.333,,276.267
1286,2.63797,,160.167,,276.133
1287,2.64002,,160,,276
1288,2.64226,,160,,275.9
1289,2.6445,,160,,275.8
1290,2.64674,,160,,275.7
1291,2.64898,,160,,275.6
1292,2.65122,,160,,275.5
1293,2.65346,,160,,275.4
1294,2.65587,,160,,275.333
1295,2.65828,,160,,275.267
1296,2.66069,,160,,275.2
1297,2.66311,,160,,275.133
1298,2.66552,,160,,275.067
1299,2.66793,,160,,275
1300,2.67022,,161.5,,275
1301,2.67252,,163,,275
1302,2.67497,,163,,274.8
1303,2.67735,,163.167,,274.8
1304,2.67974,,163.333,,274.8
1305,2.68212,,163.5,,274.8
1306,2.6845,,163.667,,274.8
1307,2.68689,,163.833,,274.8
1308,2.68927,,164,,274.8
1309,2.69144,,164,,274.8
1310,2.6936,,164,,274.8
1311,2.69577,,164,,274.8
1312,2.69794,,164,,274.8
1313,2.7001,,164,,274.8
1314,2.70227,,164,,274.8
1315,2.70421,,163.833,,274.867
1316,2.70615,,163.667,,274.933
1317,2.70809,,163.5,,275
1318,2.71002,,163.333,,275.067
1319,2.71196,,163.167,,275.133
1320,2.7139,,163,,275.2
1321,2.71601,,163.6,,275.24
1322,2.71811,,164.2,,275.28
1323,2.72022,,164.8,,275.32
1324,2.72232,,165.4,,275.36
1325,2.72443,,166,,275.4
1326,2.72629,,166.5,,275.433
1327,2.72816,,167,,275.467
1328,2.73002,,167.5,,275.5
1329,2.73189,,168,,275.533
1330,2.73376,,168.5,,275.567
1331,2.73562,,169,,275.6
1332,2.73745,,168.8,,275.68
1333,2.73928,,168.6,,275.76
1334,2.74112,,168.4,,275.84
1335,2.74295,,168.2,,275.92
1336,2.74478,,168,,276
1337,2.74664,,168,,276.067
1338,2.7485,,168,,276.133
1339,2.75036,,168,,276.2
1340,2.75223,,168,,276.267
1341,2.75409,,168,,276.333
1342,2.75595,,168,,276.4
1343,2.75768,,167.833,,276.433
1344,2.75942,,167.667,,276.467
1345,2.76115,,167.5,,276.5
1346,2.76288,,167.333,,276.533
1347,2.76462,,167.167,,276.567
1348,2.76635,,167,,276.6
1349,2.76815,,167.25,,276.7
1350,2.76994,,167.5,,276.8
1351,2.77174,,167.75,,276.9
1352,2.77353,,168,,277
1353,2.77539,,168,,277.067
1354,2.77725,,168,,277.133
1355,2.7791,,168,,277.2
1356,2.78096,,168,,277.267
1357,2.78282,,168,,277.333
1358,2.78468,,168,,277.4
1359,2.78651,,168,,277.6
1360,2.78835,,168,,277.8
1361,2.79018,,168,,278
1362,2.79213,,168,,278.033
1363,2.79408,,168,,278.067
1364,2.79602,,168,,278.1
1365,2.79797,,168,,278.133
1366,2.79992,,168,,278.167
1367,2.80187,,168,,278.2
1368,2.80374,,168.167,,278.233
1369,2.80561,,168.333,,278.267
1370,2.80749,,168.5,,278.3
1371,2.80936,,168.667,,278.333
1372,2.81123,,168.833,,278.367
1373,2.8131,,169,,278.4
1374,2.81512,,168.667,,278.467
1375,2.81714,,168.333,,278.533
1376,2.81916,,168,,278.6
1377,2.82118,,167.667,,278.667
1378,2.8232,,167.333,,278.733
1379,2.82522,,167,,278.8
1380,2.82705,,167,,278.8
1381,2.82888,,167,,278.8
1382,2.83071,,167,,278.8
1383,2.83254,,167,,278.8
1384,2.83437,,167,,278.8
1385,2.8362,,167,,278.8
1386,2.8382,,167,,278.867
1387,2.8402,,167,,278.933
1388,2.8422,,167,,279
1389,2.8439,,166.833,,279.067
1390,2.8456,,166.667,,279.133
1391,2.8473,,166.5,,279.2
1392,2.849,,166.333,,279.267
1393,2.8507,,166.167,,279.333
1394,2.8524,,166,,279.4
1395,2.85435,,166,,279.433
1396,2.8563,,166,,279.467
1397,2.85826,,166,,279.5
1398,2.86021,,166,,279.533
1399,2.86216,,166,,279.567
1400,2.86411,,166,,279.6
1401,2.86597,,167,,279.667
1402,2.86782,,168,,279.733
1403,2.86968,,169,,279.8
1404,2.87105,,168,,280
1405,2.87242,,167,,280.2
1406,2.87366,,167,,280.2
1407,2.87524,,167.167,,280.333
1408,2.87681,,167.333,,280.467
1409,2.87839,,167.5,,280.6
1410,2.87996,,167.667,,280.733
1411,2.88154,,167.833,,280.867
1412,2.88311,,168,,281
1413,2.88426,,168,,281.1
1414,2.8854,,168,,281.2
1415,2.88676,,168.5,,281.4
1416,2.88811,,169,,281.6
1417,2.88988,,169.167,,281.7
1418,2.89164,,169.333,,281.8
1419,2.8934,,169.5,,281.9
1420,2.89517,,169.667,,282
1421,2.89693,,169.833,,282.1
1422,2.8987,,170,,282.2
1423,2.9002,,170.167,,282.367
1424,2.9017,,170.333,,282.533
1425,2.9032,,170.5,,282.7
1426,2.90471,,170.667,,282.867
1427,2.90621,,170.833,,283.033
1428,2.90771,,171,,283.2
1429,2.90931,,171.333,,283.333
1430,2.91092,,171.667,,283.467
1431,2.91252,,172,,283.6
1432,2.91412,,172.333,,283.733
1433,2.91573,,172.667,,283.867
1434,2.91733,,173,,284
1435,2.91926,,173,,284.1
1436,2.92119,,173,,284.2
1437,2.92311,,173,,284.3
1438,2.92504,,173,,284.4
1439,2.92663,,173,,284.5
1440,2.92821,,173,,284.6
1441,2.9298,,173,,284.7
1442,2.93138,,173,,284.8
1443,2.93297,,173,,284.9
1444,2.93455,,173,,285
1445,2.93602,,173.25,,285.1
1446,2.93748,,173.5,,285.2
1447,2.93895,,173.75,,285.3
1448,2.94042,,174,,285.4
1449,2.94206,,174.167,,285.533
1450,2.9437,,174.333,,285.667
1451,2.94534,,174.5,,285.8
1452,2.94699,,174.667,,285.933
1453,2.94863,,174.833,,286.067
1454,2.95027,,175,,286.2
1455,2.95149,,175,,286.4
1456,2.95272,,175,,286.6
1457,2.95419,,175,,286.7
1458,2.95567,,175,,286.8
1459,2.95714,,175,,286.9
1460,2.95862,,175,,287
1461,2.9601,,175,,287.1
1462,2.96157,,175,,287.2
1463,2.96293,,175.333,,287.4
1464,2.96429,,175.667,,287.6
1465,2.96565,,176,,287.8
1466,2.96699,,176,,287.88
1467,2.96832,,176,,287.96
1468,2.96966,,176,,288.04
1469,2.97099,,176,,288.12
1470,2.97233,,176,,288.2
1471,2.97398,,176,,288.35
1472,2.97562,,176,,288.5
1473,2.97727,,176,,288.65
1474,2.97892,,176,,288.8
1475,2.98076,,175.833,,288.933
1476,2.98261,,175.667,,289.067
1477,2.98445,,175.5,,289.2
1478,2.98629,,175.333,,289.333
1479,2.98814,,175.167,,289.467
1480,2.98998,,175,,289.6
1481,2.9917,,175.333,,289.733
1482,2.99341,,175.667,,289.867
1483,2.99513,,176,,290
1484,2.99694,,175.667,,290.067
1485,2.99875,,175.333,,290.133
1486,3.00056,,175,,290.2
1487,3.00213,,175,,290.333
1488,3.00369,,175,,290.467
1489,3.00526,,175,,290.6
1490,3.00683,,175,,290.733
1491,3.00839,,175,,290.867
1492,3.00996,,175,,291
1493,3.01166,,175.333,,291.133
1494,3.01336,,175.667,,291.267
1495,3.01506,,176,,291.4
1496,3.01673,,176,,291.52
1497,3.0184,,176,,291.64
1498,3.02008,,176,,291.76
1499,3.02175,,176,,291.88
1500,3.02342,,176,,292
1501,3.02471,,175.833,,292.133
1502,3.026,,175.667,,292.267
1503,3.02729,,175.5,,292.4
1504,3.02859,,175.333,,292.533
1505,3.02988,,175.167,,292.667
1506,3.03117,,175,,292.8
1507,3.03234,,175,,292.88
1508,3.03351,,175,,292.96
1509,3.03467,,175,,293.04
1510,3.03584,,175,,293.12
1511,3.03701,,175,,293.2
1512,3.0385,,175.167,,293.3
1513,3.03999,,175.333,,293.4
1514,3.04148,,175.5,,293.5
1515,3.04297,,175.667,,293.6
1516,3.04446,,175.833,,293.7
1517,3.04595,,176,,293.8
1518,3.04735,,176,,293.933
1519,3.04875,,176,,294.067
1520,3.05015,,176,,294.2
1521,3.05109,,175.833,,294.233
1522,3.05202,,175.667,,294.267
1523,3.05296,,175.5,,294.3
1524,3.05389,,175.333,,294.333
1525,3.05482,,175.167,,294.367
1526,3.05576,,175,,294.4
1527,3.05717,,174,,294.6
1582,3.05717,,173,,299.4
1583,3.05888,,173,,299.64
1584,3.06059,,173,,299.88
1585,3.06229,,173,,300.12
1586,3.064,,173,,300.36
1587,3.06571,,173,,300.6
1588,3.06755,,172.833,,300.667
1589,3.0694,,172.667,,300.733
1590,3.07124,,172.5,,300.8
1591,3.07309,,172.333,,300.867
1592,3.07493,,172.167,,300.933
1593,3.07678,,172,,301
1594,3.07829,,171.667,,301.033
1595,3.07981,,171.333,,301.067
1596,3.08132,,171,,301.1
1597,3.08283,,170.667,,301.133
1598,3.08435,,170.333,,301.167
1599,3.08586,,170,,301.2
1600,3.08711,,170,,301.6
1601,3.08891,,170.5,,301.7
1602,3.09072,,171,,301.8
1603,3.09215,,171.167,,301.867
1604,3.09359,,171.333,,301.933
1605,3.09502,,171.5,,302
1606,3.09646,,171.667,,302.067
1607,3.0979,,171.833,,302.133
1608,3.09933,,172,,302.2
1609,3.10096,,172,,302.267
1610,3.10258,,172,,302.333
1611,3.10421,,172,,302.4
1612,3.10583,,172,,302.467
1613,3.10746,,172,,302.533
1614,3.10908,,172,,302.6
1615,3.11041,,171.75,,302.65
1616,3.11173,,171.5,,302.7
1617,3.11306,,171.25,,302.75
1618,3.11438,,171,,302.8
1619,3.11575,,171,,302.933
1620,3.11711,,171,,303.067
1621,3.11848,,171,,303.2
1622,3.11985,,171,,303.333
1623,3.12121,,171,,303.467
1624,3.12258,,171,,303.6
1625,3.12394,,171.5,,303.65
1626,3.1253,,172,,303.7
1627,3.12666,,172.5,,303.75
1628,3.12802,,173,,303.8
1629,3.12977,,173.167,,303.933
1630,3.13151,,173.333,,304.067
1631,3.13326,,173.5,,304.2
1632,3.13501,,173.667,,304.333
1633,3.13675,,173.833,,304.467
1634,3.1385,,174,,304.6
1635,3.14005,,174.167,,304.633
1636,3.1416,,174.333,,304.667
1637,3.14315,,174.5,,304.7
1638,3.14471,,174.667,,304.733
1639,3.14626,,174.833,,304.767
1640,3.14781,,175,,304.8
1641,3.14938,,175,,305
1642,3.15078,,174.667,,305.033
1643,3.15218,,174.333,,305.067
1644,3.15359,,174,,305.1
1645,3.15499,,173.667,,305.133
1646,3.15639,,173.333,,305.167
1647,3.15779,,173,,305.2
1648,3.15938,,173,,305.3
1649,3.16097,,173,,305.4
1650,3.16256,,173,,305.5
1651,3.16415,,173,,305.6
1652,3.16574,,173,,305.7
1653,3.16733,,173,,305.8
1654,3.16934,,173,,305.9
1655,3.17135,,173,,306
1656,3.17312,,173.167,,306.033
1657,3.17488,,173.333,,306.067
1658,3.17665,,173.5,,306.1
1659,3.17842,,173.667,,306.133
1660,3.18018,,173.833,,306.167
1661,3.18195,,174,,306.2
1662,3.18361,,174.25,,306.35
1663,3.18528,,174.5,,306.5
1664,3.18695,,174.75,,306.65
1665,3.18861,,175,,306.8
1666,3.19052,,175.167,,306.8
1667,3.19244,,175.333,,306.8
1668,3.19435,,175.5,,306.8
1669,3.19626,,175.667,,306.8
1670,3.19818,,175.833,,306.8
1671,3.20009,,176,,306.8
1672,3.20184,,176.333,,306.867
1673,3.2036,,176.667,,306.933
1674,3.20535,,177,,307
1675,3.20658,,176.667,,307.133
1676,3.2078,,176.333,,307.267
1677,3.20903,,176,,307.4
1678,3.21061,,176.25,,307.5
1679,3.21219,,176.5,,307.6
1680,3.21377,,176.75,,307.7
1681,3.21535,,177,,307.8
1682,3.21708,,177.167,,307.833
1683,3.2188,,177.333,,307.867
1684,3.22052,,177.5,,307.9
1685,3.22225,,177.667,,307.933
1686,3.22397,,177.833,,307.967
1687,3.2257,,178,,308
1688,3.22794,,178,,308.1
1689,3.23019,,178,,308.2
1690,3.23143,,177.75,,308.3
1691,3.23268,,177.5,,308.4
1692,3.23392,,177.25,,308.5
1693,3.23516,,177,,308.6
1694,3.23659,,177,,308.72
1695,3.23802,,177,,308.84
1696,3.23946,,177,,308.96
1697,3.24089,,177,,309.08
1698,3.24232,,177,,309.2
1699,3.24335,,176.667,,309.267
1700,3.24439,,176.333,,309.333
1701,3.24542,,176,,309.4
1702,3.24659,,176,,309.6
1703,3.2478,,175.833,,309.667
1704,3.24901,,175.667,,309.733
1705,3.25022,,175.5,,309.8
1706,3.25143,,175.333,,309.867
1707,3.25264,,175.167,,309.933
1708,3.25385,,175,,310
1709,3.25536,,174.5,,309.967
1710,3.25687,,174,,309.933
1711,3.25838,,173.5,,309.9
1712,3.25988,,173,,309.867
1713,3.26139,,172.5,,309.833
1714,3.2629,,172,,309.8
1715,3.26413,,171,,309.8
1716,3.26495,,170.5,,309.8
1717,3.26577,,170,,309.8
1718,3.2666,,170,,309.85
1719,3.26744,,170,,309.9
1720,3.26827,,170,,309.95
1721,3.2691,,170,,310
1722,3.26978,,171,,310
1756,3.26978,,156,,310
1757,3.27106,,156,,310
1758,3.27287,,155.667,,309.967
1759,3.27468,,155.333,,309.933
1760,3.27649,,155,,309.9
1761,3.2783,,154.667,,309.867
1762,3.28011,,154.333,,309.833
1763,3.28192,,154,,309.8
1764,3.28396,,154,,309.733
1765,3.286,,154,,309.667
1766,3.28803,,154,,309.6
1767,3.29007,,154,,309.533
1768,3.29211,,154,,309.467
1769,3.29415,,154,,309.4
1770,3.29627,,154.333,,309.233
1771,3.29839,,154.667,,309.067
1772,3.30051,,155,,308.9
1773,3.30262,,155.333,,308.733
1774,3.30474,,155.667,,308.567
1775,3.30686,,156,,308.4
1776,3.30904,,156.5,,308.3
1777,3.31122,,157,,308.2
1778,3.31336,,157.333,,308.133
1779,3.3155,,157.667,,308.067
1780,3.31764,,158,,308
1781,3.31978,,158.333,,307.933
1782,3.32192,,158.667,,307.867
1783,3.32406,,159,,307.8
1784,3.32629,,158.667,,307.733
1785,3.32853,,158.333,,307.667
1786,3.33076,,158,,307.6
1787,3.33299,,157.667,,307.533
1788,3.33523,,157.333,,307.467
1789,3.33746,,157,,307.4
1790,3.33968,,157,,307.3
1791,3.3419,,157,,307.2
1792,3.34412,,157,,307.1
1793,3.34634,,157,,307
1794,3.34868,,157,,306.967
1795,3.35101,,157,,306.933
1796,3.35335,,157,,306.9
1797,3.35568,,157,,306.867
1798,3.35802,,157,,306.833
1799,3.36035,,157,,306.8
1800,3.36285,,157.333,,306.7
1801,3.36534,,157.667,,306.6
1802,3.36784,,158,,306.5
1803,3.37034,,158.333,,306.4
1804,3.37283,,158.667,,306.3
1805,3.37533,,159,,306.2
1806,3.37759,,160,,306
1807,3.37982,,159.833,,305.9
1808,3.38204,,159.667,,305.8
1809,3.38426,,159.5,,305.7
1810,3.38649,,159.333,,305.6
1811,3.38871,,159.167,,305.5
1812,3.39094,,159,,305.4
1813,3.39322,,159.333,,305.367
1814,3.3955,,159.667,,305.333
1815,3.39778,,160,,305.3
1816,3.40006,,160.333,,305.267
1817,3.40234,,160.667,,305.233
1818,3.40462,,161,,305.2
1819,3.40714,,160,,304.8
1820,3.4096,,160,,304.7
1821,3.41206,,160,,304.6
1822,3.41452,,160,,304.5
1823,3.41698,,160,,304.4
1824,3.41944,,160,,304.3
1825,3.4219,,160,,304.2
1826,3.42439,,160,,304.1
1827,3.42687,,160,,304
1828,3.42936,,160,,303.9
1829,3.43184,,160,,303.8
1830,3.43421,,160.167,,303.767
1831,3.43657,,160.333,,303.733
1832,3.43894,,160.5,,303.7
1833,3.4413,,160.667,,303.667
1834,3.44366,,160.833,,303.633
1835,3.44603,,161,,303.6
1836,3.44822,,161.75,,303.5
1837,3.45041,,162.5,,303.4
1838,3.4526,,163.25,,303.3
1839,3.45479,,164,,303.2
1840,3.45704,,164.167,,303.133
1841,3.45929,,164.333,,303.067
1842,3.46153,,164.5,,303
1843,3.46378,,164.667,,302.933
1844,3.46603,,164.833,,302.867
1845,3.46828,,165,,302.8
1846,3.4706,,164.667,,302.767
1847,3.47292,,164.333,,302.733
1848,3.47524,,164,,302.7
1849,3.47757,,163.667,,302.667
1850,3.47989,,163.333,,302.633
1851,3.48221,,163,,302.6
1852,3.48439,,163.333,,302.6
1853,3.48658,,163.667,,302.6
1854,3.48876,,164,,302.6
1855,3.49095,,164.333,,302.6
1856,3.49314,,164.667,,302.6
1857,3.49532,,165,,302.6
1858,3.49766,,165.6,,302.64
1859,3.5,,166.2,,302.68
1860,3.50234,,166.8,,302.72
1861,3.50468,,167.4,,302.76
1862,3.50702,,168,,302.8
1863,3.50933,,167.4,,302.76
1864,3.51165,,166.8,,302.72
1865,3.51396,,166.2,,302.68
1866,3.51628,,165.6,,302.64
1867,3.51859,,165,,302.6
1868,3.52085,,165.333,,302.567
1869,3.52312,,165.667,,302.533
1870,3.52538,,166,,302.5
1871,3.52764,,166.333,,302.467
1872,3.52991,,166.667,,302.433
1873,3.53217,,167,,302.4
1874,3.53418,,166.833,,302.4
1875,3.53619,,166.667,,302.4
1876,3.53819,,166.5,,302.4
1877,3.5402,,166.333,,302.4
1878,3.54221,,166.167,,302.4
1879,3.54422,,166,,302.4
1880,3.54604,,166.4,,302.36
1881,3.54786,,166.8,,302.32
1882,3.54969,,167.2,,302.28
1883,3.55151,,167.6,,302.24
1884,3.55333,,168,,302.2
1885,3.55519,,168,,302.267
1886,3.55704,,168,,302.333
1887,3.5589,,168,,302.4
1888,3.56076,,168,,302.467
1889,3.56261,,168,,302.533
1890,3.56447,,168,,302.6
1891,3.56634,,168,,302.7
1892,3.56821,,168,,302.8
1893,3.57008,,168,,302.9
1894,3.57195,,168,,303
1895,3.57382,,168,,303.1
1896,3.57569,,168,,303.2
1897,3.57735,,169,,303.267
1898,3.57902,,170,,303.333
1899,3.58068,,171,,303.4
1900,3.58281,,171.167,,303.467
1901,3.58494,,171.333,,303.533
1902,3.58707,,171.5,,303.6
1903,3.58921,,171.667,,303.667
1904,3.59134,,171.833,,303.733
1905,3.59347,,172,,303.8
1906,3.59552,,172,,303.833
1907,3.59757,,172,,303.867
1908,3.59962,,172,,303.9
1909,3.60167,,172,,303.933
1910,3.60372,,172,,303.967
1911,3.60577,,172,,304
1912,3.60787,,172.167,,304.067
1913,3.60997,,172.333,,304.133
1914,3.61207,,172.5,,304.2
1915,3.61417,,172.667,,304.267
1916,3.61627,,172.833,,304.333
1917,3.61837,,173,,304.4
1918,3.62036,,173,,304.467
1919,3.62235,,173,,304.533
1920,3.62435,,173,,304.6
1921,3.62634,,173,,304.667
1922,3.62833,,173,,304.733
1923,3.63032,,173,,304.8
1924,3.63225,,173,,305
1925,3.6343,,173,,305.2
1926,3.63635,,173,,305.4
1927,3.6384,,173,,305.6
1928,3.64045,,173,,305.8
1929,3.6425,,173,,306
1930,3.64403,,173,,306.467
1931,3.64555,,173,,306.933
1932,3.64708,,173,,307.4
1933,3.64883,,173.6,,307.56
1934,3.65057,,174.2,,307.72
1935,3.65232,,174.8,,307.88
1936,3.65406,,175.4,,308.04
1937,3.65581,,176,,308.2
1938,3.65742,,176.167,,307.9
1939,3.65903,,176.333,,307.6
1940,3.66064,,176.5,,307.3
1941,3.66225,,176.667,,307
1942,3.66386,,176.833,,306.7
1943,3.66547,,177,,306.4
1944,3.66743,,177.167,,306.367
1945,3.66939,,177.333,,306.333
1946,3.67134,,177.5,,306.3
1947,3.6733,,177.667,,306.267
1948,3.67526,,177.833,,306.233
1949,3.67722,,178,,306.2
1950,3.67873,,177.8,,306.48
1951,3.68024,,177.6,,306.76
1952,3.68176,,177.4,,307.04
1953,3.68327,,177.2,,307.32
1954,3.68478,,177,,307.6
1955,3.68584,,177,,307.933
1956,3.68689,,177,,308.267
1957,3.68795,,177,,308.6
1958,3.68934,,177.333,,308.433
1959,3.69074,,177.667,,308.267
1960,3.69213,,178,,308.1
1961,3.69352,,178.333,,307.933
1962,3.69492,,178.667,,307.767
1963,3.69631,,179,,307.6
1964,3.69838,,180,,307.4
1965,3.7001,,179.8,,307.6
1966,3.70182,,179.6,,307.8
1967,3.70353,,179.4,,308
1968,3.70525,,179.2,,308.2
1969,3.70697,,179,,308.4
1970,3.70768,,179,,308.8
1971,3.70838,,179,,309.2
1972,3.70906,,179,,309.4
1973,3.71021,,179,,309.8
1974,3.71021,,179,,309.675
1975,3.71021,,179,,309.55
1976,3.71021,,179,,309.425
1977,3.71021,,179,,309.3
1978,3.71021,,179,,309.175
1979,3.71021,,179,,309.05
1980,3.71021,,179,,308.925
1981,3.71021,,179,,308.8
1982,3.7115,,179.167,,309.033
1983,3.71278,,179.333,,309.267
1984,3.71407,,179.5,,309.5
1985,3.71536,,179.667,,309.733
1986,3.71664,,179.833,,309.967
1987,3.71793,,180,,310.2
1988,3.71909,,180.333,,309.933
1989,3.72026,,180.667,,309.667
1990,3.72142,,181,,309.4
1991,3.72358,,181.333,,309
1992,3.72573,,181.667,,308.6
1993,3.72789,,182,,308.2
1994,3.72984,,181.4,,308.2
1995,3.73179,,180.8,,308.2
1996,3.73374,,180.2,,308.2
1997,3.73569,,179.6,,308.2
1998,3.73764,,179,,308.2
1999,3.7393,,178.667,,308.233
2000,3.74097,,178.333,,308.267
2001,3.74263,,178,,308.3
2002,3.74429,,177.667,,308.333
2003,3.74596,,177.333,,308.367
2004,3.74762,,177,,308.4
2005,3.74927,,176.667,,308.5
2006,3.75093,,176.333,,308.6
2007,3.75258,,176,,308.7
2008,3.75423,,175.667,,308.8
2009,3.75589,,175.333,,308.9
2010,3.75754,,175,,309
2011,3.75907,,175,,309.2
2012,3.76095,,174.667,,309.267
2013,3.76283,,174.333,,309.333
2014,3.76471,,174,,309.4
2015,3.76658,,173.667,,309.467
2016,3.76846,,173.333,,309.533
2017,3.77034,,173,,309.6
2018,3.77254,,173,,309.633
2019,3.77475,,173,,309.667
2020,3.77695,,173,,309.7
2021,3.77915,,173,,309.733
2022,3.78136,,173,,309.767
2023,3.78356,,173,,309.8
2024,3.78553,,172.833,,309.833
2025,3.7875,,172.667,,309.867
2026,3.78947,,172.5,,309.9
2027,3.79144,,172.333,,309.933
2028,3.79341,,172.167,,309.967
2029,3.79538,,172,,310
2030,3.79735,,171.2,,310.04
2031,3.79931,,170.4,,310.08
2032,3.80128,,169.6,,310.12
2033,3.80324,,168.8,,310.16
2034,3.80521,,168,,310.2
2035,3.80692,,168.333,,310.267
2036,3.80862,,168.667,,310.333
2037,3.81033,,169,,310.4
2038,3.81238,,169.167,,310.367
2039,3.81443,,169.333,,310.333
2040,3.81649,,169.5,,310.3
2041,3.81854,,169.667,,310.267
2042,3.82059,,169.833,,310.233
2043,3.82264,,170,,310.2
2044,3.82481,,170.167,,310.133
2045,3.82698,,170.333,,310.067
2046,3.82915,,170.5,,310
2047,3.83132,,170.667,,309.933
2048,3.83349,,170.833,,309.867
2049,3.83566,,171,,309.8
2050,3.83766,,171.167,,309.8
2051,3.83965,,171.333,,309.8
2052,3.84165,,171.5,,309.8
2053,3.84364,,171.667,,309.8
2054,3.84564,,171.833,,309.8
2055,3.84763,,172,,309.8
2056,3.8499,,171.667,,309.833
2057,3.85217,,171.333,,309.867
2058,3.85444,,171,,309.9
2059,3.8567,,170.667,,309.933
2060,3.85897,,170.333,,309.967
2061,3.86124,,170,,310
2062,3.86334,,170.167,,310
2063,3.86544,,170.333,,310
2064,3.86753,,170.5,,310
2065,3.86963,,170.667,,310
2066,3.87173,,170.833,,310
2067,3.87383,,171,,310
2068,3.87588,,170,,310.067
2069,3.87793,,169,,310.133
2070,3.87998,,168,,310.2
2071,3.88175,,168,,310.1
2072,3.88353,,168,,310
2073,3.8856,,168.167,,309.967
2074,3.88766,,168.333,,309.933
2075,3.88973,,168.5,,309.9
2076,3.8918,,168.667,,309.867
2077,3.89386,,168.833,,309.833
2078,3.89593,,169,,309.8
2079,3.89837,,169,,309.733
2080,3.9008,,169,,309.667
2081,3.90324,,169,,309.6
2082,3.90568,,169,,309.533
2083,3.90811,,169,,309.467
2084,3.91055,,169,,309.4
2085,3.91279,,169,,309.467
2086,3.91502,,169,,309.533
2087,3.91726,,169,,309.6
2088,3.9195,,169,,309.667
2089,3.92173,,169,,309.733
2090,3.92397,,169,,309.8
2091,3.92624,,169.333,,309.8
2092,3.92851,,169.667,,309.8
2093,3.93077,,170,,309.8
2094,3.93304,,170.333,,309.8
2095,3.93531,,170.667,,309.8
2096,3.93758,,171,,309.8
2097,3.93979,,170.25,,309.8
2098,3.942,,169.5,,309.8
2099,3.9442,,168.75,,309.8
2100,3.94641,,168,,309.8
2101,3.94862,,167.75,,309.65
2102,3.95083,,167.5,,309.5
2103,3.95304,,167.25,,309.35
2104,3.95525,,167,,309.2
2105,3.95746,,167.333,,309.167
2106,3.95967,,167.667,,309.133
2107,3.96187,,168,,309.1
2108,3.96408,,168.333,,309.067
2109,3.96629,,168.667,,309.033
2110,3.9685,,169,,309
2111,3.97052,,169.167,,309
2112,3.97255,,169.333,,309
2113,3.97458,,169.5,,309
2114,3.9766,,169.667,,309
2115,3.97863,,169.833,,309
2116,3.98065,,170,,309
2117,3.9831,,169.833,,308.933
2118,3.98555,,169.667,,308.867
2119,3.988,,169.5,,308.8
2120,3.99044,,169.333,,308.733
2121,3.99289,,169.167,,308.667
2122,3.99534,,169,,308.6
2123,3.99806,,169.5,,308.6
2124,4.00078,,170,,308.6
2125,4.00308,,170.167,,308.633
2126,4.00537,,170.333,,308.667
2127,4.00767,,170.5,,308.7
2128,4.00997,,170.667,,308.733
2129,4.01226,,170.833,,308.767
2130,4.01456,,171,,308.8
2131,4.01689,,169.5,,308.8
2132,4.01923,,168,,308.8
2133,4.02158,,168,,308.6
2134,4.02393,,168,,308.4
2135,4.02628,,168,,308.2
2136,4.02863,,168,,308
2137,4.03075,,168.6,,307.84
2138,4.03288,,169.2,,307.68
2139,4.035,,169.8,,307.52
2140,4.03713,,170.4,,307.36
2141,4.03925,,171,,307.2
2142,4.04164,,170.25,,307.2
2143,4.04402,,169.5,,307.2
2144,4.04641,,168.75,,307.2
2145,4.0488,,168,,307.2
2146,4.05119,,167.667,,307.067
2147,4.05358,,167.333,,306.933
2148,4.05597,,167,,306.8
2149,4.05841,,167.6,,306.76
2150,4.06085,,168.2,,306.72
2151,4.06328,,168.8,,306.68
2152,4.06572,,169.4,,306.64
2153,4.06816,,170,,306.6
2154,4.07085,,169.667,,306.533
2155,4.07353,,169.333,,306.467
2156,4.07622,,169,,306.4
2157,4.07891,,168.667,,306.333
2158,4.08159,,168.333,,306.267
2159,4.08428,,168,,306.2
2160,4.08686,,167.5,,306.1
2161,4.08944,,167,,306
2162,4.09201,,166.5,,305.9
2163,4.09459,,166,,305.8
2164,4.09722,,166.333,,305.667
2165,4.09985,,166.667,,305.533
2166,4.10248,,167,,305.4
2167,4.10512,,167.333,,305.267
2168,4.10775,,167.667,,305.133
2169,4.11038,,168,,305
2170,4.11305,,169,,304.9
2171,4.11572,,170,,304.8
2172,4.11813,,169.833,,304.733
2173,4.12054,,169.667,,304.667
2174,4.12296,,169.5,,304.6
2175,4.12537,,169.333,,304.533
2176,4.12778,,169.167,,304.467
2177,4.13019,,169,,304.4
2178,4.13257,,168.667,,304.2
2179,4.13496,,168.333,,304
2180,4.13734,,168,,303.8
2181,4.13972,,168.167,,303.633
2182,4.1421,,168.333,,303.467
2183,4.14448,,168.5,,303.3
2184,4.14687,,168.667,,303.133
2185,4.14925,,168.833,,302.967
2186,4.15163,,169,,302.8
2187,4.15375,,167,,302.8
2188,4.15533,,166.25,,302.65
2189,4.15691,,165.5,,302.5
2190,4.15849,,164.75,,302.35
2191,4.16007,,164,,302.2
2192,4.16121,,163.5,,302.2
2193,4.16235,,163,,302.2
2194,4.16283,,162,,302.2
2195,4.16362,,162,,302
2196,4.1648,,161.5,,302.3
2197,4.16597,,161,,302.6
2198,4.16753,,161.167,,302.6
2199,4.16909,,161.333,,302.6
2200,4.17065,,161.5,,302.6
2201,4.17222,,161.667,,302.6
2202,4.17378,,161.833,,302.6
2203,4.17534,,162,,302.6
2204,4.17703,,161,,302.733
2205,4.17871,,160,,302.867
2206,4.1804,,159,,303
2207,4.18209,,159,,303
2208,4.18334,,158,,303.2
2209,4.18457,,157.667,,303.4
2210,4.18581,,157.333,,303.6
2211,4.18704,,157,,303.8
2212,4.18873,,157.167,,303.967
2213,4.19042,,157.333,,304.133
2214,4.19211,,157.5,,304.3
2215,4.1938,,157.667,,304.467
2216,4.19549,,157.833,,304.633
2217,4.19718,,158,,304.8
2218,4.1989,,158.333,,304.8
2219,4.20061,,158.667,,304.8
2220,4.20233,,159,,304.8
2221,4.20424,,159.6,,304.92
2222,4.20614,,160.2,,305.04
2223,4.20805,,160.8,,305.16
2224,4.20995,,161.4,,305.28
2225,4.21186,,162,,305.4
2226,4.21373,,162,,305.533
2227,4.2156,,162,,305.667
2228,4.21747,,162,,305.8
2229,4.21933,,162.333,,305.9
2230,4.22118,,162.667,,306
2231,4.22304,,163,,306.1
2232,4.22489,,163.333,,306.2
2233,4.22675,,163.667,,306.3
2234,4.2286,,164,,306.4
2235,4.23022,,165,,306.6
2236,4.23184,,166,,306.8
2237,4.23321,,167.333,,306.867
2238,4.23457,,168.667,,306.933
2239,4.23594,,170,,307
2240,4.238,,170.333,,307.033
2241,4.24006,,170.667,,307.067
2242,4.24212,,171,,307.1
2243,4.24418,,171.333,,307.133
2244,4.24624,,171.667,,307.167
2245,4.2483,,172,,307.2
2246,4.24955,,173,,307.2
2247,4.25081,,174,,307.2
2248,4.25256,,173.833,,307.233
2249,4.25432,,173.667,,307.267
2250,4.25607,,173.5,,307.3
2251,4.25782,,173.333,,307.333
2252,4.25958,,173.167,,307.367
2253,4.26133,,173,,307.4
2254,4.26273,,173,,307.4
2255,4.26413,,173,,307.4
2256,4.26552,,173,,307.4
2257,4.26692,,173,,307.4
2258,4.26832,,173,,307.4
2259,4.27024,,172.333,,307.267
2260,4.27217,,171.667,,307.133
2261,4.27409,,171,,307
2262,4.27562,,170.4,,306.96
2263,4.27715,,169.8,,306.92
2264,4.27868,,169.2,,306.88
2265,4.28021,,168.6,,306.84
2266,4.28174,,168,,306.8
2267,4.28324,,167,,306.8
2268,4.28473,,166,,306.8
2269,4.28623,,165,,306.8
2270,4.28748,,163.5,,306.8
2271,4.28872,,162,,306.8
2272,4.28977,,162,,306.733
2273,4.29082,,162,,306.667
2274,4.29188,,162,,306.6
2275,4.29293,,162,,306.533
2276,4.29398,,162,,306.467
2277,4.29503,,162,,306.4
2278,4.2959,,162.333,,306.333
2279,4.29677,,162.667,,306.267
2280,4.29764,,163,,306.2
2281,4.29764,,163.25,,306.4
2282,4.29764,,163.5,,306.6
2283,4.29764,,163.75,,306.8
2284,4.29764,,164,,307
2285,4.29981,,165,,307.25
2286,4.30199,,166,,307.5
2287,4.30416,,167,,307.75
2288,4.30633,,168,,308
2289,4.30857,,167.833,,308
2290,4.31081,,167.667,,308
2291,4.31306,,167.5,,308
2292,4.3153,,167.333,,308
2293,4.31754,,167.167,,308
2294,4.31978,,167,,308
2295,4.32189,,167,,308
2296,4.32401,,167,,308
2297,4.32612,,167,,308
2298,4.32823,,167,,308
2299,4.33035,,167,,308
2300,4.33246,,167,,308
2301,4.33457,,167,,308.067
2302,4.33669,,167,,308.133
2303,4.3388,,167,,308.2
2304,4.34092,,167,,308.267
2305,4.34303,,167,,308.333
2306,4.34515,,167,,308.4
2307,4.34742,,167.167,,308.433
2308,4.34969,,167.333,,308.467
2309,4.35197,,167.5,,308.5
2310,4.35424,,167.667,,308.533
2311,4.35651,,167.833,,308.567
2312,4.35878,,168,,308.6
2313,4.3605,,168.75,,308.65
2314,4.36221,,169.5,,308.7
2315,4.36393,,170.25,,308.75
2316,4.36564,,171,,308.8
2317,4.3678,,171,,309
2318,4.3697,,171,,309.1
2319,4.37161,,171,,309.2
2320,4.37351,,171,,309.3
2321,4.37541,,171,,309.4
2322,4.37732,,171,,309.5
2323,4.37922,,171,,309.6
2324,4.38046,,171,,309.8
2325,4.38206,,170.5,,309.9
2326,4.38366,,170,,310
2327,4.38499,,169.667,,310.067
2328,4.38633,,169.333,,310.133
2329,4.38766,,169,,310.2
2330,4.38891,,168.5,,310.1
2331,4.39015,,168,,310
2332,4.3914,,167.5,,309.9
2333,4.39264,,167,,309.8
2334,4.39345,,166,,309.9
2335,4.39425,,165,,310
2336,4.39523,,164.5,,309.9
2337,4.3962,,164,,309.8
2338,4.39806,,164,,309.767
2339,4.39992,,164,,309.733
2340,4.40178,,164,,309.7
2341,4.40363,,164,,309.667
2342,4.40549,,164,,309.633
2343,4.40735,,164,,309.6
2344,4.40948,,163.667,,309.5
2345,4.41161,,163.333,,309.4
2346,4.41374,,163,,309.3
2347,4.41586,,162.667,,309.2
2348,4.41799,,162.333,,309.1
2349,4.42012,,162,,309
2350,4.42243,,162.333,,309
2351,4.42474,,162.667,,309
2352,4.42705,,163,,309
2353,4.42934,,163.333,,308.933
2354,4.43164,,163.667,,308.867
2355,4.43393,,164,,308.8
2356,4.43623,,164.333,,308.733
2357,4.43852,,164.667,,308.667
2358,4.44082,,165,,308.6
2359,4.44309,,165,,308.5
2360,4.44535,,165,,308.4
2361,4.44762,,165,,308.3
2362,4.44989,,165,,308.2
2363,4.45215,,165,,308.1
2364,4.45442,,165,,308
2365,4.45707,,165,,308
2366,4.45971,,165,,308
2367,4.46236,,165,,308
2368,4.46501,,165,,308
2369,4.46765,,165,,308
2370,4.4703,,165,,308
2371,4.47276,,164.833,,308.067
2372,4.47523,,164.667,,308.133
2373,4.47769,,164.5,,308.2
2374,4.48016,,164.333,,308.267
2375,4.48262,,164.167,,308.333
2376,4.48509,,164,,308.4
2377,4.48771,,164.167,,308.2
2378,4.49034,,164.333,,308
2379,4.49296,,164.5,,307.8
2380,4.49558,,164.667,,307.6
2381,4.49821,,164.833,,307.4
2382,4.50083,,165,,307.2
2383,4.50321,,164.75,,307.15
2384,4.50559,,164.5,,307.1
2385,4.50797,,164.25,,307.05
2386,4.51035,,164,,307
2387,4.51269,,164,,306.9
2388,4.51504,,164,,306.8
2389,4.51738,,164,,306.7
2390,4.51972,,164,,306.6
2391,4.52207,,164,,306.5
2392,4.52441,,164,,306.4
2393,4.52685,,164,,306.3
2394,4.52928,,164,,306.2
2395,4.53172,,164,,306.1
2396,4.53416,,164,,306
2397,4.53659,,164,,305.9
2398,4.53903,,164,,305.8
2399,4.54157,,164,,305.733
2400,4.54411,,164,,305.667
2401,4.54665,,164,,305.6
2402,4.54918,,164,,305.533
2403,4.55172,,164,,305.467
2404,4.55426,,164,,305.4
2405,4.55675,,164,,305.28
2406,4.55924,,164,,305.16
2407,4.56173,,164,,305.04
2408,4.56422,,164,,304.92
2409,4.56671,,164,,304.8
2410,4.56908,,163.833,,304.767
2411,4.57146,,163.667,,304.733
2412,4.57383,,163.5,,304.7
2413,4.5762,,163.333,,304.667
2414,4.57858,,163.167,,304.633
2415,4.58095,,163,,304.6
2416,4.58354,,163.4,,304.44
2417,4.58613,,163.8,,304.28
2418,4.58873,,164.2,,304.12
2419,4.59132,,164.6,,303.96
2420,4.59391,,165,,303.8
2421,4.59637,,165,,303.667
2422,4.59884,,165,,303.533
2423,4.6013,,165,,303.4
2424,4.60376,,165,,303.267
2425,4.60623,,165,,303.133
2426,4.60869,,165,,303
2427,4.611,,165,,302.8
2428,4.61331,,165,,302.6
2429,4.61581,,165,,302.567
2430,4.61832,,165,,302.533
2431,4.62082,,165,,302.5
2432,4.62332,,165,,302.467
2433,4.62583,,165,,302.433
2434,4.62833,,165,,302.4
2435,4.6308,,164.667,,302.267
2436,4.63327,,164.333,,302.133
2437,4.63574,,164,,302
2438,4.6382,,163.667,,301.867
2439,4.64067,,163.333,,301.733
2440,4.64314,,163,,301.6
2441,4.64549,,162.833,,301.467
2442,4.64784,,162.667,,301.333
2443,4.65019,,162.5,,301.2
2444,4.65254,,162.333,,301.067
2445,4.65489,,162.167,,300.933
2446,4.65724,,162,,300.8
2447,4.65881,,161.5,,300.6
2448,4.66038,,161,,300.4
2449,4.66198,,161,,300.6
2450,4.66348,,159,,300.4
2451,4.66592,,159.6,,300.44
2452,4.66836,,160.2,,300.48
2453,4.67081,,160.8,,300.52
2454,4.67325,,161.4,,300.56
2455,4.67569,,162,,300.6
2456,4.67823,,162.333,,300.5
2457,4.68076,,162.667,,300.4
2458,4.6833,,163,,300.3
2459,4.68584,,163.333,,300.2
2460,4.68837,,163.667,,300.1
2461,4.69091,,164,,300
2462,4.69328,,164.167,,299.967
2463,4.69564,,164.333,,299.933
2464,4.69801,,164.5,,299.9
2465,4.70038,,164.667,,299.867
2466,4.70274,,164.833,,299.833
2467,4.70511,,165,,299.8
2468,4.70765,,165.333,,299.767
2469,4.71019,,165.667,,299.733
2470,4.71273,,166,,299.7
2471,4.71528,,166.333,,299.667
2472,4.71782,,166.667,,299.633
2473,4.72036,,167,,299.6
2474,4.72272,,167,,299.667
2475,4.72508,,167,,299.733
2476,4.72745,,167,,299.8
2477,4.72981,,167,,299.867
2478,4.73217,,167,,299.933
2479,4.73453,,167,,300
2480,4.7367,,167.167,,300
2481,4.73887,,167.333,,300
2482,4.74105,,167.5,,300
2483,4.74322,,167.667,,300
2484,4.74539,,167.833,,300
2485,4.74756,,168,,300
2486,4.74997,,168.333,,299.933
2487,4.75238,,168.667,,299.867
2488,4.75479,,169,,299.8
2489,4.75719,,169.333,,299.733
2490,4.7596,,169.667,,299.667
2491,4.76201,,170,,299.6
2492,4.76423,,170,,299.6
2493,4.76645,,170,,299.6
2494,4.76868,,170,,299.6
2495,4.7709,,170,,299.6
2496,4.77312,,170,,299.6
2497,4.77534,,170,,299.6
2498,4.77722,,170,,299.56
2499,4.7791,,170,,299.52
2500,4.78099,,170,,299.48
2501,4.78287,,170,,299.44
2502,4.78475,,170,,299.4
2503,4.7871,,170,,299.367
2504,4.78946,,170,,299.333
2505,4.79181,,170,,299.3
2506,4.79417,,170,,299.267
2507,4.79652,,170,,299.233
2508,4.79888,,170,,299.2
2509,4.80109,,170.167,,299.133
2510,4.80331,,170.333,,299.067
2511,4.80552,,170.5,,299
2512,4.80773,,170.667,,298.933
2513,4.80995,,170.833,,298.867
2514,4.81216,,171,,298.8
2515,4.81431,,170.667,,298.767
2516,4.81646,,170.333,,298.733
2517,4.81861,,170,,298.7
2518,4.82077,,169.667,,298.667
2519,4.82292,,169.333,,298.633
2520,4.82507,,169,,298.6
2521,4.82733,,169.333,,298.567
2522,4.82959,,169.667,,298.533
2523,4.83185,,170,,298.5
2524,4.83411,,170.333,,298.467
2525,4.83637,,170.667,,298.433
2526,4.83863,,171,,298.4
2527,4.84099,,170.667,,298.333
2528,4.84335,,170.333,,298.267
2529,4.84571,,170,,298.2
2530,4.84792,,170,,298.133
2531,4.85014,,170,,298.067
2532,4.85235,,170,,298
2533,4.85457,,170,,297.933
2534,4.85678,,170,,297.867
2535,4.859,,170,,297.8
2536,4.86134,,169,,297.733
2537,4.86369,,168,,297.667
2538,4.86603,,167,,297.6
2539,4.86829,,167.333,,297.6
2540,4.87056,,167.667,,297.6
2541,4.87282,,168,,297.6
2542,4.87508,,168.333,,297.6
2543,4.87735,,168.667,,297.6
2544,4.87961,,169,,297.6
2545,4.88192,,168.6,,297.52
2546,4.88423,,168.2,,297.44
2547,4.88654,,167.8,,297.36
2548,4.88885,,167.4,,297.28
2549,4.89116,,167,,297.2
2550,4.89351,,167.333,,297.1
2551,4.89585,,167.667,,297
2552,4.8982,,168,,296.9
2553,4.90054,,168.333,,296.8
2554,4.90288,,168.667,,296.7
2555,4.90523,,169,,296.6
2556,4.90746,,168.4,,296.56
2557,4.90969,,167.8,,296.52
2558,4.91192,,167.2,,296.48
2559,4.91415,,166.6,,296.44
2560,4.91638,,166,,296.4
2561,4.91868,,166,,296.3
2562,4.92098,,166,,296.2
2563,4.92328,,166,,296.1
2564,4.92558,,166,,296
2565,4.92773,,165.833,,295.933
2566,4.92987,,165.667,,295.867
2567,4.93202,,165.5,,295.8
2568,4.93416,,165.333,,295.733
2569,4.93631,,165.167,,295.667
2570,4.93845,,165,,295.6
2571,4.9407,,165,,295.533
2572,4.94294,,165,,295.467
2573,4.94519,,165,,295.4
2574,4.94743,,165,,295.333
2575,4.94967,,165,,295.267
2576,4.95192,,165,,295.2
2577,4.95385,,164.75,,295.15
2578,4.95579,,164.5,,295.1
2579,4.95773,,164.25,,295.05
2580,4.95966,,164,,295
2581,4.96169,,164,,294.967
2582,4.96371,,164,,294.933
2583,4.96574,,164,,294.9
2584,4.96776,,164,,294.867
2585,4.96979,,164,,294.833
2586,4.97181,,164,,294.8
2587,4.974,,164.167,,294.767
2588,4.9762,,164.333,,294.733
2589,4.97839,,164.5,,294.7
2590,4.98058,,164.667,,294.667
2591,4.98278,,164.833,,294.633
2592,4.98497,,165,,294.6
2593,4.98717,,165,,294.567
2594,4.98936,,165,,294.533
2595,4.99156,,165,,294.5
2596,4.99375,,165,,294.467
2597,4.99595,,165,,294.433
2598,4.99814,,165,,294.4
2599,5.00026,,165,,294.4
2600,5.00259,,165.167,,294.367
2601,5.00491,,165.333,,294.333
2602,5.00724,,165.5,,294.3
2603,5.00957,,165.667,,294.267
2604,5.01189,,165.833,,294.233
2605,5.01422,,166,,294.2
2606,5.01613,,165.833,,294.2
2607,5.01804,,165.667,,294.2
2608,5.01995,,165.5,,294.2
2609,5.02186,,165.333,,294.2
2610,5.02377,,165.167,,294.2
2611,5.02568,,165,,294.2
2612,5.02772,,164.667,,294.133
2613,5.02975,,164.333,,294.067
2614,5.03179,,164,,294
2615,5.03456,,163.8,,293.96
2616,5.03734,,163.6,,293.92
2617,5.04011,,163.4,,293.88
2618,5.04289,,163.2,,293.84
2619,5.04566,,163,,293.8
2620,5.0488,,163,,293.667
2621,5.05194,,163,,293.533
2622,5.05509,,163,,293.4
2623,5.05823,,163,,293.267
2624,5.06137,,163,,293.133
2625,5.06451,,163,,293
2626,5.06688,,163,,293
2627,5.06913,,163.5,,292.833
2628,5.07139,,164,,292.667
2629,5.07364,,164.5,,292.5
2630,5.0759,,165,,292.333
2631,5.07816,,165.5,,292.167
2632,5.08041,,166,,292
2633,5.08287,,166,,292
2634,5.08513,,165.833,,291.867
2635,5.08739,,165.667,,291.733
2636,5.08964,,165.5,,291.6
2637,5.0919,,165.333,,291.467
2638,5.09416,,165.167,,291.333
2639,5.09642,,165,,291.2
2640,5.09859,,165.5,,291.1
2641,5.10075,,166,,291
2642,5.10292,,166.5,,290.9
2643,5.10509,,167,,290.8
2644,5.10741,,167.167,,290.633
2645,5.10974,,167.333,,290.467
2646,5.11206,,167.5,,290.3
2647,5.11439,,167.667,,290.133
2648,5.11671,,167.833,,289.967
2649,5.11904,,168,,289.8
2650,5.12115,,168,,289.7
2651,5.12327,,168,,289.6
2652,5.12566,,167.5,,289.5
2653,5.12805,,167,,289.4
2654,5.12966,,166.75,,289.35
2655,5.13126,,166.5,,289.3
2656,5.13287,,166.25,,289.25
2657,5.13448,,166,,289.2
2658,5.13648,,165.4,,289.2
2659,5.13847,,164.8,,289.2
2660,5.14047,,164.2,,289.2
2661,5.14246,,163.6,,289.2
2662,5.14446,,163,,289.2
2663,5.14667,,163.167,,289.167
2664,5.14889,,163.333,,289.133
2665,5.1511,,163.5,,289.1
2666,5.15331,,163.667,,289.067
2667,5.15553,,163.833,,289.033
2668,5.15774,,164,,289
2669,5.15999,,164,,288.967
2670,5.16223,,164,,288.933
2671,5.16448,,164,,288.9
2672,5.16673,,164,,288.867
2673,5.16897,,164,,288.833
2674,5.17122,,164,,288.8
2675,5.17374,,164.5,,288.7
2676,5.17625,,165,,288.6
2677,5.17844,,165.6,,288.52
2678,5.18063,,166.2,,288.44
2679,5.18282,,166.8,,288.36
2680,5.18501,,167.4,,288.28
2681,5.1872,,168,,288.2
2682,5.18924,,168,,288.133
2683,5.19128,,168,,288.067
2684,5.19332,,168,,288
2685,5.19535,,168,,287.933
2686,5.19739,,168,,287.867
2687,5.19943,,168,,287.8
2688,5.20164,,168.6,,287.8
2689,5.20385,,169.2,,287.8
2690,5.20606,,169.8,,287.8
2691,5.20827,,170.4,,287.8
2692,5.21048,,171,,287.8
2693,5.21283,,170.8,,287.76
2694,5.21518,,170.6,,287.72
2695,5.21753,,170.4,,287.68
2696,5.21988,,170.2,,287.64
2697,5.22223,,170,,287.6
2698,5.22483,,170.167,,287.6
2699,5.22743,,170.333,,287.6
2700,5.23003,,170.5,,287.6
2701,5.23264,,170.667,,287.6
2702,5.23524,,170.833,,287.6
2703,5.23784,,171,,287.6
2704,5.24049,,171,,287.6
2705,5.24315,,171,,287.6
2706,5.2458,,171,,287.6
2707,5.24845,,171,,287.6
2708,5.25111,,171,,287.6
2709,5.25376,,171,,287.6
2710,5.25628,,170.833,,287.6
2711,5.25879,,170.667,,287.6
2712,5.26131,,170.5,,287.6
2713,5.26382,,170.333,,287.6
2714,5.26634,,170.167,,287.6
2715,5.26885,,170,,287.6
2716,5.27119,,170,,287.567
2717,5.27353,,170,,287.533
2718,5.27587,,170,,287.5
2719,5.27821,,170,,287.467
2720,5.28055,,170,,287.433
2721,5.28289,,170,,287.4
2722,5.28523,,170.333,,287.333
2723,5.28758,,170.667,,287.267
2724,5.28992,,171,,287.2
2725,5.29226,,171.333,,287.133
2726,5.29461,,171.667,,287.067
2727,5.29695,,172,,287
2728,5.29882,,171.833,,286.967
2729,5.30069,,171.667,,286.933
2730,5.30257,,171.5,,286.9
2731,5.30444,,171.333,,286.867
2732,5.30631,,171.167,,286.833
2733,5.30818,,171,,286.8
2734,5.30996,,170,,286.6
2735,5.31177,,170.333,,286.7
2736,5.31358,,170.667,,286.8
2737,5.31539,,171,,286.9
2738,5.31721,,171.333,,287
2739,5.31902,,171.667,,287.1
2740,5.32083,,172,,287.2
2741,5.32254,,172,,287.28
2742,5.32424,,172,,287.36
2743,5.32595,,172,,287.44
2744,5.32765,,172,,287.52
2745,5.32936,,172,,287.6
2746,5.33123,,172,,287.667
2747,5.33309,,172,,287.733
2748,5.33496,,172,,287.8
2749,5.33683,,172,,287.867
2750,5.33869,,172,,287.933
2751,5.34056,,172,,288
2752,5.34251,,172.167,,288.067
2753,5.34446,,172.333,,288.133
2754,5.3464,,172.5,,288.2
2755,5.34835,,172.667,,288.267
2756,5.3503,,172.833,,288.333
2757,5.35225,,173,,288.4
2758,5.35457,,173.167,,288.367
2759,5.35688,,173.333,,288.333
2760,5.3592,,173.5,,288.3
2761,5.36152,,173.667,,288.267
2762,5.36383,,173.833,,288.233
2763,5.36615,,174,,288.2
2764,5.36866,,174.167,,288.233
2765,5.37117,,174.333,,288.267
2766,5.37368,,174.5,,288.3
2767,5.37618,,174.667,,288.333
2768,5.37869,,174.833,,288.367
2769,5.3812,,175,,288.4
2770,5.38281,,174.667,,288.467
2771,5.38442,,174.333,,288.533
2772,5.38603,,174,,288.6
2773,5.38815,,174.167,,288.567
2774,5.39026,,174.333,,288.533
2775,5.39238,,174.5,,288.5
2776,5.3945,,174.667,,288.467
2777,5.39661,,174.833,,288.433
2778,5.39873,,175,,288.4
2779,5.40095,,175.167,,288.367
2780,5.40318,,175.333,,288.333
2781,5.4054,,175.5,,288.3
2782,5.40763,,175.667,,288.267
2783,5.40986,,175.833,,288.233
2784,5.41208,,176,,288.2
2785,5.41398,,176,,288.3
2786,5.41587,,176,,288.4
2787,5.41777,,176,,288.5
2788,5.41966,,176,,288.6
2789,5.42156,,176,,288.7
2790,5.42345,,176,,288.8
2791,5.42534,,176,,288.8
2792,5.42724,,176,,288.8
2793,5.42913,,176,,288.8
2794,5.43102,,176,,288.8
2795,5.43292,,176,,288.8
2796,5.43481,,176,,288.8
2797,5.43695,,176,,288.833
2798,5.43908,,176,,288.867
2799,5.44122,,176,,288.9
2800,5.44335,,176,,288.933
2801,5.44549,,176,,288.967
2802,5.44762,,176,,289
2803,5.44949,,175.833,,289.033
2804,5.45137,,175.667,,289.067
2805,5.45324,,175.5,,289.1
2806,5.45511,,175.333,,289.133
2807,5.45699,,175.167,,289.167
2808,5.45886,,175,,289.2
2809,5.46083,,174.833,,289.233
2810,5.4628,,174.667,,289.267
2811,5.46477,,174.5,,289.3
2812,5.46675,,174.333,,289.333
2813,5.46872,,174.167,,289.367
2814,5.47069,,174,,289.4
2815,5.47298,,174.167,,289.4
2816,5.47528,,174.333,,289.4
2817,5.47757,,174.5,,289.4
2818,5.47986,,174.667,,289.4
2819,5.48216,,174.833,,289.4
2820,5.48445,,175,,289.4
2821,5.48689,,175.167,,289.4
2822,5.48932,,175.333,,289.4
2823,5.49176,,175.5,,289.4
2824,5.49419,,175.667,,289.4
2825,5.49663,,175.833,,289.4
2826,5.49906,,176,,289.4
2827,5.50145,,176,,289.5
2828,5.50383,,176,,289.6
2829,5.50622,,176,,289.7
2830,5.5086,,176,,289.8
2831,5.51089,,176,,289.8
2832,5.51318,,176,,289.8
2833,5.51548,,176,,289.8
2834,5.51777,,176,,289.8
2835,5.52006,,176,,289.8
2836,5.52235,,176,,289.8
2837,5.52477,,176,,289.8
2838,5.52719,,176,,289.8
2839,5.52961,,176,,289.8
2840,5.53203,,176,,289.8
2841,5.53445,,176,,289.8
2842,5.53687,,176,,289.8
2843,5.53937,,175.833,,289.8
2844,5.54187,,175.667,,289.8
2845,5.54436,,175.5,,289.8
2846,5.54686,,175.333,,289.8
2847,5.54936,,175.167,,289.8
2848,5.55186,,175,,289.8
2849,5.55426,,174.833,,289.733
2850,5.55667,,174.667,,289.667
2851,5.55907,,174.5,,289.6
2852,5.56148,,174.333,,289.533
2853,5.56388,,174.167,,289.467
2854,5.56629,,174,,289.4
2855,5.56889,,174.167,,289.367
2856,5.5715,,174.333,,289.333
2857,5.5741,,174.5,,289.3
2858,5.5767,,174.667,,289.267
2859,5.57931,,174.833,,289.233
2860,5.58191,,175,,289.2
2861,5.58438,,175,,289.233
2862,5.58685,,175,,289.267
2863,5.58932,,175,,289.3
2864,5.59178,,175,,289.333
2865,5.59425,,175,,289.367
2866,5.59672,,175,,289.4
2867,5.59907,,175.167,,289.367
2868,5.60141,,175.333,,289.333
2869,5.60376,,175.5,,289.3
2870,5.60611,,175.667,,289.267
2871,5.60845,,175.833,,289.233
2872,5.6108,,176,,289.2
2873,5.61311,,175.833,,289.233
2874,5.61541,,175.667,,289.267
2875,5.61772,,175.5,,289.3
2876,5.62003,,175.333,,289.333
2877,5.62233,,175.167,,289.367
2878,5.62464,,175,,289.4
2879,5.62684,,175,,289.4
2880,5.62904,,175,,289.4
2881,5.63124,,175,,289.4
2882,5.63343,,175,,289.4
2883,5.63563,,175,,289.4
2884,5.63783,,175,,289.4
2885,5.64005,,175,,289.433
2886,5.64227,,175,,289.467
2887,5.64449,,175,,289.5
2888,5.6467,,175,,289.533
2889,5.64892,,175,,289.567
2890,5.65114,,175,,289.6
2891,5.65348,,174.833,,289.533
2892,5.65582,,174.667,,289.467
2893,5.65816,,174.5,,289.4
2894,5.66051,,174.333,,289.333
2895,5.66285,,174.167,,289.267
2896,5.66519,,174,,289.2
2897,5.66706,,174.167,,289.2
2898,5.66892,,174.333,,289.2
2899,5.67079,,174.5,,289.2
2900,5.67266,,174.667,,289.2
2901,5.67452,,174.833,,289.2
2902,5.67639,,175,,289.2
2903,5.67857,,174.667,,289.167
2904,5.68074,,174.333,,289.133
2905,5.68292,,174,,289.1
2906,5.6851,,173.667,,289.067
2907,5.68727,,173.333,,289.033
2908,5.68945,,173,,289
2909,5.69203,,173,,288.9
2910,5.69461,,173,,288.8
2911,5.69719,,173,,288.7
2912,5.69976,,173,,288.6
2913,5.70234,,173,,288.5
2914,5.70492,,173,,288.4
2915,5.70771,,173,,288.333
2916,5.7105,,173,,288.267
2917,5.71328,,173,,288.2
2918,5.71607,,173,,288.133
2919,5.71886,,173,,288.067
2920,5.72165,,173,,288
2921,5.72416,,172.833,,288
2922,5.72668,,172.667,,288
2923,5.72919,,172.5,,288
2924,5.7317,,172.333,,288
2925,5.73422,,172.167,,288
2926,5.73673,,172,,288
2927,5.73928,,172.333,,287.967
2928,5.74184,,172.667,,287.933
2929,5.74439,,173,,287.9
2930,5.74694,,173.333,,287.867
2931,5.7495,,173.667,,287.833
2932,5.75205,,174,,287.8
2933,5.75461,,174.5,,287.6
2934,5.75717,,175,,287.4
2935,5.75975,,174,,287.333
2936,5.76233,,173,,287.267
2937,5.76491,,172,,287.2
2938,5.76729,,172,,287.1
2939,5.76966,,172,,287
2940,5.77204,,172,,286.9
2941,5.77441,,172,,286.8
2942,5.77679,,172,,286.7
2943,5.77916,,172,,286.6
2944,5.78153,,172,,286.633
2945,5.7839,,172,,286.667
2946,5.78627,,172,,286.7
2947,5.78864,,172,,286.733
2948,5.79101,,172,,286.767
2949,5.79338,,172,,286.8
2950,5.79596,,172,,286.6
2951,5.79855,,172,,286.4
2952,5.80113,,172,,286.2
2953,5.80377,,172,,286.067
2954,5.80641,,172,,285.933
2955,5.80905,,172,,285.8
2956,5.81169,,172,,285.667
2957,5.81433,,172,,285.533
2958,5.81697,,172,,285.4
2959,5.81958,,171.667,,285.333
2960,5.82218,,171.333,,285.267
2961,5.82479,,171,,285.2
2962,5.82724,,171,,285.133
2963,5.82969,,171,,285.067
2964,5.83214,,171,,285
2965,5.83459,,171,,284.933
2966,5.83704,,171,,284.867
2967,5.83949,,171,,284.8
2968,5.84195,,171.167,,284.8
2969,5.84441,,171.333,,284.8
2970,5.84688,,171.5,,284.8
2971,5.84934,,171.667,,284.8
2972,5.8518,,171.833,,284.8
2973,5.85426,,172,,284.8
2974,5.85681,,172.167,,284.767
2975,5.85936,,172.333,,284.733
2976,5.86191,,172.5,,284.7
2977,5.86447,,172.667,,284.667
2978,5.86702,,172.833,,284.633
2979,5.86957,,173,,284.6
2980,5.87197,,173.5,,284.567
2981,5.87437,,174,,284.533
2982,5.87677,,174.5,,284.5
2983,5.87917,,175,,284.467
2984,5.88157,,175.5,,284.433
2985,5.88397,,176,,284.4
2986,5.88629,,175.833,,284.433
2987,5.88861,,175.667,,284.467
2988,5.89093,,175.5,,284.5
2989,5.89325,,175.333,,284.533
2990,5.89557,,175.167,,284.567
2991,5.89789,,175,,284.6
2992,5.90016,,175.167,,284.567
2993,5.90242,,175.333,,284.533
2994,5.90469,,175.5,,284.5
2995,5.90695,,175.667,,284.467
2996,5.90921,,175.833,,284.433
2997,5.91148,,176,,284.4
2998,5.91364,,176.333,,284.433
2999,5.9158,,176.667,,284.467
3000,5.91797,,177,,284.5
3001,5.92013,,177.333,,284.533
3002,5.92229,,177.667,,284.567
3003,5.92445,,178,,284.6
3004,5.92672,,178,,284.633
3005,5.92899,,178,,284.667
3006,5.93126,,178,,284.7
3007,5.93352,,178,,284.733
3008,5.93579,,178,,284.767
3009,5.93806,,178,,284.8
3010,5.94041,,178.167,,284.8
3011,5.94276,,178.333,,284.8
3012,5.94511,,178.5,,284.8
3013,5.94747,,178.667,,284.8
3014,5.94982,,178.833,,284.8
3015,5.95217,,179,,284.8
3016,5.95429,,179,,284.767
3017,5.95641,,179,,284.733
3018,5.95853,,179,,284.7
3019,5.96065,,179,,284.667
3020,5.96277,,179,,284.633
3021,5.96489,,179,,284.6
3022,5.96712,,178.833,,284.6
3023,5.96936,,178.667,,284.6
3024,5.97159,,178.5,,284.6
3025,5.97382,,178.333,,284.6
3026,5.97606,,178.167,,284.6
3027,5.97829,,178,,284.6
3028,5.98042,,178.167,,284.633
3029,5.98255,,178.333,,284.667
3030,5.98468,,178.5,,284.7
3031,5.98681,,178.667,,284.733
3032,5.98894,,178.833,,284.767
3033,5.99107,,179,,284.8
3034,5.99355,,179,,284.75
3035,5.99603,,179,,284.7
3036,5.99851,,179,,284.65
3037,6.00099,,179,,284.6
3038,6.0033,,179,,284.6
3039,6.00561,,179,,284.6
3040,6.00792,,179,,284.6
3041,6.01023,,179,,284.6
3042,6.01254,,179,,284.6
3043,6.01485,,179,,284.6
3044,6.01714,,179,,284.633
3045,6.01942,,179,,284.667
3046,6.02171,,179,,284.7
3047,6.024,,179,,284.733
3048,6.02628,,179,,284.767
3049,6.02857,,179,,284.8
3050,6.03092,,179.333,,284.767
3051,6.03328,,179.667,,284.733
3052,6.03563,,180,,284.7
3053,6.03798,,180.333,,284.667
3054,6.04034,,180.667,,284.633
3055,6.04269,,181,,284.6
3056,6.04504,,180.833,,284.633
3057,6.04739,,180.667,,284.667
3058,6.04974,,180.5,,284.7
3059,6.05208,,180.333,,284.733
3060,6.05443,,180.167,,284.767
3061,6.05678,,180,,284.8
3062,6.05902,,179.833,,284.8
3063,6.06126,,179.667,,284.8
3064,6.06351,,179.5,,284.8
3065,6.06575,,179.333,,284.8
3066,6.06799,,179.167,,284.8
3067,6.07023,,179,,284.8
3068,6.07259,,179,,284.8
3069,6.07496,,179,,284.8
3070,6.07732,,179,,284.8
3071,6.07969,,179,,284.8
3072,6.08205,,179,,284.8
3073,6.08442,,179,,284.8
3074,6.08697,,179,,284.767
3075,6.08951,,179,,284.733
3076,6.09206,,179,,284.7
3077,6.09461,,179,,284.667
3078,6.09715,,179,,284.633
3079,6.0997,,179,,284.6
3080,6.10199,,178.833,,284.6
3081,6.10429,,178.667,,284.6
3082,6.10658,,178.5,,284.6
3083,6.10887,,178.333,,284.6
3084,6.11117,,178.167,,284.6
3085,6.11346,,178,,284.6
3086,6.11576,,178.167,,284.533
3087,6.11806,,178.333,,284.467
3088,6.12035,,178.5,,284.4
3089,6.12265,,178.667,,284.333
3090,6.12495,,178.833,,284.267
3091,6.12725,,179,,284.2
3092,6.12955,,179.5,,284.2
3093,6.13185,,180,,284.2
3094,6.13414,,180.5,,284.2
3095,6.13644,,181,,284.2
3096,6.13874,,181.5,,284.2
3097,6.14104,,182,,284.2
3098,6.14338,,181.667,,284.167
3099,6.14572,,181.333,,284.133
3100,6.14805,,181,,284.1
3101,6.15039,,180.667,,284.067
3102,6.15273,,180.333,,284.033
3103,6.15507,,180,,284
3104,6.15743,,180.167,,283.967
3105,6.15978,,180.333,,283.933
3106,6.16214,,180.5,,283.9
3107,6.1645,,180.667,,283.867
3108,6.16685,,180.833,,283.833
3109,6.16921,,181,,283.8
3110,6.17164,,180.833,,283.767
3111,6.17407,,180.667,,283.733
3112,6.1765,,180.5,,283.7
3113,6.17893,,180.333,,283.667
3114,6.18136,,180.167,,283.633
3115,6.18379,,180,,283.6
3116,6.18617,,180,,283.633
3117,6.18855,,180,,283.667
3118,6.19093,,180,,283.7
3119,6.19331,,180,,283.733
3120,6.19569,,180,,283.767
3121,6.19807,,180,,283.8
3122,6.20045,,179.833,,283.767
3123,6.20284,,179.667,,283.733
3124,6.20522,,179.5,,283.7
3125,6.20761,,179.333,,283.667
3126,6.20999,,179.167,,283.633
3127,6.21238,,179,,283.6
3128,6.21468,,179.167,,283.567
3129,6.21697,,179.333,,283.533
3130,6.21927,,179.5,,283.5
3131,6.22157,,179.667,,283.467
3132,6.22386,,179.833,,283.433
3133,6.22616,,180,,283.4
3134,6.22825,,180,,283.433
3135,6.23034,,180,,283.467
3136,6.23244,,180,,283.5
3137,6.23453,,180,,283.533
3138,6.23662,,180,,283.567
3139,6.23871,,180,,283.6
3140,6.24106,,179.833,,283.6
3141,6.2434,,179.667,,283.6
3142,6.24575,,179.5,,283.6
3143,6.2481,,179.333,,283.6
3144,6.25044,,179.167,,283.6
3145,6.25279,,179,,283.6
3146,6.25522,,179,,283.567
3147,6.25766,,179,,283.533
3148,6.26009,,179,,283.5
3149,6.26253,,179,,283.467
3150,6.26496,,179,,283.433
3151,6.2674,,179,,283.4
3152,6.26989,,179.167,,283.367
3153,6.27238,,179.333,,283.333
3154,6.27486,,179.5,,283.3
3155,6.27735,,179.667,,283.267
3156,6.27984,,179.833,,283.233
3157,6.28233,,180,,283.2
3158,6.2848,,180,,283.167
3159,6.28728,,180,,283.133
3160,6.28975,,180,,283.1
3161,6.29222,,180,,283.067
3162,6.2947,,180,,283.033
3163,6.29717,,180,,283
3164,6.29958,,180.333,,283.033
3165,6.30199,,180.667,,283.067
3166,6.30439,,181,,283.1
3167,6.3068,,181.333,,283.133
3168,6.30921,,181.667,,283.167
3169,6.31162,,182,,283.2
3170,6.31408,,181.833,,283.2
3171,6.31653,,181.667,,283.2
3172,6.31899,,181.5,,283.2
3173,6.32144,,181.333,,283.2
3174,6.3239,,181.167,,283.2
3175,6.32635,,181,,283.2
3176,6.3286,,181,,283.267
3177,6.33085,,181,,283.333
3178,6.33309,,181,,283.4
3179,6.33534,,181,,283.467
3180,6.33759,,181,,283.533
3181,6.33984,,181,,283.6
3182,6.34234,,181,,283.6
3183,6.34484,,181,,283.6
3184,6.34734,,181,,283.6
3185,6.34984,,181,,283.6
3186,6.35234,,181,,283.6
3187,6.35484,,181,,283.6
3188,6.35732,,181,,283.633
3189,6.35979,,181,,283.667
3190,6.36227,,181,,283.7
3191,6.36475,,181,,283.733
3192,6.36722,,181,,283.767
3193,6.3697,,181,,283.8
3194,6.37057,,180.667,,283.767
3195,6.37145,,180.333,,283.733
3196,6.37232,,180,,283.7
3197,6.37319,,179.667,,283.667
3198,6.37407,,179.333,,283.633
3199,6.37494,,179,,283.6
3200,6.37494,,178,,283.4
3238,6.37494,,157,,282.8
3239,6.37641,,158,,282.8
3240,6.37825,,157.667,,282.8
3241,6.38008,,157.333,,282.8
3242,6.38191,,157,,282.8
3243,6.38375,,156.667,,282.8
3244,6.38558,,156.333,,282.8
3245,6.38742,,156,,282.8
3246,6.38908,,156.5,,282.8
3247,6.39073,,157,,282.8
3248,6.39239,,157.5,,282.8
3249,6.39405,,158,,282.8
3250,6.3957,,158.5,,282.8
3251,6.39736,,159,,282.8
3252,6.39923,,159.167,,282.767
3253,6.4011,,159.333,,282.733
3254,6.40297,,159.5,,282.7
3255,6.40485,,159.667,,282.667
3256,6.40672,,159.833,,282.633
3257,6.40859,,160,,282.6
3258,6.41031,,159.833,,282.633
3259,6.41204,,159.667,,282.667
3260,6.41376,,159.5,,282.7
3261,6.41548,,159.333,,282.733
3262,6.41721,,159.167,,282.767
3263,6.41893,,159,,282.8
3264,6.42064,,158.667,,282.733
3265,6.42234,,158.333,,282.667
3266,6.42405,,158,,282.6
3267,6.42576,,157.667,,282.533
3268,6.42746,,157.333,,282.467
3269,6.42917,,157,,282.4
3270,6.43083,,157.2,,282.32
3271,6.43249,,157.4,,282.24
3272,6.43416,,157.6,,282.16
3273,6.43582,,157.8,,282.08
3274,6.43748,,158,,282
3275,6.43909,,158.6,,282
3276,6.4407,,159.2,,282
3277,6.44231,,159.8,,282
3278,6.44392,,160.4,,282
3279,6.44553,,161,,282
3280,6.44728,,160.833,,281.967
3281,6.44903,,160.667,,281.933
3282,6.45079,,160.5,,281.9
3283,6.45254,,160.333,,281.867
3284,6.45429,,160.167,,281.833
3285,6.45604,,160,,281.8
3286,6.4578,,160.167,,281.8
3287,6.45956,,160.333,,281.8
3288,6.46132,,160.5,,281.8
3289,6.46309,,160.667,,281.8
3290,6.46485,,160.833,,281.8
3291,6.46661,,161,,281.8
3292,6.46831,,161,,281.767
3293,6.47002,,161,,281.733
3294,6.47172,,161,,281.7
3295,6.47342,,161,,281.667
3296,6.47513,,161,,281.633
3297,6.47683,,161,,281.6
3298,6.47872,,161.167,,281.567
3299,6.48061,,161.333,,281.533
3300,6.4825,,161.5,,281.5
3301,6.48438,,161.667,,281.467
3302,6.48627,,161.833,,281.433
3303,6.48816,,162,,281.4
3304,6.49024,,161.833,,281.433
3305,6.49232,,161.667,,281.467
3306,6.4944,,161.5,,281.5
3307,6.49649,,161.333,,281.533
3308,6.49857,,161.167,,281.567
3309,6.50065,,161,,281.6
3310,6.50256,,161,,281.567
3311,6.50447,,161,,281.533
3312,6.50637,,161,,281.5
3313,6.50828,,161,,281.467
3314,6.51019,,161,,281.433
3315,6.5121,,161,,281.4
3316,6.51398,,161,,281.367
3317,6.51587,,161,,281.333
3318,6.51775,,161,,281.3
3319,6.51963,,161,,281.267
3320,6.52152,,161,,281.233
3321,6.5234,,161,,281.2
3322,6.52515,,161.167,,281.2
3323,6.52691,,161.333,,281.2
3324,6.52866,,161.5,,281.2
3325,6.53042,,161.667,,281.2
3326,6.53218,,161.833,,281.2
3327,6.53393,,162,,281.2
3328,6.53577,,162,,281.1
3329,6.5376,,162,,281
3330,6.53934,,161.833,,281
3331,6.54108,,161.667,,281
3332,6.54282,,161.5,,281
3333,6.54456,,161.333,,281
3334,6.5463,,161.167,,281
3335,6.54804,,161,,281
3336,6.54976,,161,,281.033
3337,6.55148,,161,,281.067
3338,6.5532,,161,,281.1
3339,6.55492,,161,,281.133
3340,6.55664,,161,,281.167
3341,6.55836,,161,,281.2
3342,6.56006,,160.833,,281.167
3343,6.56176,,160.667,,281.133
3344,6.56345,,160.5,,281.1
3345,6.56515,,160.333,,281.067
3346,6.56685,,160.167,,281.033
3347,6.56855,,160,,281
3348,6.57024,,160,,281
3349,6.57193,,160,,281
3350,6.57362,,160,,281
3351,6.57531,,160,,281
3352,6.577,,160,,281
3353,6.57869,,160,,281
3354,6.58045,,160.5,,281
3355,6.5822,,161,,281
3356,6.58396,,161.5,,281
3357,6.58572,,162,,281
3358,6.58747,,162.5,,281
3359,6.58923,,163,,281
3360,6.59107,,162.833,,280.967
3361,6.5929,,162.667,,280.933
3362,6.59474,,162.5,,280.9
3363,6.59658,,162.333,,280.867
3364,6.59841,,162.167,,280.833
3365,6.60025,,162,,280.8
3366,6.60217,,161.667,,280.8
3367,6.60409,,161.333,,280.8
3368,6.60601,,161,,280.8
3369,6.60793,,160.667,,280.8
3370,6.60985,,160.333,,280.8
3371,6.61177,,160,,280.8
3372,6.61365,,160.167,,280.8
3373,6.61553,,160.333,,280.8
3374,6.61741,,160.5,,280.8
3375,6.61929,,160.667,,280.8
3376,6.62117,,160.833,,280.8
3377,6.62305,,161,,280.8
3378,6.62485,,161,,280.8
3379,6.62666,,161,,280.8
3380,6.62846,,161,,280.8
3381,6.63026,,161,,280.8
3382,6.63207,,161,,280.8
3383,6.63387,,161,,280.8
3384,6.63563,,161,,280.8
3385,6.63739,,161,,280.8
3386,6.63916,,161,,280.8
3387,6.64092,,161,,280.8
3388,6.64262,,161.167,,280.8
3389,6.64433,,161.333,,280.8
3390,6.64603,,161.5,,280.8
3391,6.64773,,161.667,,280.8
3392,6.64944,,161.833,,280.8
3393,6.65114,,162,,280.8
3394,6.65309,,162,,280.733
3395,6.65503,,162,,280.667
3396,6.65698,,162,,280.6
3397,6.65893,,162,,280.533
3398,6.66087,,162,,280.467
3399,6.66282,,162,,280.4
3400,6.66468,,162,,280.4
3401,6.66654,,162,,280.4
3402,6.6684,,162,,280.4
3403,6.67026,,162,,280.4
3404,6.67212,,162,,280.4
3405,6.67398,,162,,280.4
3406,6.67601,,162.167,,280.333
3407,6.67804,,162.333,,280.267
3408,6.68007,,162.5,,280.2
3409,6.68211,,162.667,,280.133
3410,6.68414,,162.833,,280.067
3411,6.68617,,163,,280
3412,6.68803,,163,,280
3413,6.68993,,163.5,,279.9
3414,6.69183,,164,,279.8
3415,6.69373,,164.5,,279.7
3416,6.69562,,165,,279.6
3417,6.69752,,165.5,,279.5
3418,6.69942,,166,,279.4
3419,6.70141,,165.833,,279.3
3420,6.7034,,165.667,,279.2
3421,6.70539,,165.5,,279.1
3422,6.70739,,165.333,,279
3423,6.70938,,165.167,,278.9
3424,6.71137,,165,,278.8
3425,6.71345,,165.333,,278.767
3426,6.71553,,165.667,,278.733
3427,6.7176,,166,,278.7
3428,6.71968,,166.333,,278.667
3429,6.72176,,166.667,,278.633
3430,6.72384,,167,,278.6
3431,6.72587,,166.667,,278.533
3432,6.72791,,166.333,,278.467
3433,6.72994,,166,,278.4
3434,6.73197,,165.667,,278.333
3435,6.73401,,165.333,,278.267
3436,6.73604,,165,,278.2
3437,6.73813,,165.167,,278.133
3438,6.74022,,165.333,,278.067
3439,6.74231,,165.5,,278
3440,6.7444,,165.667,,277.933
3441,6.74649,,165.833,,277.867
3442,6.74858,,166,,277.8
3443,6.7508,,166,,277.6
3444,6.75281,,165.667,,277.533
3445,6.75483,,165.333,,277.467
3446,6.75684,,165,,277.4
3447,6.75886,,164.667,,277.333
3448,6.76088,,164.333,,277.267
3449,6.76289,,164,,277.2
3450,6.76477,,164,,277.267
3451,6.76664,,164,,277.333
3452,6.76852,,164,,277.4
3453,6.7704,,164,,277.467
3454,6.77227,,164,,277.533
3455,6.77415,,164,,277.6
3456,6.77611,,164.167,,277.6
3457,6.77807,,164.333,,277.6
3458,6.78003,,164.5,,277.6
3459,6.782,,164.667,,277.6
3460,6.78396,,164.833,,277.6
3461,6.78592,,165,,277.6
3462,6.78798,,165.167,,277.567
3463,6.79004,,165.333,,277.533
3464,6.7921,,165.5,,277.5
3465,6.79416,,165.667,,277.467
3466,6.79622,,165.833,,277.433
3467,6.79828,,166,,277.4
3468,6.80018,,165.833,,277.433
3469,6.80208,,165.667,,277.467
3470,6.80399,,165.5,,277.5
3471,6.80589,,165.333,,277.533
3472,6.80779,,165.167,,277.567
3473,6.80969,,165,,277.6
3474,6.8116,,165.333,,277.6
3475,6.81351,,165.667,,277.6
3476,6.81542,,166,,277.6
3477,6.81733,,166.333,,277.6
3478,6.81924,,166.667,,277.6
3479,6.82115,,167,,277.6
3480,6.82277,,166.833,,277.5
3481,6.82439,,166.667,,277.4
3482,6.82601,,166.5,,277.3
3483,6.82763,,166.333,,277.2
3484,6.82925,,166.167,,277.1
3485,6.83087,,166,,277
3486,6.83229,,167.5,,276.9
3487,6.83371,,169,,276.8
3488,6.83517,,168.5,,276.7
3489,6.83663,,168,,276.6
3490,6.83828,,168,,276.6
3491,6.83993,,168,,276.6
3492,6.84158,,168,,276.6
3493,6.84324,,168,,276.6
3494,6.84489,,168,,276.6
3495,6.84654,,168,,276.6
3496,6.84775,,167.833,,276.633
3497,6.84896,,167.667,,276.667
3498,6.85018,,167.5,,276.7
3499,6.85139,,167.333,,276.733
3500,6.8526,,167.167,,276.767
3501,6.85381,,167,,276.8
3502,6.85577,,167.167,,276.8
3503,6.85773,,167.333,,276.8
3504,6.85969,,167.5,,276.8
3505,6.86164,,167.667,,276.8
3506,6.8636,,167.833,,276.8
3507,6.86556,,168,,276.8
3508,6.86871,,167.667,,276.833
3509,6.87185,,167.333,,276.867
3510,6.875,,167,,276.9
3511,6.87814,,166.667,,276.933
3512,6.88129,,166.333,,276.967
3513,6.88443,,166,,277
3514,6.88684,,166,,277
3515,6.88924,,166,,277
3516,6.89148,,166.167,,277
3517,6.89371,,166.333,,277
3518,6.89595,,166.5,,277
3519,6.89819,,166.667,,277
3520,6.90042,,166.833,,277
3521,6.90266,,167,,277
3522,6.90487,,167,,276.9
3523,6.90708,,167,,276.8
3524,6.9093,,167,,276.7
3525,6.91151,,167,,276.6
3526,6.91372,,167,,276.5
3527,6.91593,,167,,276.4
3528,6.91794,,167.333,,276.333
3529,6.91995,,167.667,,276.267
3530,6.92196,,168,,276.2
3531,6.92396,,168.333,,276.133
3532,6.92597,,168.667,,276.067
3533,6.92798,,169,,276
3534,6.92939,,168,,275.867
3535,6.93079,,167,,275.733
3536,6.9322,,166,,275.6
3537,6.93314,,166,,275.533
3538,6.93408,,166,,275.467
3539,6.93502,,166,,275.4
3540,6.93618,,165.75,,275.45
3541,6.93734,,165.5,,275.5
3542,6.9385,,165.25,,275.55
3543,6.93966,,165,,275.6
3544,6.94109,,164.5,,275.7
3545,6.94251,,164,,275.8
3546,6.94404,,163.667,,275.867
3547,6.94556,,163.333,,275.933
3548,6.94709,,163,,276
3549,6.94862,,162.667,,276.067
3550,6.95014,,162.333,,276.133
3551,6.95167,,162,,276.2
3552,6.95301,,162,,276.2
3553,6.95436,,162,,276.2
3554,6.95596,,161,,276.3
3555,6.95756,,160,,276.4
3556,6.95918,,160.167,,276.4
3557,6.96079,,160.333,,276.4
3558,6.96241,,160.5,,276.4
3559,6.96403,,160.667,,276.4
3560,6.96564,,160.833,,276.4
3561,6.96726,,161,,276.4
3562,6.96872,,161,,276.8
3563,6.97004,,160.667,,276.767
3564,6.97136,,160.333,,276.733
3565,6.97268,,160,,276.7
3566,6.974,,159.667,,276.667
3567,6.97532,,159.333,,276.633
3568,6.97664,,159,,276.6
3569,6.97873,,159,,276.533
3570,6.98081,,159,,276.467
3571,6.9829,,159,,276.4
3572,6.98477,,158.833,,276.367
3573,6.98664,,158.667,,276.333
3574,6.9885,,158.5,,276.3
3575,6.99037,,158.333,,276.267
3576,6.99224,,158.167,,276.233
3577,6.99411,,158,,276.2
3578,6.99546,,157,,276.2
3579,6.99681,,156,,276.2
